N=4 how=heur-ord1-seed1 perm=1,4,2,3
N=5 how=heur-ord1-seed1 perm=1,5,2,4,3
N=6 how=heur-ord1-seed1 perm=1,6,2,4,3,5
N=7 how=heur-ord1-seed1 perm=1,7,2,4,3,6,5
N=8 how=heur-ord1-seed1 perm=1,7,2,4,3,8,6,5
N=9 how=heur-ord1-seed1 perm=1,9,2,4,3,7,8,6,5
N=10 how=heur-ord1-seed1 perm=1,10,2,4,3,8,9,7,5,6
N=11 how=heur-ord1-seed1 perm=1,10,2,4,3,9,11,7,5,8,6
N=12 how=heur-ord1-seed1 perm=1,11,2,4,3,10,12,7,5,8,6,9
N=13 how=heur-ord1-seed1 perm=1,13,2,4,3,11,10,7,5,8,6,12,9
N=14 how=heur-ord1-seed1 perm=1,14,2,4,3,11,10,7,5,8,6,13,12,9
N=15 how=heur-ord1-seed1 perm=1,14,2,4,3,11,10,7,5,8,6,15,13,12,9
N=16 how=heur-ord1-seed1 perm=1,16,2,4,3,11,10,7,5,8,6,14,15,13,12,9
N=17 how=heur-ord1-seed1 perm=1,16,2,4,3,11,10,7,5,8,6,17,15,13,12,9,14
N=18 how=heur-ord1-seed1 perm=1,18,2,4,3,11,10,7,5,8,6,16,17,13,12,9,15,14
N=19 how=heur-ord1-seed1 perm=1,13,2,4,3,11,10,7,5,8,6,19,16,17,12,9,18,15,14
N=20 how=heur-ord1-seed1 perm=1,13,2,4,3,11,10,7,5,8,6,20,16,17,12,9,19,18,15,14
N=21 how=heur-ord1-seed1 perm=1,13,2,4,3,11,10,7,5,8,6,20,16,17,12,9,21,19,18,15,14
N=22 how=heur-ord1-seed1 perm=1,13,2,4,3,11,10,7,5,8,6,22,16,17,12,9,20,21,19,18,15,14
N=23 how=heur-ord1-seed1 perm=1,13,2,4,3,11,10,7,5,8,6,22,16,17,12,9,23,20,21,19,18,15,14
N=24 how=heur-ord1-seed1 perm=1,10,2,4,3,13,11,7,5,8,6,19,16,17,12,9,22,23,21,24,20,18,15,14
N=25 how=heur-ord1-seed1 perm=1,10,2,4,3,13,11,7,5,8,6,19,16,17,12,9,25,22,23,21,24,20,18,15,14
N=26 how=heur-ord1-seed1 perm=1,10,2,4,3,13,11,7,5,8,6,19,16,17,12,9,25,22,26,23,21,24,20,18,15,14
N=27 how=heur-ord1-seed1 perm=1,13,2,4,3,10,8,7,5,22,6,24,16,17,12,9,25,21,15,11,27,26,23,19,20,14,18
N=28 how=heur-ord1-seed1 perm=1,13,2,4,3,10,8,7,5,22,6,24,16,17,12,9,25,21,15,11,28,27,26,19,20,14,23,18
N=29 how=heur-ord1-seed1 perm=1,10,2,4,3,13,8,7,5,9,6,28,22,25,21,19,23,16,15,11,17,12,29,27,20,14,26,24,18
N=30 how=heur-ord1-seed1 perm=1,10,2,4,3,13,8,7,5,9,6,28,22,25,21,19,23,16,15,11,17,12,30,29,20,14,27,26,24,18
N=31 how=exhaust-ord0 perm=1,2,5,4,3,13,11,12,8,10,6,7,9,28,29,20,31,22,23,16,26,27,19,14,30,21,15,25,24,17,18
N=32 how=pysat perm=1,7,2,4,3,9,8,18,5,6,23,20,19,16,12,32,14,10,13,11,28,31,24,29,30,22,21,15,26,25,17,27
N=35 how=pysat perm=1,4,2,5,3,17,13,10,11,7,6,14,12,8,9,31,32,29,28,34,33,23,30,22,20,21,16,15,35,25,24,26,18,27,19
N=36 how=pysat perm=1,7,2,4,3,16,9,8,5,21,6,24,19,20,12,18,14,10,13,11,34,30,36,25,32,31,22,15,33,23,17,27,28,35,29,26
