N=15 how=heur-ord1-seed1 perm=14,1,15,2,4,3,11,10,7,5,8,6,13,12,9
N=16 how=heur-ord1-seed1 perm=16,1,14,2,4,3,11,10,7,5,8,6,15,13,12,9
N=17 how=heur-ord1-seed1 perm=17,1,16,2,4,3,11,10,7,5,8,6,14,15,13,12,9
N=18 how=heur-ord1-seed1 perm=17,1,16,2,4,3,11,10,7,5,8,6,14,15,18,13,12,9
N=19 how=heur-ord1-seed1 perm=16,1,17,2,4,3,11,10,7,5,8,6,19,15,18,13,12,9,14
N=20 how=heur-ord1-seed1 perm=19,1,18,2,4,3,11,10,7,5,8,6,20,16,17,13,12,9,15,14
N=21 how=heur-ord1-seed1 perm=19,1,18,2,4,3,11,10,7,5,8,6,20,16,17,13,12,9,21,15,14
N=22 how=heur-ord1-seed1 perm=19,1,22,2,4,3,11,10,7,5,8,6,18,16,17,13,12,9,21,20,15,14
N=23 how=heur-ord1-seed1 perm=19,1,22,2,4,3,11,10,7,5,8,6,18,16,17,13,12,9,23,21,20,15,14
N=24 how=heur-ord1-seed1 perm=24,1,16,2,4,3,11,10,7,5,8,6,19,18,17,13,12,9,22,23,21,20,15,14
N=25 how=heur-ord1-seed1 perm=18,1,16,2,4,3,11,10,7,5,8,6,24,19,17,13,12,9,25,22,23,21,20,15,14
N=26 how=heur-ord1-seed1 perm=18,1,16,2,4,3,11,10,7,5,8,6,24,19,17,13,12,9,26,25,22,23,21,20,15,14
N=27 how=heur-ord1-seed1 perm=22,1,13,2,4,3,11,10,7,5,8,6,21,24,16,17,12,9,26,25,23,27,19,20,18,15,14
N=28 how=heur-ord1-seed1 perm=22,1,13,2,4,3,11,10,7,5,8,6,21,24,16,17,12,9,28,26,25,23,27,19,20,18,15,14
N=29 how=heur-ord1-seed1 perm=22,1,13,2,4,3,11,10,7,5,8,6,21,24,17,16,12,9,28,26,29,25,23,27,19,20,18,14,15
N=30 how=heur-ord1-seed1 perm=22,1,13,2,4,3,11,10,7,5,8,6,21,24,17,16,12,9,28,26,29,25,30,23,27,19,20,14,18,15
N=31 how=heur-ord1-seed1 perm=31,1,13,2,4,3,11,10,7,5,8,6,22,24,17,16,12,9,28,26,29,25,30,23,27,20,19,14,21,15,18
N=32 how=heur-ord1-seed1 perm=31,1,13,2,4,3,11,10,7,5,8,6,22,24,17,16,12,9,28,26,29,25,30,23,27,20,19,14,21,15,32,18
N=33 how=heur-ord1-seed1 perm=31,1,13,2,4,3,11,10,7,5,8,6,22,24,17,16,12,9,28,26,29,25,30,23,27,20,19,14,21,15,33,32,18
N=34 how=heur-ord1-seed1 perm=25,1,13,2,4,3,11,10,7,5,8,6,22,24,17,16,12,9,31,30,28,29,27,26,20,21,19,14,34,15,33,32,23,18
N=35 how=heur-ord1-seed1 perm=21,1,13,2,4,3,11,10,7,5,8,6,22,24,17,16,12,9,35,34,30,27,29,28,26,19,20,14,32,15,33,31,25,23,18
N=36 how=heur-ord1-seed1 perm=21,1,13,2,4,3,11,10,7,5,8,6,22,24,17,16,12,9,36,35,30,27,29,28,26,19,20,14,33,15,34,32,31,25,23,18
N=37 how=heur-ord1-seed1 perm=17,1,13,2,4,3,11,10,7,5,8,6,37,27,22,16,12,9,31,29,28,30,36,26,20,21,19,14,34,15,35,33,32,24,25,18,23
N=38 how=heur-ord1-seed1 perm=17,1,13,2,4,3,11,10,7,5,8,6,37,27,22,16,12,9,31,29,28,30,36,26,20,21,19,14,34,15,35,33,32,24,25,18,38,23
N=39 how=heur-ord1-seed1 perm=17,1,13,2,4,3,11,10,7,5,8,6,31,27,22,16,12,9,37,29,28,30,36,26,20,21,19,14,34,15,35,33,32,24,25,18,39,38,23
N=39 how=from-C-class perm=2,1,6,8,7,3,5,4,17,20,22,21,14,16,19,12,13,9,11,10,38,35,31,33,37,36,29,32,39,15,34,25,26,24,23,18,30,28,27
N=40 how=from-C-class perm=2,1,6,8,7,3,5,4,17,20,22,21,14,16,19,12,13,9,11,10,38,35,31,33,37,36,40,29,32,15,34,25,26,24,23,18,39,30,28,27
N=41 how=from-C-class perm=2,1,6,8,7,3,5,4,17,20,22,21,14,16,19,12,13,9,11,10,38,35,41,31,33,37,36,29,32,15,34,25,26,24,23,18,40,39,30,28,27
N=43 how=from-C-class perm=2,1,6,8,3,7,5,4,17,20,22,19,14,13,15,16,11,9,12,10,41,43,35,31,33,32,37,36,34,38,26,25,23,24,18,42,30,40,39,28,29,21,27
N=46 how=from-C-class perm=1,3,6,2,8,7,5,4,18,16,22,20,19,17,12,13,15,9,11,10,14,43,34,36,39,41,40,46,38,28,44,45,31,32,42,29,30,35,33,37,21,25,23,26,27,24
N=49 how=from-C-class perm=1,3,6,2,8,7,4,16,5,18,22,20,19,17,12,13,15,9,11,10,40,36,43,48,49,34,35,14,46,38,37,42,25,44,41,30,39,45,31,28,29,21,47,33,32,23,27,24,26
N=50 how=pysat perm=9,1,7,2,4,3,8,6,5,33,18,23,22,24,16,20,19,12,14,10,11,15,17,42,13,39,46,44,50,36,40,37,45,43,38,41,29,31,27,28,30,21,47,49,48,35,34,26,32,25
N=50 how=cpsat perm=10,1,8,2,4,3,19,9,7,5,6,25,21,20,24,22,23,16,13,15,14,11,17,12,37,45,43,39,42,46,40,50,31,41,18,48,44,47,32,49,36,38,28,30,34,35,29,27,33,26
N=53 how=pysat perm=5,1,4,2,19,3,20,17,11,9,10,6,8,7,45,31,25,22,26,23,16,21,18,12,14,13,49,50,15,53,38,41,47,52,43,44,48,46,32,51,34,35,40,33,39,42,30,24,28,29,37,36,27
N=56 how=pysat perm=13,1,2,5,4,3,10,23,11,12,8,6,7,25,31,26,32,9,22,24,29,28,30,27,20,16,19,14,21,15,47,46,44,17,18,55,48,54,56,51,52,38,40,53,39,43,45,50,49,34,37,41,33,35,42,36
