N=4 how=heur-ord1-seed1 perm=4,3,1,2
N=5 how=heur-ord1-seed1 perm=4,5,1,3,2
N=6 how=heur-ord1-seed1 perm=6,4,1,5,3,2
N=7 how=heur-ord1-seed1 perm=7,5,1,6,4,2,3
N=8 how=heur-ord1-seed1 perm=8,7,1,5,6,2,4,3
N=9 how=heur-ord1-seed1 perm=8,7,1,9,5,2,6,4,3
N=10 how=heur-ord1-seed1 perm=9,7,1,8,10,2,6,4,3,5
N=11 how=heur-ord1-seed1 perm=10,9,1,11,7,2,8,4,3,6,5
N=12 how=heur-ord1-seed1 perm=10,12,1,9,11,2,7,4,3,8,6,5
N=13 how=heur-ord1-seed1 perm=13,10,1,12,9,2,11,4,3,7,8,6,5
N=14 how=heur-ord1-seed1 perm=13,10,1,12,9,2,11,4,3,14,7,8,6,5
N=15 how=heur-ord1-seed1 perm=13,10,1,12,15,2,9,4,3,11,14,7,8,6,5
N=16 how=heur-ord1-seed1 perm=13,16,1,14,10,2,12,4,3,15,8,9,11,7,5,6
N=17 how=heur-ord1-seed1 perm=13,16,1,14,17,2,10,4,3,12,15,9,11,7,5,8,6
N=18 how=heur-ord1-seed1 perm=13,16,1,14,18,2,17,4,3,10,12,15,11,7,5,9,8,6
N=19 how=heur-ord1-seed1 perm=14,17,1,13,16,2,15,4,3,19,18,11,10,7,5,12,8,6,9
N=20 how=heur-ord1-seed1 perm=19,14,1,17,13,2,16,4,3,15,20,18,10,7,5,11,8,6,12,9
N=21 how=heur-ord1-seed1 perm=19,16,1,14,15,2,20,4,3,18,17,21,10,7,5,11,8,6,13,12,9
N=22 how=heur-ord1-seed1 perm=19,22,1,16,14,2,15,4,3,20,18,17,10,7,5,11,8,6,21,13,12,9
N=23 how=heur-ord1-seed1 perm=19,23,1,22,16,2,14,4,3,15,20,18,10,7,5,11,8,6,17,21,13,12,9
N=24 how=heur-ord1-seed1 perm=19,23,1,22,24,2,16,4,3,14,15,20,10,7,5,11,8,6,18,17,21,13,12,9
N=25 how=heur-ord1-seed1 perm=25,19,1,23,22,2,24,4,3,16,14,15,10,7,5,11,8,6,20,18,17,21,13,12,9
N=26 how=heur-ord1-seed1 perm=25,26,1,19,22,2,24,4,3,23,14,15,10,7,5,11,8,6,17,21,18,16,20,13,12,9
N=27 how=heur-ord1-seed1 perm=25,26,1,19,22,2,24,4,3,27,14,15,10,7,5,11,8,6,23,17,21,18,16,20,13,12,9
N=28 how=heur-ord1-seed1 perm=26,23,1,28,25,2,17,4,3,21,27,15,10,7,5,11,8,6,19,18,22,20,24,16,13,12,9,14
N=29 how=heur-ord1-seed1 perm=25,24,1,19,22,2,27,4,3,26,29,15,10,7,5,11,8,6,23,28,17,21,18,16,13,12,9,20,14
N=30 how=heur-ord1-seed1 perm=25,24,1,19,22,2,27,4,3,26,29,15,10,7,5,11,8,6,23,30,28,17,18,16,13,12,9,21,20,14
N=31 how=heur-ord1-seed1 perm=25,31,1,24,19,2,22,4,3,27,26,15,10,7,5,11,8,6,29,23,30,17,18,16,13,12,9,28,21,20,14
N=32 how=heur-ord1-seed1 perm=25,31,1,24,19,2,22,4,3,27,26,15,10,7,5,11,8,6,32,29,23,17,18,16,13,12,9,30,28,21,20,14
N=33 how=heur-ord1-seed1 perm=25,31,1,24,33,2,19,4,3,22,27,15,10,7,5,11,8,6,26,32,23,17,18,16,13,12,9,29,30,28,21,20,14
N=34 how=heur-ord1-seed1 perm=34,25,1,31,24,2,33,4,3,29,19,15,10,7,5,11,8,6,22,23,26,17,18,16,13,12,9,30,32,28,27,21,20,14
N=35 how=heur-ord1-seed1 perm=34,25,1,31,24,2,33,4,3,29,19,15,10,7,5,11,8,6,22,23,26,17,18,16,13,12,9,30,32,28,35,27,21,20,14
N=36 how=heur-ord1-seed1 perm=34,25,1,31,24,2,33,4,3,36,19,15,10,7,5,11,8,6,22,26,23,17,18,16,13,12,9,30,32,28,35,29,27,21,20,14
N=37 how=heur-ord1-seed1 perm=34,37,1,25,31,2,36,4,3,24,19,15,10,7,5,11,8,6,22,26,23,17,18,16,13,12,9,30,33,32,28,35,29,27,21,20,14
N=38 how=heur-ord1-seed1 perm=36,38,1,34,37,2,25,4,3,24,19,15,10,7,5,11,8,6,22,26,23,17,18,16,13,12,9,31,30,33,32,28,35,29,27,21,20,14
N=39 how=heur-ord1-seed1 perm=37,36,1,38,34,2,25,4,3,24,19,15,10,7,5,11,8,6,22,26,23,17,18,16,13,12,9,30,32,33,39,28,29,31,35,27,21,20,14
N=40 how=heur-ord1-seed1 perm=40,34,1,37,38,2,25,4,3,24,19,15,10,7,5,11,8,6,22,26,23,17,18,16,13,12,9,33,39,36,29,31,30,28,35,32,27,21,20,14
N=41 how=heur-ord1-seed1 perm=40,34,1,37,38,2,25,4,3,24,19,15,10,7,5,11,8,6,22,26,23,17,18,16,13,12,9,41,33,39,36,29,31,30,28,35,32,27,21,20,14
N=42 how=heur-ord1-seed1 perm=37,38,1,42,40,2,25,4,3,24,19,15,10,7,5,11,8,6,22,26,23,17,18,16,13,12,9,33,39,32,36,34,41,29,30,28,31,35,27,21,20,14
N=43 how=heur-ord1-seed1 perm=38,43,1,37,40,2,25,4,3,24,19,15,10,7,5,11,8,6,22,26,23,17,18,16,13,12,9,33,32,35,42,39,36,34,41,29,30,28,31,27,20,14,21
N=44 how=heur-ord1-seed1 perm=38,40,1,43,37,2,25,4,3,24,19,15,10,7,5,11,8,6,22,26,23,17,18,16,13,12,9,32,35,39,36,44,42,31,34,41,29,30,28,27,20,14,33,21
N=45 how=heur-ord1-seed1 perm=40,36,1,34,37,2,25,4,3,24,19,15,10,7,5,11,8,6,22,26,23,17,18,16,13,12,9,44,43,45,41,35,42,39,38,31,29,30,28,27,20,14,33,32,21
N=46 how=heur-ord1-seed1 perm=40,46,1,34,37,2,25,4,3,24,19,15,10,7,5,11,8,6,22,26,23,17,18,16,13,12,9,45,43,39,42,38,36,44,41,31,29,30,28,27,20,14,35,33,32,21
N=47 how=heur-ord1-seed1 perm=40,46,1,34,37,2,25,4,3,24,19,15,10,7,5,11,8,6,22,26,23,17,18,16,13,12,9,45,43,39,42,38,36,44,41,31,29,30,28,27,20,14,47,35,33,32,21
N=48 how=heur-ord1-seed1 perm=40,46,1,34,37,2,25,4,3,24,19,15,10,7,5,11,8,6,22,26,23,17,18,16,13,12,9,45,43,39,42,38,36,44,41,31,29,30,28,27,20,14,48,47,35,33,32,21
N=49 how=heur-ord1-seed1 perm=40,36,1,34,37,2,25,4,3,24,19,15,10,7,5,11,8,6,22,26,23,17,18,16,13,12,9,46,45,43,44,42,39,38,41,31,29,30,28,27,20,14,49,48,47,35,33,32,21
N=50 how=heur-ord1-seed1 perm=40,36,1,34,37,2,25,4,3,24,19,15,10,7,5,11,8,6,22,26,23,17,18,16,13,12,9,46,45,43,44,42,39,38,41,31,29,30,28,27,20,14,49,50,48,47,35,33,32,21
N=51 how=heur-ord1-seed1 perm=40,36,1,34,37,2,25,4,3,24,19,15,10,7,5,11,8,6,22,26,23,17,18,16,13,12,9,46,45,43,44,42,39,38,41,31,29,30,28,27,20,14,51,49,50,48,47,35,33,32,21
N=52 how=heur-ord1-seed1 perm=40,36,1,34,37,2,25,4,3,24,19,15,10,7,5,11,8,6,22,26,23,17,18,16,13,12,9,46,45,43,44,42,39,38,41,31,29,30,28,27,20,14,52,51,49,50,48,47,35,33,32,21
N=53 how=heur-ord1-seed1 perm=36,38,1,34,37,2,25,4,3,24,19,15,10,7,5,11,8,6,22,26,23,17,18,16,13,12,9,44,46,43,45,41,42,40,39,31,29,30,28,27,20,14,52,51,53,49,50,48,47,35,33,32,21
N=54 how=heur-ord1-seed1 perm=36,38,1,34,37,2,25,4,3,24,19,15,10,7,5,11,8,6,22,26,23,17,18,16,13,12,9,44,46,43,45,41,42,40,39,31,29,30,28,27,20,14,52,54,51,53,49,50,48,47,35,33,32,21
N=55 how=pysat perm=9,11,1,21,15,2,13,4,3,22,10,12,7,36,5,8,6,38,48,42,45,44,41,33,51,39,54,43,27,26,29,35,24,17,40,34,30,16,23,28,20,14,47,53,50,46,37,32,18,25,31,19,52,49,55
N=60 how=pysat perm=8,31,1,19,3,2,25,9,6,7,4,5,41,55,49,45,21,35,33,27,23,29,24,26,14,30,16,15,11,10,13,17,20,12,57,56,59,47,51,44,52,40,48,58,54,32,53,60,42,36,38,34,22,18,37,46,50,43,39,28
N=65 how=pysat perm=31,19,1,25,2,7,4,9,3,8,17,5,43,46,34,40,37,6,35,23,20,27,28,30,18,13,14,16,11,10,61,56,53,42,22,12,15,58,57,51,52,65,44,63,64,47,54,49,59,55,50,36,39,29,32,38,26,48,33,62,60,24,21,41,45
