N=4 how=heur-ord1-seed1 perm=4,3,1,2
N=5 how=heur-ord1-seed1 perm=4,5,1,3,2
N=6 how=heur-ord1-seed1 perm=5,6,1,4,2,3
N=7 how=heur-ord1-seed1 perm=7,5,1,6,2,4,3
N=8 how=heur-ord1-seed1 perm=8,7,1,5,2,6,4,3
N=9 how=heur-ord1-seed1 perm=9,7,1,8,2,6,4,3,5
N=10 how=heur-ord1-seed1 perm=10,9,1,7,2,8,4,3,6,5
N=11 how=heur-ord1-seed1 perm=10,9,1,11,2,7,4,3,8,6,5
N=12 how=heur-ord1-seed1 perm=10,12,1,9,2,11,4,3,7,8,6,5
N=13 how=heur-ord1-seed1 perm=13,10,1,12,2,9,4,3,11,7,8,6,5
N=14 how=heur-ord1-seed1 perm=13,14,1,10,2,12,4,3,8,9,11,7,5,6
N=15 how=heur-ord1-seed1 perm=13,14,1,10,2,12,4,3,15,9,11,7,5,8,6
N=16 how=heur-ord1-seed1 perm=14,13,1,16,2,15,4,3,11,10,12,7,5,8,6,9
N=17 how=heur-ord1-seed1 perm=14,17,1,13,2,16,4,3,15,11,10,7,5,8,6,12,9
N=18 how=heur-ord1-seed1 perm=16,14,1,17,2,15,4,3,18,11,10,7,5,8,6,13,12,9
N=19 how=heur-ord1-seed1 perm=16,14,1,17,2,15,4,3,19,11,10,7,5,8,6,18,13,12,9
N=20 how=heur-ord1-seed1 perm=20,16,1,14,2,17,4,3,19,11,10,7,5,8,6,15,18,13,12,9
N=21 how=heur-ord1-seed1 perm=20,17,1,19,2,16,4,3,21,11,10,7,5,8,6,14,15,18,13,12,9
N=22 how=heur-ord1-seed1 perm=20,17,1,21,2,19,4,3,22,11,10,7,5,8,6,16,14,15,18,13,12,9
N=23 how=heur-ord1-seed1 perm=20,17,1,23,2,21,4,3,19,11,10,7,5,8,6,22,16,14,15,18,13,12,9
N=24 how=heur-ord1-seed1 perm=22,20,1,24,2,23,4,3,16,11,10,7,5,8,6,17,21,19,15,18,13,12,9,14
N=25 how=heur-ord1-seed1 perm=25,19,1,22,2,18,4,3,20,11,10,7,5,8,6,24,23,16,17,21,13,12,9,15,14
N=26 how=heur-ord1-seed1 perm=25,19,1,22,2,26,4,3,18,11,10,7,5,8,6,20,24,23,16,17,13,12,9,21,15,14
N=27 how=heur-ord1-seed1 perm=25,23,1,24,2,19,4,3,22,11,10,7,5,8,6,27,26,18,16,17,13,12,9,20,21,15,14
N=28 how=heur-ord1-seed1 perm=25,23,1,28,2,24,4,3,19,11,10,7,5,8,6,22,26,18,16,17,13,12,9,27,20,21,15,14
N=29 how=heur-ord1-seed1 perm=25,23,1,28,2,24,4,3,19,11,10,7,5,8,6,22,26,18,16,17,13,12,9,29,27,20,21,15,14
N=30 how=heur-ord1-seed1 perm=28,25,1,24,2,30,4,3,19,11,10,7,5,8,6,22,26,18,16,17,13,12,9,29,27,23,21,20,15,14
N=31 how=heur-ord1-seed1 perm=28,25,1,31,2,24,4,3,19,11,10,7,5,8,6,22,26,18,16,17,13,12,9,30,29,27,23,21,20,15,14
N=32 how=heur-ord1-seed1 perm=28,25,1,31,2,24,4,3,19,11,10,7,5,8,6,22,26,18,16,17,13,12,9,32,30,29,27,23,21,20,15,14
N=33 how=heur-ord1-seed1 perm=28,25,1,31,2,24,4,3,19,11,10,7,5,8,6,22,26,18,16,17,13,12,9,32,30,29,27,33,23,21,20,15,14
N=34 how=heur-ord1-seed1 perm=28,34,1,25,2,24,4,3,19,11,10,7,5,8,6,22,26,18,16,17,13,12,9,31,32,30,29,27,33,23,21,20,15,14
N=35 how=heur-ord1-seed1 perm=28,34,1,25,2,24,4,3,19,11,10,7,5,8,6,22,26,18,16,17,13,12,9,31,35,32,30,29,27,33,23,21,20,15,14
N=36 how=heur-ord1-seed1 perm=36,34,1,25,2,24,4,3,19,11,10,7,5,8,6,22,26,17,18,16,13,12,9,31,30,32,28,35,29,27,33,23,21,20,14,15
N=37 how=heur-ord1-seed1 perm=37,36,1,25,2,24,4,3,19,11,10,7,5,8,6,22,26,17,18,16,13,12,9,32,31,34,35,29,30,28,27,33,23,20,14,21,15
N=38 how=heur-ord1-seed1 perm=38,36,1,25,2,24,4,3,19,11,10,7,5,8,6,22,26,17,18,16,13,12,9,32,34,37,31,35,29,30,28,27,33,20,14,23,21,15
N=39 how=heur-ord1-seed1 perm=38,36,1,25,2,24,4,3,19,11,10,7,5,8,6,22,26,17,18,16,13,12,9,32,34,37,39,31,35,29,30,28,27,20,14,33,21,15,23
N=40 how=heur-ord1-seed1 perm=37,39,1,25,2,24,4,3,19,11,10,7,5,8,6,22,26,17,18,16,13,12,9,35,38,36,40,32,34,29,30,28,27,20,14,31,21,15,33,23
N=41 how=heur-ord1-seed1 perm=37,39,1,25,2,24,4,3,19,11,10,7,5,8,6,22,26,17,18,16,13,12,9,38,36,40,32,34,41,29,30,28,27,20,14,31,21,15,35,33,23
N=42 how=heur-ord1-seed1 perm=37,40,1,25,2,24,4,3,19,11,10,7,5,8,6,22,26,17,18,16,13,12,9,39,38,42,32,34,41,29,30,28,27,20,14,31,21,15,36,35,33,23
N=43 how=heur-ord1-seed1 perm=43,37,1,25,2,24,4,3,19,11,10,7,5,8,6,22,26,17,18,16,13,12,9,40,39,38,42,34,41,30,28,29,27,20,14,31,21,15,36,35,33,32,23
N=44 how=heur-ord1-seed1 perm=43,28,1,25,2,24,4,3,19,11,10,7,5,8,6,22,26,17,18,16,13,12,9,37,40,44,38,42,34,41,30,29,27,20,14,31,21,15,36,39,35,33,32,23
