N=4 how=heur-ord1-seed1 perm=1,4,2,3
N=5 how=heur-ord1-seed1 perm=1,5,2,4,3
N=6 how=heur-ord1-seed1 perm=1,6,2,4,3,5
N=7 how=heur-ord1-seed1 perm=1,7,2,4,3,6,5
N=8 how=heur-ord1-seed1 perm=1,7,2,4,3,8,6,5
N=9 how=heur-ord1-seed1 perm=1,8,2,4,3,9,7,5,6
N=10 how=heur-ord1-seed1 perm=1,10,2,4,3,9,7,5,8,6
N=11 how=heur-ord1-seed1 perm=1,11,2,4,3,10,7,5,8,6,9
N=12 how=heur-ord1-seed1 perm=1,11,2,4,3,10,7,5,8,6,12,9
N=13 how=heur-ord1-seed1 perm=1,11,2,4,3,10,7,5,8,6,13,12,9
N=14 how=heur-ord1-seed1 perm=1,11,2,4,3,10,7,5,8,6,14,13,12,9
N=15 how=heur-ord1-seed1 perm=1,11,2,4,3,10,7,5,8,6,14,15,13,12,9
N=16 how=heur-ord1-seed1 perm=1,11,2,4,3,10,7,5,8,6,16,15,13,12,9,14
N=17 how=heur-ord1-seed1 perm=1,11,2,4,3,10,7,5,8,6,16,17,13,12,9,15,14
N=18 how=heur-ord1-seed1 perm=1,10,2,4,3,8,7,5,18,6,16,17,13,12,9,15,14,11
N=19 how=heur-ord1-seed1 perm=1,8,2,4,3,10,7,5,19,6,17,13,14,12,9,18,16,15,11
N=20 how=heur-ord1-seed1 perm=1,8,2,4,3,10,7,5,19,6,17,13,14,12,9,20,16,15,11,18
N=21 how=heur-ord1-seed1 perm=1,7,2,4,3,11,9,5,8,6,20,17,19,18,21,14,10,16,15,13,12
N=22 how=heur-ord1-seed1 perm=1,7,2,4,3,11,9,5,8,6,20,17,19,18,22,14,10,21,16,15,12,13
N=23 how=heur-ord1-seed1 perm=1,7,2,4,3,11,9,5,8,6,23,20,19,22,21,14,10,17,18,16,12,13,15
N=24 how=heur-ord1-seed1 perm=1,7,2,4,3,11,9,5,8,6,23,19,21,20,24,14,10,22,18,16,12,13,17,15
N=25 how=heur-ord1-seed1 perm=1,7,2,4,3,11,9,5,8,6,25,23,19,21,20,14,10,22,18,16,12,13,24,17,15
N=26 how=heur-ord1-seed1 perm=1,7,2,4,3,11,9,5,8,6,25,23,26,19,20,14,10,22,18,16,12,13,24,21,17,15
N=27 how=heur-ord1-seed1 perm=1,7,2,4,3,9,8,5,23,6,20,16,18,19,13,14,10,12,11,26,27,25,24,22,21,15,17
N=28 how=heur-ord1-seed1 perm=1,7,2,4,3,9,8,5,23,6,20,16,18,19,13,14,10,12,11,28,26,27,25,22,21,15,24,17
N=29 how=heur-ord1-seed1 perm=1,7,2,4,3,9,8,5,23,6,20,16,18,19,13,14,10,12,11,28,27,25,29,22,21,15,26,24,17
N=30 how=heur-ord1-seed1 perm=1,7,2,4,3,9,8,5,23,6,19,20,18,13,14,16,10,12,11,29,30,28,24,22,21,15,26,25,17,27
