N=15 how=heur-ord1-seed1 perm=2,1,6,8,7,3,5,4,14,13,15,11,12,10,9
N=16 how=heur-ord1-seed1 perm=2,1,6,8,7,3,5,4,14,16,13,15,11,12,10,9
N=17 how=heur-ord1-seed1 perm=2,1,6,8,7,3,5,4,17,14,16,13,15,11,12,10,9
N=18 how=heur-ord1-seed1 perm=2,1,6,8,7,3,5,4,17,14,16,13,15,18,11,12,10,9
N=19 how=heur-ord1-seed1 perm=2,1,6,8,7,3,5,4,17,18,14,16,19,12,13,15,11,9,10
N=20 how=heur-ord1-seed1 perm=2,1,6,8,7,3,5,4,15,18,17,20,14,16,19,12,13,9,11,10
N=21 how=heur-ord1-seed1 perm=2,1,6,8,7,3,5,4,17,20,21,18,14,16,19,12,13,9,11,10,15
N=22 how=heur-ord1-seed1 perm=2,1,6,8,7,3,5,4,17,20,22,21,14,16,19,12,13,9,11,10,18,15
N=23 how=heur-ord1-seed1 perm=2,1,6,8,7,3,5,4,17,20,22,23,14,16,19,12,13,9,11,10,21,18,15
N=24 how=heur-ord1-seed1 perm=2,1,6,8,7,3,5,4,17,20,22,23,14,16,19,12,13,9,11,10,21,24,18,15
N=25 how=heur-ord1-seed1 perm=2,1,6,8,7,3,5,4,17,20,22,23,14,16,19,12,13,9,11,10,25,21,24,18,15
N=26 how=heur-ord1-seed1 perm=2,1,6,8,7,3,5,4,17,20,22,21,14,16,19,12,13,9,11,10,25,26,24,23,18,15
N=27 how=heur-ord1-seed1 perm=2,1,6,8,7,3,5,4,17,20,22,21,14,16,19,12,13,9,11,10,27,25,26,24,23,18,15
N=28 how=heur-ord1-seed1 perm=2,1,6,8,7,3,5,4,17,20,22,21,14,16,19,12,13,9,11,10,28,27,25,26,24,23,18,15
N=29 how=heur-ord1-seed1 perm=2,1,6,8,7,3,5,4,17,20,22,21,14,16,19,12,13,9,11,10,28,27,29,25,26,24,23,18,15
N=30 how=heur-ord1-seed1 perm=2,1,6,8,7,3,5,4,17,20,22,21,14,16,19,12,13,9,11,10,28,30,27,29,25,26,24,23,18,15
N=31 how=heur-ord1-seed1 perm=2,1,6,8,7,3,5,4,17,20,22,21,14,16,19,12,13,9,11,10,31,28,30,27,29,25,26,24,23,15,18
N=32 how=heur-ord1-seed1 perm=2,1,6,8,7,3,5,4,17,20,22,21,14,16,19,12,13,9,11,10,31,28,30,29,32,25,27,26,24,15,23,18
N=33 how=heur-ord1-seed1 perm=2,1,6,8,7,3,5,4,17,20,22,21,14,16,19,12,13,9,11,10,31,28,30,33,29,32,25,27,26,15,24,23,18
N=34 how=heur-ord1-seed1 perm=2,1,6,8,7,3,5,4,17,20,22,21,14,16,19,12,13,9,11,10,31,34,28,30,33,29,32,25,27,15,26,24,23,18
N=35 how=heur-ord1-seed1 perm=2,1,6,8,7,3,5,4,17,20,22,21,14,16,19,12,13,9,11,10,31,34,35,28,30,33,29,32,25,15,27,26,24,23,18
N=36 how=heur-ord1-seed1 perm=2,1,6,8,7,3,5,4,17,20,22,21,14,16,19,12,13,9,11,10,31,34,35,28,30,36,33,29,32,15,25,27,26,24,23,18
N=37 how=heur-ord1-seed1 perm=2,1,6,8,7,3,5,4,17,20,22,21,14,16,19,12,13,9,11,10,37,35,31,34,29,32,28,33,30,15,36,25,26,24,23,18,27
N=38 how=heur-ord1-seed1 perm=2,1,6,8,7,3,5,4,17,20,22,21,14,16,19,12,13,9,11,10,34,38,35,31,33,37,29,30,36,15,32,25,26,24,23,18,28,27
N=39 how=heur-ord1-seed1 perm=2,1,6,8,7,3,5,4,17,20,22,21,14,16,19,12,13,9,11,10,38,35,31,33,37,36,29,32,39,15,34,25,26,24,23,18,30,28,27
N=40 how=heur-ord1-seed1 perm=2,1,6,8,7,3,5,4,17,20,22,21,14,16,19,12,13,9,11,10,38,35,31,33,37,36,40,29,32,15,34,25,26,24,23,18,39,30,28,27
N=41 how=heur-ord1-seed1 perm=2,1,6,8,7,3,5,4,17,20,22,21,14,16,19,12,13,9,11,10,38,35,41,31,33,37,36,29,32,15,34,25,26,24,23,18,40,39,30,28,27
