N=4 how=heur-ord1-seed1 perm=4,1,3,2
N=5 how=heur-ord1-seed1 perm=5,1,4,2,3
N=6 how=heur-ord1-seed1 perm=5,1,6,2,4,3
N=7 how=heur-ord1-seed1 perm=7,1,6,2,4,3,5
N=8 how=heur-ord1-seed1 perm=7,1,8,2,4,3,6,5
N=9 how=heur-ord1-seed1 perm=9,1,7,2,4,3,8,6,5
N=10 how=heur-ord1-seed1 perm=10,1,9,2,4,3,7,8,6,5
N=11 how=heur-ord1-seed1 perm=10,1,8,2,4,3,9,11,7,5,6
N=12 how=heur-ord1-seed1 perm=10,1,12,2,4,3,9,11,7,5,8,6
N=13 how=heur-ord1-seed1 perm=13,1,11,2,4,3,10,12,7,5,8,6,9
N=14 how=heur-ord1-seed1 perm=14,1,13,2,4,3,11,10,7,5,8,6,12,9
N=15 how=heur-ord1-seed1 perm=14,1,15,2,4,3,11,10,7,5,8,6,13,12,9
N=16 how=heur-ord1-seed1 perm=16,1,14,2,4,3,11,10,7,5,8,6,15,13,12,9
N=17 how=heur-ord1-seed1 perm=17,1,16,2,4,3,11,10,7,5,8,6,14,15,13,12,9
N=18 how=heur-ord1-seed1 perm=17,1,16,2,4,3,11,10,7,5,8,6,14,15,18,13,12,9
N=19 how=heur-ord1-seed1 perm=16,1,17,2,4,3,11,10,7,5,8,6,19,15,18,13,12,9,14
N=20 how=heur-ord1-seed1 perm=19,1,18,2,4,3,11,10,7,5,8,6,20,16,17,13,12,9,15,14
N=21 how=heur-ord1-seed1 perm=19,1,18,2,4,3,11,10,7,5,8,6,20,16,17,13,12,9,21,15,14
N=22 how=heur-ord1-seed1 perm=19,1,22,2,4,3,11,10,7,5,8,6,18,16,17,13,12,9,21,20,15,14
N=23 how=heur-ord1-seed1 perm=19,1,22,2,4,3,11,10,7,5,8,6,18,16,17,13,12,9,23,21,20,15,14
N=24 how=heur-ord1-seed1 perm=24,1,16,2,4,3,11,10,7,5,8,6,19,18,17,13,12,9,22,23,21,20,15,14
N=25 how=heur-ord1-seed1 perm=18,1,16,2,4,3,11,10,7,5,8,6,24,19,17,13,12,9,25,22,23,21,20,15,14
N=26 how=heur-ord1-seed1 perm=18,1,16,2,4,3,11,10,7,5,8,6,24,19,17,13,12,9,26,25,22,23,21,20,15,14
N=27 how=heur-ord1-seed1 perm=22,1,13,2,4,3,11,10,7,5,8,6,21,24,16,17,12,9,26,25,23,27,19,20,18,15,14
N=28 how=heur-ord1-seed1 perm=22,1,13,2,4,3,11,10,7,5,8,6,21,24,16,17,12,9,28,26,25,23,27,19,20,18,15,14
N=29 how=heur-ord1-seed1 perm=22,1,13,2,4,3,11,10,7,5,8,6,21,24,17,16,12,9,28,26,29,25,23,27,19,20,18,14,15
N=30 how=heur-ord1-seed1 perm=22,1,13,2,4,3,11,10,7,5,8,6,21,24,17,16,12,9,28,26,29,25,30,23,27,19,20,14,18,15
N=31 how=heur-ord1-seed1 perm=31,1,13,2,4,3,11,10,7,5,8,6,22,24,17,16,12,9,28,26,29,25,30,23,27,20,19,14,21,15,18
N=32 how=heur-ord1-seed1 perm=31,1,13,2,4,3,11,10,7,5,8,6,22,24,17,16,12,9,28,26,29,25,30,23,27,20,19,14,21,15,32,18
N=33 how=heur-ord1-seed1 perm=31,1,13,2,4,3,11,10,7,5,8,6,22,24,17,16,12,9,28,26,29,25,30,23,27,20,19,14,21,15,33,32,18
N=34 how=heur-ord1-seed1 perm=25,1,13,2,4,3,11,10,7,5,8,6,22,24,17,16,12,9,31,30,28,29,27,26,20,21,19,14,34,15,33,32,23,18
N=35 how=heur-ord1-seed1 perm=21,1,13,2,4,3,11,10,7,5,8,6,22,24,17,16,12,9,35,34,30,27,29,28,26,19,20,14,32,15,33,31,25,23,18
N=36 how=heur-ord1-seed1 perm=21,1,13,2,4,3,11,10,7,5,8,6,22,24,17,16,12,9,36,35,30,27,29,28,26,19,20,14,33,15,34,32,31,25,23,18
N=37 how=heur-ord1-seed1 perm=17,1,13,2,4,3,11,10,7,5,8,6,37,27,22,16,12,9,31,29,28,30,36,26,20,21,19,14,34,15,35,33,32,24,25,18,23
N=38 how=heur-ord1-seed1 perm=17,1,13,2,4,3,11,10,7,5,8,6,37,27,22,16,12,9,31,29,28,30,36,26,20,21,19,14,34,15,35,33,32,24,25,18,38,23
N=39 how=heur-ord1-seed1 perm=17,1,13,2,4,3,11,10,7,5,8,6,31,27,22,16,12,9,37,29,28,30,36,26,20,21,19,14,34,15,35,33,32,24,25,18,39,38,23
N=39 how=from-C-class perm=2,1,6,8,7,3,5,4,17,20,22,21,14,16,19,12,13,9,11,10,38,35,31,33,37,36,29,32,39,15,34,25,26,24,23,18,30,28,27
N=40 how=from-C-class perm=2,1,6,8,7,3,5,4,17,20,22,21,14,16,19,12,13,9,11,10,38,35,31,33,37,36,40,29,32,15,34,25,26,24,23,18,39,30,28,27
N=41 how=from-C-class perm=2,1,6,8,7,3,5,4,17,20,22,21,14,16,19,12,13,9,11,10,38,35,41,31,33,37,36,29,32,15,34,25,26,24,23,18,40,39,30,28,27
