N=4 how=heur-ord1-seed1 perm=1,3,4,6
N=5 how=heur-ord1-seed1 perm=1,3,4,6,7
N=6 how=heur-ord1-seed1 perm=1,3,4,6,7,9
N=7 how=heur-ord1-seed1 perm=1,3,4,6,7,9,8
N=8 how=heur-ord1-seed1 perm=1,3,4,6,7,9,8,11
N=9 how=heur-ord1-seed1 perm=1,3,4,6,7,9,8,11,5
N=10 how=heur-ord1-seed1 perm=1,3,4,6,7,9,8,11,5,14
N=11 how=heur-ord1-seed1 perm=1,3,4,6,7,9,8,11,5,14,2
N=12 how=heur-ord1-seed1 perm=1,3,4,6,7,9,8,11,5,14,2,18
N=13 how=heur-ord1-seed1 perm=1,3,4,6,7,9,8,5,13,15,16,17,14
N=14 how=heur-ord1-seed1 perm=1,3,4,6,7,9,8,5,13,15,16,17,14,20
N=15 how=heur-ord1-seed1 perm=1,3,4,6,7,9,8,5,13,15,16,17,14,20,11
N=16 how=heur-ord1-seed1 perm=1,3,4,6,7,9,8,5,13,15,16,17,14,20,11,24
N=17 how=heur-ord1-seed1 perm=1,3,4,6,7,9,8,5,13,15,16,17,14,20,11,24,23
N=18 how=heur-ord1-seed1 perm=1,3,4,6,7,9,8,5,13,15,16,17,14,20,11,24,23,2
N=19 how=heur-ord1-seed1 perm=1,3,4,6,7,9,8,5,13,15,16,17,14,11,2,24,23,27,28
N=20 how=heur-ord1-seed1 perm=1,3,4,6,7,9,8,5,13,15,16,17,14,11,2,24,23,27,28,29
N=21 how=heur-ord1-seed1 perm=1,3,4,6,7,9,8,5,13,15,16,17,14,11,2,24,23,27,28,29,26
N=22 how=heur-ord1-seed1 perm=1,3,4,6,7,9,8,5,13,15,16,17,14,11,2,24,23,27,28,29,26,20
N=23 how=heur-ord1-seed1 perm=1,3,4,6,7,9,8,5,2,15,16,18,19,20,17,24,14,27,26,30,31,29,23
N=24 how=heur-ord1-seed1 perm=1,3,4,6,7,9,8,5,2,15,16,18,19,20,17,24,14,27,26,30,31,29,23,13
N=25 how=heur-ord1-seed1 perm=1,3,4,6,7,9,8,5,2,15,16,18,19,20,17,24,14,27,26,30,31,23,34,29,13
N=26 how=heur-ord1-seed1 perm=1,3,4,6,7,9,8,5,2,15,16,18,19,20,17,24,14,27,13,30,31,23,34,35,29,26
N=27 how=heur-ord1-seed1 perm=1,3,4,6,7,9,8,5,2,15,16,18,19,20,17,24,13,27,11,30,31,23,34,35,29,26,14
N=28 how=heur-ord1-seed1 perm=1,3,4,6,7,9,8,5,2,15,16,18,19,20,17,24,13,27,11,30,31,14,34,35,26,23,40,29
N=29 how=heur-ord1-seed1 perm=1,3,4,6,7,9,8,5,2,15,16,18,19,20,17,14,13,27,28,30,31,33,34,35,32,26,29,24,23
N=30 how=heur-ord1-seed1 perm=1,3,4,6,7,9,8,5,2,15,16,18,19,20,17,13,11,27,28,30,31,33,34,35,32,26,29,24,23,14
N=31 how=heur-ord1-seed1 perm=1,3,4,6,7,9,8,5,2,15,16,18,19,20,17,13,11,27,14,30,31,33,34,35,32,26,40,29,28,24,23
N=32 how=heur-ord1-seed1 perm=1,3,4,6,7,9,8,5,2,15,16,18,19,20,17,13,11,14,28,30,31,33,29,36,37,35,34,32,27,26,24,23
N=33 how=heur-ord2-seed1 perm=1,3,2,4,7,9,8,6,5,15,16,18,17,19,12,20,14,13,11,29,30,33,34,36,37,38,35,27,26,45,32,24,31
N=34 how=heur-ord2-seed1 perm=1,3,2,4,7,9,8,6,5,15,16,18,17,19,12,20,14,13,11,30,31,33,34,32,24,39,38,36,40,37,26,27,29,51
