#M 11 N 9 boards 11066766
B 0 0 0 0 0 1 -2 1 1060694 -2,-1;-2,0;-2,1;-1,-2;-1,0;-1,1;0,-2;0,-1;1,-2;1,-1;1,0;
B 0 0 0 0 0 1 -2 2 2214840 -2,-1;-2,0;-2,1;-2,2;-1,-2;-1,0;-1,1;-1,2;0,-2;0,-1;0,2;1,-2;1,-1;1,0;1,2;2,-2;2,-1;2,0;2,1;
B 0 0 0 0 0 1 -2 3 6336285 -2,-1;-2,0;-2,1;-2,2;-2,3;-1,-2;-1,0;-1,1;-1,2;-1,3;0,-2;0,-1;0,2;0,3;1,-2;1,-1;1,0;1,2;1,3;2,-2;2,-1;2,0;2,1;2,3;3,-2;3,-1;3,0;3,1;3,2;
B 0 0 0 0 0 1 -1 1 2109283 -1,0;-1,1;0,-1;1,-1;1,0;
B 0 0 0 0 0 1 -1 2 1626029 -1,0;-1,1;-1,2;0,-1;0,2;1,-1;1,0;1,2;2,-1;2,0;2,1;
B 0 0 0 0 0 1 -1 3 2424477 -1,0;-1,1;-1,2;-1,3;0,-1;0,2;0,3;1,-1;1,0;1,2;1,3;2,-1;2,0;2,1;2,3;3,-1;3,0;3,1;3,2;
B 0 0 0 0 0 2 -2 3 1060694 -2,-1;-2,0;-2,1;-2,2;-2,3;-1,-2;-1,0;-1,1;-1,2;-1,3;0,-2;0,-1;0,1;1,-2;1,-1;1,0;1,2;1,3;2,-2;2,-1;2,0;2,1;3,-2;3,-1;3,0;3,1;3,2;
B 0 0 0 0 0 2 -2 4 4368650 -2,-1;-2,0;-2,1;-2,2;-2,3;-2,4;-1,-2;-1,0;-1,1;-1,2;-1,3;-1,4;0,-2;0,-1;0,1;0,3;0,4;1,-2;1,-1;1,0;1,2;1,3;1,4;2,-2;2,-1;2,0;2,1;2,3;2,4;3,-2;3,-1;3,0;3,1;3,2;3,4;4,-2;4,-1;4,0;4,1;4,2;4,3;
B 0 0 0 0 0 3 -2 4 872109 -2,-1;-2,0;-2,1;-2,2;-2,3;-2,4;-1,-2;-1,0;-1,1;-1,2;-1,3;-1,4;0,-2;0,-1;0,1;0,2;1,-2;1,-1;1,0;1,2;1,3;1,4;2,-2;2,-1;2,0;2,1;2,3;2,4;3,-2;3,-1;3,0;3,1;3,2;4,-2;4,-1;4,0;4,1;4,2;4,3;
B 0 0 0 0 0 3 -2 5 1237174 -2,-1;-2,0;-2,1;-2,2;-2,3;-2,4;-2,5;-1,-2;-1,0;-1,1;-1,2;-1,3;-1,4;-1,5;0,-2;0,-1;0,1;0,2;0,4;0,5;1,-2;1,-1;1,0;1,2;1,3;1,4;1,5;2,-2;2,-1;2,0;2,1;2,3;2,4;2,5;3,-2;3,-1;3,0;3,1;3,2;3,4;3,5;4,-2;4,-1;4,0;4,1;4,2;4,3;4,5;5,-2;5,-1;5,0;5,1;5,2;5,3;5,4;
B 0 0 0 1 0 1 0 1 2552457 1,0;
B 0 0 0 1 0 1 0 2 2277179 0,2;1,0;1,2;2,0;2,1;
B 0 0 0 1 0 1 0 3 1143026 0,2;0,3;1,0;1,2;1,3;2,0;2,1;2,3;3,0;3,1;3,2;
B 0 0 0 1 0 2 -1 2 874487 -1,0;-1,1;-1,2;0,-1;0,1;1,-1;1,0;1,2;2,-1;2,0;2,1;
B 0 0 0 1 0 2 -1 3 1069890 -1,0;-1,1;-1,2;-1,3;0,-1;0,1;0,3;1,-1;1,0;1,2;1,3;2,-1;2,0;2,1;2,3;3,-1;3,0;3,1;3,2;
B 0 0 0 1 0 2 -1 4 1143026 -1,1;-1,3;-1,4;0,-1;0,1;0,3;0,4;1,-1;1,0;1,2;1,3;1,4;2,-1;2,0;2,1;2,3;2,4;3,-1;3,0;3,1;3,2;3,4;4,-1;4,0;4,1;4,2;4,3;
B 0 0 0 1 0 3 -2 5 1293473 -2,-1;-2,0;-2,1;-2,2;-2,3;-2,4;-2,5;-1,-2;-1,0;-1,1;-1,2;-1,3;-1,4;-1,5;0,-2;0,-1;0,1;0,2;0,4;0,5;1,-2;1,-1;1,0;1,2;1,3;1,4;1,5;2,-2;2,-1;2,0;2,1;2,3;2,4;2,5;3,-2;3,-1;3,0;3,1;3,2;3,4;3,5;4,-2;4,-1;4,0;4,1;4,2;4,3;4,5;5,-2;5,-1;5,0;5,1;5,2;5,3;5,4;
B 0 0 0 1 0 3 -1 5 983706 -1,1;-1,2;-1,4;-1,5;0,-1;0,1;0,2;0,4;0,5;1,-1;1,0;1,2;1,3;1,4;1,5;2,-1;2,0;2,1;2,3;2,4;2,5;3,-1;3,0;3,1;3,2;3,4;3,5;4,-1;4,0;4,1;4,2;4,3;4,5;5,-1;5,0;5,1;5,2;5,3;5,4;
B 0 0 0 2 0 1 0 1 1940413 1,0;
B 0 0 0 2 0 2 0 2 428875 0,1;1,0;1,2;2,0;2,1;
B 0 0 0 2 0 2 0 3 880972 0,1;0,3;1,0;1,2;1,3;2,0;2,1;2,3;3,0;3,1;3,2;
B 0 0 0 2 0 3 0 3 428875 0,1;0,2;1,0;1,2;1,3;2,0;2,1;2,3;3,0;3,1;3,2;
B 0 0 1 0 0 1 -2 1 1614174 -2,-1;-2,0;-2,1;-1,-2;-1,0;-1,1;0,-2;0,-1;0,1;1,-2;1,-1;
B 0 0 1 0 0 1 -2 2 3615501 -2,-1;-2,0;-2,1;-2,2;-1,-2;-1,0;-1,1;-1,2;0,-2;0,-1;0,1;0,2;1,-2;1,-1;1,2;2,-2;2,-1;2,0;2,1;
B 0 0 1 0 0 1 -2 3 7959334 -2,-1;-2,0;-2,1;-2,2;-2,3;-1,-2;-1,0;-1,1;-1,2;-1,3;0,-2;0,-1;0,1;0,2;0,3;1,-2;1,-1;1,2;1,3;2,-2;2,-1;2,0;2,1;2,3;3,-2;3,-1;3,0;3,1;3,2;
B 0 0 1 0 0 1 -1 1 3947483 -1,0;-1,1;0,-1;0,1;1,-1;
B 0 0 1 0 0 1 -1 2 2268164 -1,0;-1,1;-1,2;0,-1;0,1;0,2;1,-1;1,2;2,-1;2,0;2,1;
B 0 0 1 0 0 1 -1 3 3401831 -1,0;-1,1;-1,2;-1,3;0,-1;0,1;0,2;0,3;1,-1;1,2;1,3;2,-1;2,0;2,1;2,3;3,-1;3,0;3,1;3,2;
B 0 0 1 0 0 2 -2 3 1614174 -2,-1;-2,0;-2,1;-2,2;-2,3;-1,-2;-1,0;-1,1;-1,2;-1,3;0,-2;0,-1;0,1;0,2;0,3;1,-2;1,-1;1,0;1,2;1,3;2,-2;2,-1;2,1;3,-2;3,-1;3,0;3,1;3,2;
B 0 0 1 0 0 2 -2 4 6562226 -2,-1;-2,0;-2,1;-2,2;-2,3;-2,4;-1,-2;-1,0;-1,1;-1,2;-1,3;-1,4;0,-2;0,-1;0,1;0,2;0,3;0,4;1,-2;1,-1;1,0;1,2;1,3;1,4;2,-2;2,-1;2,1;2,3;2,4;3,-2;3,-1;3,0;3,1;3,2;3,4;4,-2;4,-1;4,0;4,1;4,2;4,3;
B 0 0 1 0 0 3 -2 4 1730308 -2,-1;-2,0;-2,1;-2,2;-2,3;-2,4;-1,-2;-1,0;-1,1;-1,2;-1,3;-1,4;0,-2;0,-1;0,1;0,2;0,3;0,4;1,-2;1,-1;1,0;1,2;1,3;1,4;2,-2;2,-1;2,0;2,1;2,3;2,4;3,-2;3,-1;3,1;3,2;4,-2;4,-1;4,0;4,1;4,2;4,3;
B 0 0 1 0 0 3 -2 5 2217175 -2,-1;-2,0;-2,1;-2,2;-2,3;-2,4;-2,5;-1,-2;-1,0;-1,1;-1,2;-1,3;-1,4;-1,5;0,-2;0,-1;0,1;0,2;0,3;0,4;0,5;1,-2;1,-1;1,0;1,2;1,3;1,4;1,5;2,-2;2,-1;2,0;2,1;2,3;2,4;2,5;3,-2;3,-1;3,1;3,2;3,4;3,5;4,-2;4,-1;4,0;4,1;4,2;4,3;4,5;5,-2;5,-1;5,0;5,1;5,2;5,3;5,4;
B 0 0 1 1 0 1 0 1 5874533 0,1;
B 0 0 1 1 0 1 0 2 3797855 0,1;0,2;1,2;2,0;2,1;
B 0 0 1 1 0 1 0 3 1579008 0,1;0,2;0,3;1,2;1,3;2,0;2,1;2,3;3,0;3,1;3,2;
B 0 0 1 1 0 2 -1 2 1823369 -1,0;-1,1;-1,2;0,-1;0,1;0,2;1,-1;1,0;1,2;2,-1;2,1;
B 0 0 1 1 0 2 -1 3 2245647 -1,0;-1,1;-1,2;-1,3;0,-1;0,1;0,2;0,3;1,-1;1,0;1,2;1,3;2,-1;2,1;2,3;3,-1;3,0;3,1;3,2;
B 0 0 1 1 0 2 -1 4 1579008 -1,1;-1,2;-1,3;-1,4;0,-1;0,1;0,2;0,3;0,4;1,-1;1,0;1,2;1,3;1,4;2,-1;2,1;2,3;2,4;3,-1;3,0;3,1;3,2;3,4;4,-1;4,0;4,1;4,2;4,3;
B 0 0 1 1 0 3 -2 5 2074700 -2,-1;-2,0;-2,1;-2,2;-2,3;-2,4;-2,5;-1,-2;-1,0;-1,1;-1,2;-1,3;-1,4;-1,5;0,-2;0,-1;0,1;0,2;0,3;0,4;0,5;1,-2;1,-1;1,0;1,2;1,3;1,4;1,5;2,-2;2,-1;2,0;2,1;2,3;2,4;2,5;3,-2;3,-1;3,1;3,2;3,4;3,5;4,-2;4,-1;4,0;4,1;4,2;4,3;4,5;5,-2;5,-1;5,0;5,1;5,2;5,3;5,4;
B 0 0 1 1 0 3 -1 5 1723155 -1,1;-1,2;-1,3;-1,4;-1,5;0,-1;0,1;0,2;0,3;0,4;0,5;1,-1;1,0;1,2;1,3;1,4;1,5;2,-1;2,0;2,1;2,3;2,4;2,5;3,-1;3,1;3,2;3,4;3,5;4,-1;4,0;4,1;4,2;4,3;4,5;5,-1;5,0;5,1;5,2;5,3;5,4;
B 0 0 1 2 0 1 0 1 5088491 0,1;
B 0 0 1 2 0 2 0 2 1348336 0,1;0,2;1,0;1,2;2,1;
B 0 0 1 2 0 2 0 3 1817061 0,1;0,2;0,3;1,0;1,2;1,3;2,1;2,3;3,0;3,1;3,2;
B 0 0 1 2 0 3 0 3 1348336 0,1;0,2;0,3;1,0;1,2;1,3;2,0;2,1;2,3;3,1;3,2;
B 0 1 0 0 0 1 -2 1 11069101 -2,-1;-2,0;-2,1;-1,-2;-1,0;-1,1;0,-2;0,-1;1,-2;1,-1;1,0;
B 0 1 0 0 0 1 -2 2 5233124 -2,-1;-2,0;-2,1;-2,2;-1,-2;-1,0;-1,1;-1,2;0,-2;0,-1;0,2;1,-2;1,-1;1,0;1,2;2,-2;2,-1;2,0;
B 0 1 0 0 0 1 -2 3 6231614 -2,-1;-2,0;-2,1;-2,2;-2,3;-1,-2;-1,0;-1,1;-1,2;-1,3;0,-2;0,-1;0,2;0,3;1,-2;1,-1;1,0;1,2;1,3;2,-2;2,-1;2,0;2,3;3,-2;3,-1;3,0;3,2;
B 0 1 0 0 0 1 -1 1 12083270 -1,0;-1,1;0,-1;1,-1;1,0;
B 0 1 0 0 0 1 -1 2 1609485 -1,0;-1,1;-1,2;0,-1;0,2;1,-1;1,0;1,2;2,-1;2,0;
B 0 1 0 0 0 1 -1 3 1784526 -1,0;-1,1;-1,2;-1,3;0,-1;0,2;0,3;1,-1;1,0;1,2;1,3;2,-1;2,0;2,3;3,-1;3,0;3,2;
B 0 1 0 0 0 2 -2 2 7594149 -2,-1;-2,0;-2,1;-2,2;-1,-2;-1,0;-1,1;-1,2;0,-2;0,-1;0,1;1,-2;1,-1;1,0;1,2;2,-2;2,-1;2,0;2,1;
B 0 1 0 0 0 2 -2 3 2650317 -2,-1;-2,0;-2,1;-2,2;-2,3;-1,-2;-1,0;-1,1;-1,2;-1,3;0,-2;0,-1;0,1;0,3;1,-2;1,-1;1,0;1,2;1,3;2,-2;2,-1;2,0;2,1;2,3;3,-2;3,-1;3,0;3,1;
B 0 1 0 0 0 2 -2 4 4798714 -2,-1;-2,0;-2,1;-2,2;-2,3;-2,4;-1,-2;-1,0;-1,1;-1,2;-1,3;-1,4;0,-2;0,-1;0,1;0,3;0,4;1,-2;1,-1;1,0;1,2;1,3;1,4;2,-2;2,-1;2,0;2,1;2,3;2,4;3,-2;3,-1;3,0;3,1;3,4;4,-2;4,-1;4,0;4,1;4,3;
B 0 1 0 0 0 3 -2 3 3882676 -2,-1;-2,0;-2,1;-2,2;-2,3;-1,-2;-1,0;-1,1;-1,2;-1,3;0,-2;0,-1;0,1;0,2;1,-2;1,-1;1,0;1,2;1,3;2,-2;2,-1;2,0;2,1;2,3;3,-2;3,-1;3,0;3,1;3,2;
B 0 1 0 0 0 3 -2 4 2657180 -2,-1;-2,0;-2,1;-2,2;-2,3;-2,4;-1,-2;-1,0;-1,1;-1,2;-1,3;-1,4;0,-2;0,-1;0,1;0,2;0,4;1,-2;1,-1;1,0;1,2;1,3;1,4;2,-2;2,-1;2,0;2,1;2,3;2,4;3,-2;3,-1;3,0;3,1;3,2;3,4;4,-2;4,-1;4,0;4,1;4,2;
B 0 1 0 0 0 3 -2 5 2011644 -2,-1;-2,0;-2,1;-2,2;-2,3;-2,4;-2,5;-1,-2;-1,0;-1,1;-1,2;-1,3;-1,4;-1,5;0,-2;0,-1;0,1;0,2;0,4;0,5;1,-2;1,-1;1,0;1,2;1,3;1,4;1,5;2,-2;2,-1;2,0;2,1;2,3;2,4;2,5;3,-2;3,-1;3,0;3,1;3,2;3,4;3,5;4,-2;4,-1;4,0;4,1;4,2;4,5;5,-2;5,-1;5,0;5,1;5,2;5,4;
B 0 1 0 1 0 1 0 1 8908363 1,0;
B 0 1 0 1 0 1 0 2 2401079 0,2;1,0;1,2;2,0;
B 0 1 0 1 0 1 0 3 564450 0,2;0,3;1,0;1,2;1,3;2,0;2,3;3,0;3,2;
B 0 1 0 1 0 2 -1 2 2336793 -1,0;-1,1;-1,2;0,-1;0,1;1,-1;1,0;1,2;2,-1;2,0;2,1;
B 0 1 0 1 0 2 -1 3 1442744 -1,0;-1,1;-1,2;-1,3;0,-1;0,1;0,3;1,-1;1,0;1,2;1,3;2,-1;2,0;2,1;2,3;3,-1;3,0;3,1;
B 0 1 0 1 0 2 -1 4 564450 -1,1;-1,3;-1,4;0,-1;0,1;0,3;0,4;1,-1;1,0;1,2;1,3;1,4;2,-1;2,0;2,1;2,3;2,4;3,-1;3,0;3,1;3,4;4,-1;4,0;4,1;4,3;
B 0 1 0 1 0 3 -2 5 1440859 -2,-1;-2,0;-2,1;-2,2;-2,3;-2,4;-2,5;-1,-2;-1,0;-1,1;-1,2;-1,3;-1,4;-1,5;0,-2;0,-1;0,1;0,2;0,4;0,5;1,-2;1,-1;1,0;1,2;1,3;1,4;1,5;2,-2;2,-1;2,0;2,1;2,3;2,4;2,5;3,-2;3,-1;3,0;3,1;3,2;3,4;3,5;4,-2;4,-1;4,0;4,1;4,2;4,5;5,-2;5,-1;5,0;5,1;5,2;5,4;
B 0 1 0 1 0 3 -1 5 960220 -1,1;-1,2;-1,4;-1,5;0,-1;0,1;0,2;0,4;0,5;1,-1;1,0;1,2;1,3;1,4;1,5;2,-1;2,0;2,1;2,3;2,4;2,5;3,-1;3,0;3,1;3,2;3,4;3,5;4,-1;4,0;4,1;4,2;4,5;5,-1;5,0;5,1;5,2;5,4;
B 0 1 0 2 0 1 0 1 8008179 1,0;
B 0 1 0 2 0 2 0 2 4215069 0,1;1,0;1,2;2,0;2,1;
B 0 1 0 2 0 2 0 3 990420 0,1;0,3;1,0;1,2;1,3;2,0;2,1;2,3;3,0;3,1;
B 0 1 0 2 0 3 -1 3 2712251 -1,0;-1,1;-1,2;-1,3;0,-1;0,1;0,2;1,-1;1,0;1,2;1,3;2,-1;2,0;2,1;2,3;3,-1;3,0;3,1;3,2;
B 0 1 0 2 0 3 0 3 1502818 0,1;0,2;1,0;1,2;1,3;2,0;2,1;2,3;3,0;3,1;3,2;
B 0 1 1 0 0 1 -2 1 1715456 -2,-1;-2,0;-2,1;-1,-2;-1,0;-1,1;0,-2;0,-1;0,1;1,-2;1,-1;
B 0 1 1 0 0 1 -2 2 41399 -2,-1;-2,0;-2,1;-2,2;-1,-2;-1,1;-1,2;0,-2;0,-1;0,1;0,2;1,-2;1,-1;1,2;2,-2;2,-1;
B 0 1 1 0 0 1 -1 1 4972512 -1,0;-1,1;0,-1;0,1;1,-1;
B 0 1 1 0 0 1 -1 2 24600 -1,1;-1,2;0,-1;0,1;0,2;1,-1;1,2;2,-1;
B 0 1 1 0 0 1 -1 3 7166 -1,1;-1,2;-1,3;0,-1;0,1;0,2;0,3;1,-1;1,2;1,3;2,-1;3,-1;3,2;
B 0 1 1 0 0 2 -2 2 3740700 -2,-1;-2,0;-2,1;-2,2;-1,-2;-1,0;-1,1;-1,2;0,-2;0,-1;0,1;0,2;1,-2;1,-1;1,0;1,2;2,-2;2,-1;2,1;
B 0 1 1 0 0 2 -2 3 402767 -2,-1;-2,0;-2,1;-2,2;-2,3;-1,-2;-1,0;-1,1;-1,2;-1,3;0,-2;0,-1;0,2;0,3;1,-2;1,-1;1,0;1,2;1,3;2,-2;2,-1;2,3;3,-2;3,-1;
B 0 1 1 0 0 2 -2 4 73165 -2,-1;-2,2;-2,3;-2,4;-1,-2;-1,0;-1,1;-1,2;-1,3;-1,4;0,-2;0,-1;0,2;0,3;0,4;1,-2;1,-1;1,0;1,2;1,3;1,4;2,-2;2,-1;2,3;2,4;3,-2;3,-1;4,-2;4,-1;4,3;
B 0 1 1 0 0 3 -2 3 1861381 -2,-1;-2,0;-2,1;-2,2;-2,3;-1,-2;-1,0;-1,1;-1,2;-1,3;0,-2;0,-1;0,1;0,2;0,3;1,-2;1,-1;1,0;1,2;1,3;2,-2;2,-1;2,0;2,1;2,3;3,-2;3,-1;3,1;3,2;
B 0 1 1 0 0 3 -2 4 523361 -2,-1;-2,0;-2,1;-2,2;-2,3;-2,4;-1,-2;-1,0;-1,1;-1,2;-1,3;-1,4;0,-2;0,-1;0,1;0,2;0,3;0,4;1,-2;1,-1;1,0;1,2;1,3;1,4;2,-2;2,-1;2,0;2,1;2,3;2,4;3,-2;3,-1;3,1;3,2;3,4;4,-2;4,-1;4,1;4,2;
B 0 1 1 0 0 3 -2 5 159759 -2,-1;-2,0;-2,1;-2,2;-2,3;-2,4;-2,5;-1,-2;-1,0;-1,1;-1,2;-1,3;-1,4;-1,5;0,-2;0,-1;0,1;0,2;0,3;0,4;0,5;1,-2;1,-1;1,0;1,2;1,3;1,4;1,5;2,-2;2,-1;2,0;2,1;2,3;2,4;2,5;3,-2;3,-1;3,1;3,2;3,4;3,5;4,-2;4,-1;4,1;4,2;4,5;5,-2;5,-1;5,1;5,2;5,4;
B 0 1 1 1 0 1 0 1 4693980 0,1;
B 0 1 1 1 0 1 0 2 118643 0,1;0,2;1,2;
B 0 1 1 1 0 1 0 3 6613 0,1;0,2;0,3;1,2;1,3;3,2;
B 0 1 1 1 0 2 -1 2 884739 -1,0;-1,1;-1,2;0,-1;0,1;0,2;1,-1;1,0;1,2;2,-1;2,1;
B 0 1 1 1 0 2 -1 3 258819 -1,0;-1,1;-1,2;-1,3;0,-1;0,1;0,2;0,3;1,-1;1,0;1,2;1,3;2,-1;2,1;2,3;3,-1;3,1;
B 0 1 1 1 0 2 -1 4 6613 -1,3;-1,4;0,-1;0,2;0,3;0,4;1,-1;1,0;1,2;1,3;1,4;2,-1;2,3;2,4;3,-1;4,-1;4,3;
B 0 1 1 1 0 3 -2 5 86622 -2,-1;-2,0;-2,1;-2,2;-2,3;-2,4;-2,5;-1,-2;-1,0;-1,1;-1,2;-1,3;-1,4;-1,5;0,-2;0,-1;0,1;0,2;0,3;0,4;0,5;1,-2;1,-1;1,0;1,2;1,3;1,4;1,5;2,-2;2,-1;2,0;2,1;2,3;2,4;2,5;3,-2;3,-1;3,1;3,2;3,4;3,5;4,-2;4,-1;4,1;4,2;4,5;5,-2;5,-1;5,1;5,2;5,4;
B 0 1 1 1 0 3 -1 5 32021 -1,1;-1,2;-1,3;-1,4;-1,5;0,-1;0,1;0,2;0,3;0,4;0,5;1,-1;1,0;1,2;1,3;1,4;1,5;2,-1;2,0;2,1;2,3;2,4;2,5;3,-1;3,1;3,2;3,4;3,5;4,-1;4,1;4,2;4,5;5,-1;5,1;5,2;5,4;
B 0 1 1 2 0 1 0 1 5995170 0,1;
B 0 1 1 2 0 2 0 2 3369559 0,1;0,2;1,0;1,2;2,1;
B 0 1 1 2 0 2 0 3 124140 0,1;0,2;0,3;1,0;1,2;1,3;2,1;2,3;3,1;
B 0 1 1 2 0 3 -1 3 2550526 -1,0;-1,1;-1,2;-1,3;0,-1;0,1;0,2;0,3;1,-1;1,0;1,2;1,3;2,-1;2,0;2,1;2,3;3,-1;3,1;3,2;
B 0 1 1 2 0 3 0 3 819033 0,1;0,2;0,3;1,0;1,2;1,3;2,0;2,1;2,3;3,1;3,2;
B 0 2 1 0 0 1 -2 1 661190 -2,-1;-2,0;-2,1;-1,-2;-1,0;-1,1;0,-2;0,-1;0,1;
B 0 2 1 0 0 1 -2 2 1432816 -2,-1;-2,0;-2,1;-2,2;-1,-2;-1,0;-1,1;-1,2;0,-2;0,-1;0,1;0,2;1,2;2,-2;2,-1;2,0;2,1;
B 0 2 1 0 0 1 -2 3 5022586 -2,-1;-2,0;-2,1;-2,2;-2,3;-1,-2;-1,0;-1,1;-1,2;-1,3;0,-2;0,-1;0,1;0,2;0,3;1,2;1,3;2,-2;2,-1;2,0;2,1;2,3;3,-2;3,-1;3,0;3,1;3,2;
B 0 2 1 0 0 1 -1 1 1771717 -1,0;-1,1;0,-1;0,1;
B 0 2 1 0 0 1 -1 2 1100916 -1,0;-1,1;-1,2;0,-1;0,1;0,2;1,2;2,-1;2,0;2,1;
B 0 2 1 0 0 1 -1 3 2793206 -1,0;-1,1;-1,2;-1,3;0,-1;0,1;0,2;0,3;1,2;1,3;2,-1;2,0;2,1;2,3;3,-1;3,0;3,1;3,2;
B 0 2 1 0 0 2 -2 3 661190 -2,-1;-2,0;-2,1;-2,2;-2,3;-1,-2;-1,0;-1,1;-1,2;-1,3;0,-2;0,-1;0,1;0,2;0,3;1,-2;1,-1;1,0;1,2;1,3;3,-2;3,-1;3,0;3,1;3,2;
B 0 2 1 0 0 2 -2 4 3280699 -2,-1;-2,0;-2,1;-2,2;-2,3;-2,4;-1,-2;-1,0;-1,1;-1,2;-1,3;-1,4;0,-2;0,-1;0,1;0,2;0,3;0,4;1,-2;1,-1;1,0;1,2;1,3;1,4;2,3;2,4;3,-2;3,-1;3,0;3,1;3,2;3,4;4,-2;4,-1;4,0;4,1;4,2;4,3;
B 0 2 1 0 0 3 -2 4 768099 -2,-1;-2,0;-2,1;-2,2;-2,3;-2,4;-1,-2;-1,0;-1,1;-1,2;-1,3;-1,4;0,-2;0,-1;0,1;0,2;0,3;0,4;1,-2;1,-1;1,0;1,2;1,3;1,4;2,-2;2,-1;2,0;2,1;2,3;2,4;4,-2;4,-1;4,0;4,1;4,2;4,3;
B 0 2 1 0 0 3 -2 5 1003618 -2,-1;-2,0;-2,1;-2,2;-2,3;-2,4;-2,5;-1,-2;-1,0;-1,1;-1,2;-1,3;-1,4;-1,5;0,-2;0,-1;0,1;0,2;0,3;0,4;0,5;1,-2;1,-1;1,0;1,2;1,3;1,4;1,5;2,-2;2,-1;2,0;2,1;2,3;2,4;2,5;3,4;3,5;4,-2;4,-1;4,0;4,1;4,2;4,3;4,5;5,-2;5,-1;5,0;5,1;5,2;5,3;5,4;
B 0 2 1 1 0 1 0 1 2158454 0,1;
B 0 2 1 1 0 1 0 2 1815837 0,1;0,2;1,2;2,0;2,1;
B 0 2 1 1 0 1 0 3 1252902 0,1;0,2;0,3;1,2;1,3;2,0;2,1;2,3;3,0;3,1;3,2;
B 0 2 1 1 0 2 -1 2 666036 -1,0;-1,1;-1,2;0,-1;0,1;0,2;1,-1;1,0;1,2;
B 0 2 1 1 0 2 -1 3 846353 -1,0;-1,1;-1,2;-1,3;0,-1;0,1;0,2;0,3;1,-1;1,0;1,2;1,3;2,3;3,-1;3,0;3,1;3,2;
B 0 2 1 1 0 2 -1 4 1252902 -1,1;-1,2;-1,3;-1,4;0,-1;0,1;0,2;0,3;0,4;1,-1;1,0;1,2;1,3;1,4;2,3;2,4;3,-1;3,0;3,1;3,2;3,4;4,-1;4,0;4,1;4,2;4,3;
B 0 2 1 1 0 3 -2 5 968360 -2,-1;-2,0;-2,1;-2,2;-2,3;-2,4;-2,5;-1,-2;-1,0;-1,1;-1,2;-1,3;-1,4;-1,5;0,-2;0,-1;0,1;0,2;0,3;0,4;0,5;1,-2;1,-1;1,0;1,2;1,3;1,4;1,5;2,-2;2,-1;2,0;2,1;2,3;2,4;2,5;3,4;3,5;4,-2;4,-1;4,0;4,1;4,2;4,3;4,5;5,-2;5,-1;5,0;5,1;5,2;5,3;5,4;
B 0 2 1 1 0 3 -1 5 847477 -1,1;-1,2;-1,3;-1,4;-1,5;0,-1;0,1;0,2;0,3;0,4;0,5;1,-1;1,0;1,2;1,3;1,4;1,5;2,-1;2,0;2,1;2,3;2,4;2,5;3,4;3,5;4,-1;4,0;4,1;4,2;4,3;4,5;5,-1;5,0;5,1;5,2;5,3;5,4;
B 0 2 1 2 0 1 0 1 1909792 0,1;
B 0 2 1 2 0 2 0 2 420408 0,1;0,2;1,0;1,2;
B 0 2 1 2 0 2 0 3 733626 0,1;0,2;0,3;1,0;1,2;1,3;2,3;3,0;3,1;3,2;
B 0 2 1 2 0 3 0 3 420408 0,1;0,2;0,3;1,0;1,2;1,3;2,0;2,1;2,3;
B 0 3 1 0 0 1 -2 1 644309 -2,-1;-2,0;-2,1;-1,-2;-1,0;-1,1;0,-2;0,-1;0,1;
B 0 3 1 0 0 1 -2 2 3222 -2,-1;-2,0;-2,1;-2,2;-1,-2;-1,1;-1,2;0,-2;0,-1;0,1;0,2;1,2;
B 0 3 1 0 0 1 -1 1 1393649 -1,0;-1,1;0,-1;0,1;
B 0 3 1 0 0 1 -1 2 1932 -1,1;-1,2;0,-1;0,1;0,2;1,2;
B 0 3 1 0 0 1 -1 3 537 -1,1;-1,2;-1,3;0,-1;0,1;0,2;0,3;1,2;1,3;3,2;
B 0 3 1 0 0 2 -2 2 1206053 -2,-1;-2,0;-2,1;-2,2;-1,-2;-1,0;-1,1;-1,2;0,-2;0,-1;0,1;0,2;1,-2;1,-1;1,0;1,2;
B 0 3 1 0 0 2 -2 3 71532 -2,-1;-2,0;-2,1;-2,2;-2,3;-1,-2;-1,0;-1,1;-1,2;-1,3;0,-2;0,-1;0,2;0,3;1,-2;1,-1;1,0;1,2;1,3;2,3;
B 0 3 1 0 0 2 -2 4 5691 -2,-1;-2,2;-2,3;-2,4;-1,-2;-1,0;-1,1;-1,2;-1,3;-1,4;0,-2;0,-1;0,2;0,3;0,4;1,-2;1,-1;1,0;1,2;1,3;1,4;2,3;2,4;4,3;
B 0 3 1 0 0 3 -2 3 716617 -2,-1;-2,0;-2,1;-2,2;-2,3;-1,-2;-1,0;-1,1;-1,2;-1,3;0,-2;0,-1;0,1;0,2;0,3;1,-2;1,-1;1,0;1,2;1,3;2,-2;2,-1;2,0;2,1;2,3;
B 0 3 1 0 0 3 -2 4 42000 -2,-1;-2,0;-2,1;-2,2;-2,3;-2,4;-1,-2;-1,0;-1,1;-1,2;-1,3;-1,4;0,-2;0,-1;0,1;0,3;0,4;1,-2;1,-1;1,0;1,3;1,4;2,-2;2,-1;2,0;2,1;2,3;2,4;3,4;
B 0 3 1 0 0 3 -2 5 1756 -2,-1;-2,0;-2,1;-2,2;-2,3;-2,4;-2,5;-1,-2;-1,0;-1,3;-1,4;-1,5;0,-2;0,-1;0,1;0,3;0,4;0,5;1,-2;1,-1;1,0;1,3;1,4;1,5;2,-2;2,-1;2,0;2,1;2,3;2,4;2,5;3,4;3,5;5,4;
B 0 3 1 1 0 1 0 1 804389 0,1;
B 0 3 1 1 0 1 0 2 1150 0,1;0,2;1,2;
B 0 3 1 1 0 1 0 3 782 0,1;0,2;0,3;1,2;1,3;3,2;
B 0 3 1 1 0 2 -1 2 45702 -1,0;-1,1;-1,2;0,-1;0,1;0,2;1,-1;1,0;1,2;
B 0 3 1 1 0 2 -1 3 1509 -1,0;-1,1;-1,2;-1,3;0,-1;0,2;0,3;1,-1;1,0;1,2;1,3;2,3;
B 0 3 1 1 0 2 -1 4 782 -1,2;-1,3;-1,4;0,-1;0,2;0,3;0,4;1,-1;1,0;1,2;1,3;1,4;2,3;2,4;4,3;
B 0 3 1 1 0 3 -2 5 948 -2,-1;-2,0;-2,1;-2,2;-2,3;-2,4;-2,5;-1,-2;-1,0;-1,3;-1,4;-1,5;0,-2;0,-1;0,1;0,3;0,4;0,5;1,-2;1,-1;1,0;1,3;1,4;1,5;2,-2;2,-1;2,0;2,1;2,3;2,4;2,5;3,4;3,5;5,4;
B 0 3 1 1 0 3 -1 5 202 -1,3;-1,4;-1,5;0,-1;0,1;0,3;0,4;0,5;1,-1;1,3;1,4;1,5;2,-1;2,0;2,1;2,3;2,4;2,5;3,4;3,5;5,4;
B 0 3 1 2 0 1 0 1 1110041 0,1;
B 0 3 1 2 0 2 0 2 629496 0,1;0,2;1,0;1,2;
B 0 3 1 2 0 2 0 3 562 0,2;0,3;1,0;1,2;1,3;2,3;
B 0 3 1 2 0 3 -1 3 602185 -1,0;-1,1;-1,2;-1,3;0,-1;0,1;0,2;0,3;1,-1;1,0;1,2;1,3;2,-1;2,0;2,1;2,3;
B 0 3 1 2 0 3 0 3 27311 0,1;0,2;0,3;1,0;1,2;1,3;2,0;2,1;2,3;
B 1 0 1 0 0 1 -2 1 1025218 -2,-1;-2,0;-2,1;-1,-2;-1,0;-1,1;0,-2;0,-1;0,1;1,-2;1,-1;
B 1 0 1 0 0 1 -2 2 2715431 -2,-1;-2,0;-2,1;-2,2;-1,-2;-1,0;-1,1;-1,2;0,-2;0,-1;0,1;0,2;1,-2;1,-1;1,2;2,-2;2,-1;2,1;
B 1 0 1 0 0 1 -2 3 4292681 -2,-1;-2,0;-2,1;-2,2;-2,3;-1,-2;-1,0;-1,1;-1,2;-1,3;0,-2;0,-1;0,1;0,2;0,3;1,-2;1,-1;1,2;1,3;2,-2;2,-1;2,1;2,3;3,-2;3,-1;3,1;3,2;
B 1 0 1 0 0 1 -1 1 1491273 -1,0;-1,1;0,-1;0,1;1,-1;
B 1 0 1 0 0 1 -1 2 995985 -1,0;-1,1;-1,2;0,-1;0,1;0,2;1,-1;1,2;2,-1;2,1;
B 1 0 1 0 0 1 -1 3 1222906 -1,0;-1,1;-1,2;-1,3;0,-1;0,1;0,2;0,3;1,-1;1,2;1,3;2,-1;2,1;2,3;3,-1;3,1;3,2;
B 1 0 1 0 0 2 -2 3 1025218 -2,-1;-2,0;-2,1;-2,2;-2,3;-1,-2;-1,0;-1,1;-1,2;-1,3;0,-2;0,-1;0,1;0,2;0,3;1,-2;1,-1;1,2;1,3;2,-2;2,-1;2,1;3,-2;3,-1;3,1;3,2;
B 1 0 1 0 0 2 -2 4 3072580 -2,-1;-2,0;-2,1;-2,2;-2,3;-2,4;-1,-2;-1,0;-1,1;-1,2;-1,3;-1,4;0,-2;0,-1;0,1;0,2;0,3;0,4;1,-2;1,-1;1,2;1,3;1,4;2,-2;2,-1;2,1;2,3;2,4;3,-2;3,-1;3,1;3,2;3,4;4,-2;4,-1;4,1;4,2;4,3;
B 1 0 1 0 0 3 -2 4 675404 -2,-1;-2,0;-2,1;-2,2;-2,3;-2,4;-1,-2;-1,0;-1,1;-1,2;-1,3;-1,4;0,-2;0,-1;0,1;0,2;0,3;0,4;1,-2;1,-1;1,2;1,3;1,4;2,-2;2,-1;2,1;2,3;2,4;3,-2;3,-1;3,1;3,2;4,-2;4,-1;4,1;4,2;4,3;
B 1 0 1 0 0 3 -2 5 815869 -2,-1;-2,0;-2,1;-2,2;-2,3;-2,4;-2,5;-1,-2;-1,0;-1,1;-1,2;-1,3;-1,4;-1,5;0,-2;0,-1;0,1;0,2;0,3;0,4;0,5;1,-2;1,-1;1,2;1,3;1,4;1,5;2,-2;2,-1;2,1;2,3;2,4;2,5;3,-2;3,-1;3,1;3,2;3,4;3,5;4,-2;4,-1;4,1;4,2;4,3;4,5;5,-2;5,-1;5,1;5,2;5,3;5,4;
B 1 0 1 1 0 1 0 1 1861859 0,1;
B 1 0 1 1 0 1 0 2 1482474 0,1;0,2;1,2;2,1;
B 1 0 1 1 0 1 0 3 526544 0,1;0,2;0,3;1,2;1,3;2,1;2,3;3,1;3,2;
B 1 0 1 1 0 2 -1 2 529274 -1,0;-1,1;-1,2;0,-1;0,1;0,2;1,-1;1,2;2,-1;2,1;
B 1 0 1 1 0 2 -1 3 719783 -1,0;-1,1;-1,2;-1,3;0,-1;0,1;0,2;0,3;1,-1;1,2;1,3;2,-1;2,1;2,3;3,-1;3,1;3,2;
B 1 0 1 1 0 2 -1 4 526544 -1,1;-1,2;-1,3;-1,4;0,-1;0,1;0,2;0,3;0,4;1,-1;1,2;1,3;1,4;2,-1;2,1;2,3;2,4;3,-1;3,1;3,2;3,4;4,-1;4,1;4,2;4,3;
B 1 0 1 1 0 3 -2 5 824327 -2,-1;-2,0;-2,1;-2,2;-2,3;-2,4;-2,5;-1,-2;-1,0;-1,1;-1,2;-1,3;-1,4;-1,5;0,-2;0,-1;0,1;0,2;0,3;0,4;0,5;1,-2;1,-1;1,2;1,3;1,4;1,5;2,-2;2,-1;2,1;2,3;2,4;2,5;3,-2;3,-1;3,1;3,2;3,4;3,5;4,-2;4,-1;4,1;4,2;4,3;4,5;5,-2;5,-1;5,1;5,2;5,3;5,4;
B 1 0 1 1 0 3 -1 5 658147 -1,1;-1,2;-1,3;-1,4;-1,5;0,-1;0,1;0,2;0,3;0,4;0,5;1,-1;1,2;1,3;1,4;1,5;2,-1;2,1;2,3;2,4;2,5;3,-1;3,1;3,2;3,4;3,5;4,-1;4,1;4,2;4,3;4,5;5,-1;5,1;5,2;5,3;5,4;
B 1 0 1 2 0 1 0 1 1411906 0,1;
B 1 0 1 2 0 2 0 2 331992 0,1;0,2;1,2;2,1;
B 1 0 1 2 0 2 0 3 533053 0,1;0,2;0,3;1,2;1,3;2,1;2,3;3,1;3,2;
B 1 0 1 2 0 3 0 3 331992 0,1;0,2;0,3;1,2;1,3;2,1;2,3;3,1;3,2;
B 1 1 1 0 0 1 -2 1 919509 -2,-1;-2,0;-2,1;-1,-2;-1,0;-1,1;0,-2;0,-1;0,1;1,-2;1,-1;
B 1 1 1 0 0 1 -1 1 3442870 -1,0;-1,1;0,-1;0,1;1,-1;
B 1 1 1 0 0 2 -2 2 2175429 -2,-1;-2,0;-2,1;-2,2;-1,-2;-1,0;-1,1;-1,2;0,-2;0,-1;0,1;0,2;1,-2;1,-1;1,2;2,-2;2,-1;2,1;
B 1 1 1 0 0 3 -2 3 1486325 -2,-1;-2,0;-2,1;-2,2;-2,3;-1,-2;-1,0;-1,1;-1,2;-1,3;0,-2;0,-1;0,1;0,2;0,3;1,-2;1,-1;1,2;1,3;2,-2;2,-1;2,1;2,3;3,-2;3,-1;3,1;3,2;
B 1 1 1 0 0 3 -2 4 544943 -2,-1;-2,0;-2,1;-2,2;-2,3;-2,4;-1,-2;-1,0;-1,1;-1,2;-1,3;-1,4;0,-2;0,-1;0,1;0,2;0,3;0,4;1,-2;1,-1;1,2;1,3;1,4;2,-2;2,-1;2,1;2,3;2,4;3,-2;3,-1;3,1;3,2;3,4;4,-2;4,-1;4,1;4,2;
B 1 1 1 0 0 3 -2 5 155682 -2,-1;-2,0;-2,1;-2,2;-2,3;-2,4;-2,5;-1,-2;-1,0;-1,1;-1,2;-1,3;-1,4;-1,5;0,-2;0,-1;0,1;0,2;0,3;0,4;0,5;1,-2;1,-1;1,2;1,3;1,4;1,5;2,-2;2,-1;2,1;2,3;2,4;2,5;3,-2;3,-1;3,1;3,2;3,4;3,5;4,-2;4,-1;4,1;4,2;4,5;5,-2;5,-1;5,1;5,2;5,4;
B 1 1 1 0 1 1 -2 1 7621100 -2,-1;-2,0;-2,1;-1,-2;-1,0;-1,1;0,-2;0,-1;0,1;1,-2;1,-1;
B 1 1 1 0 1 1 -2 2 1844623 -2,-1;-2,0;-2,1;-2,2;-1,-2;-1,1;-1,2;0,-2;0,-1;0,1;0,2;1,-2;1,-1;1,2;2,-2;2,-1;
B 1 1 1 0 1 1 -2 3 1209692 -2,-1;-2,0;-2,1;-2,2;-2,3;-1,-2;-1,1;-1,2;-1,3;0,-2;0,-1;0,1;0,2;0,3;1,-2;1,-1;1,2;1,3;2,-2;2,-1;3,-2;3,-1;3,2;
B 1 1 1 0 1 1 -1 1 2750468 -1,0;-1,1;0,-1;0,1;1,-1;
B 1 1 1 0 1 1 -1 2 247253 -1,1;-1,2;0,-1;0,1;0,2;1,-1;1,2;2,-1;
B 1 1 1 0 1 1 -1 3 236588 -1,1;-1,2;-1,3;0,-1;0,1;0,2;0,3;1,-1;1,2;1,3;2,-1;3,-1;3,2;
B 1 1 1 0 1 2 -2 2 2621010 -2,-1;-2,0;-2,1;-2,2;-1,-2;-1,0;-1,1;-1,2;0,-2;0,-1;0,1;0,2;1,-2;1,-1;2,-2;2,-1;2,1;
B 1 1 1 0 1 2 -2 3 1222286 -2,-1;-2,0;-2,1;-2,2;-2,3;-1,-2;-1,0;-1,1;-1,2;-1,3;0,-2;0,-1;0,1;0,2;0,3;1,-2;1,-1;1,3;2,-2;2,-1;2,1;2,3;3,-2;3,-1;3,1;
B 1 1 1 0 1 2 -2 4 883245 -2,-1;-2,1;-2,2;-2,3;-2,4;-1,-2;-1,0;-1,1;-1,2;-1,3;-1,4;0,-2;0,-1;0,1;0,2;0,3;0,4;1,-2;1,-1;1,3;1,4;2,-2;2,-1;2,1;2,3;2,4;3,-2;3,-1;3,1;3,4;4,-2;4,-1;4,1;4,3;
B 1 1 1 0 1 3 -2 3 933678 -2,-1;-2,0;-2,1;-2,2;-2,3;-1,-2;-1,0;-1,1;-1,2;-1,3;0,-2;0,-1;0,1;0,2;0,3;1,-2;1,-1;1,2;2,-2;2,-1;2,1;3,-2;3,-1;3,1;3,2;
B 1 1 1 0 1 3 -2 4 751679 -2,-1;-2,0;-2,1;-2,2;-2,3;-2,4;-1,-2;-1,0;-1,1;-1,2;-1,3;-1,4;0,-2;0,-1;0,1;0,2;0,3;0,4;1,-2;1,-1;1,2;1,4;2,-2;2,-1;2,1;2,4;3,-2;3,-1;3,1;3,2;3,4;4,-2;4,-1;4,1;4,2;
B 1 1 1 0 1 3 -2 5 525798 -2,-1;-2,0;-2,1;-2,2;-2,3;-2,4;-2,5;-1,-2;-1,0;-1,1;-1,2;-1,3;-1,4;-1,5;0,-2;0,-1;0,1;0,2;0,3;0,4;0,5;1,-2;1,-1;1,2;1,4;1,5;2,-2;2,-1;2,1;2,4;2,5;3,-2;3,-1;3,1;3,2;3,4;3,5;4,-2;4,-1;4,1;4,2;4,5;5,-2;5,-1;5,1;5,2;5,4;
B 1 1 1 1 0 1 0 1 2137782 0,1;
B 1 1 1 1 0 1 0 2 97139 0,1;0,2;1,2;
B 1 1 1 1 0 2 -1 2 459224 -1,0;-1,1;-1,2;0,-1;0,1;0,2;1,-1;1,2;2,-1;2,1;
B 1 1 1 1 0 2 -1 3 120727 -1,0;-1,1;-1,2;-1,3;0,-1;0,1;0,2;0,3;1,-1;1,3;2,-1;2,1;2,3;3,-1;3,1;
B 1 1 1 1 0 3 -2 5 71427 -2,-1;-2,0;-2,1;-2,2;-2,3;-2,4;-2,5;-1,-2;-1,0;-1,1;-1,2;-1,3;-1,4;-1,5;0,-2;0,-1;0,1;0,2;0,3;0,4;0,5;1,-2;1,-1;1,2;1,3;1,4;1,5;2,-2;2,-1;2,1;2,3;2,4;2,5;3,-2;3,-1;3,1;3,2;3,4;3,5;4,-2;4,-1;4,1;4,2;4,5;5,-2;5,-1;5,1;5,2;5,4;
B 1 1 1 1 0 3 -1 5 25712 -1,1;-1,2;-1,3;-1,4;-1,5;0,-1;0,1;0,2;0,3;0,4;0,5;1,-1;1,2;1,3;1,4;1,5;2,-1;2,1;2,3;2,4;2,5;3,-1;3,1;3,2;3,4;3,5;4,-1;4,1;4,2;4,5;5,-1;5,1;5,2;5,4;
B 1 1 1 1 1 1 0 1 1152875 0,1;
B 1 1 1 1 1 1 0 2 488910 0,1;0,2;1,2;
B 1 1 1 1 1 1 0 3 117166 0,1;0,2;0,3;1,2;1,3;3,2;
B 1 1 1 1 1 2 -1 2 385801 -1,0;-1,1;-1,2;0,-1;0,1;0,2;1,-1;2,-1;2,1;
B 1 1 1 1 1 2 -1 3 298838 -1,0;-1,1;-1,2;-1,3;0,-1;0,1;0,2;0,3;1,-1;1,3;2,-1;2,1;2,3;3,-1;3,1;
B 1 1 1 1 1 2 -1 4 117166 -1,1;-1,2;-1,3;-1,4;0,-1;0,1;0,2;0,3;0,4;1,-1;1,3;1,4;2,-1;2,1;2,3;2,4;3,-1;3,1;3,4;4,-1;4,1;4,3;
B 1 1 1 1 1 3 -2 5 345809 -2,-1;-2,0;-2,1;-2,2;-2,3;-2,4;-2,5;-1,-2;-1,0;-1,1;-1,2;-1,3;-1,4;-1,5;0,-2;0,-1;0,1;0,2;0,3;0,4;0,5;1,-2;1,-1;1,2;1,4;1,5;2,-2;2,-1;2,1;2,4;2,5;3,-2;3,-1;3,1;3,2;3,4;3,5;4,-2;4,-1;4,1;4,2;4,5;5,-2;5,-1;5,1;5,2;5,4;
B 1 1 1 1 1 3 -1 5 143101 -1,1;-1,2;-1,3;-1,4;-1,5;0,-1;0,1;0,2;0,3;0,4;0,5;1,-1;1,2;1,4;1,5;2,-1;2,1;2,4;2,5;3,-1;3,1;3,2;3,4;3,5;4,-1;4,1;4,2;4,5;5,-1;5,1;5,2;5,4;
B 1 1 1 2 0 1 0 1 2333150 0,1;
B 1 1 1 2 0 2 0 2 1406544 0,1;0,2;1,2;2,1;
B 1 1 1 2 0 2 0 3 45577 0,1;0,2;0,3;1,3;2,1;2,3;3,1;
B 1 1 1 2 0 3 -1 3 1045796 -1,0;-1,1;-1,2;-1,3;0,-1;0,1;0,2;0,3;1,-1;1,2;1,3;2,-1;2,1;2,3;3,-1;3,1;3,2;
B 1 1 1 2 0 3 0 3 360748 0,1;0,2;0,3;1,2;1,3;2,1;2,3;3,1;3,2;
B 1 1 1 2 1 1 0 1 927722 0,1;
B 1 1 1 2 1 2 0 2 497775 0,1;0,2;2,1;
B 1 1 1 2 1 2 0 3 168078 0,1;0,2;0,3;1,3;2,1;2,3;3,1;
B 1 1 1 2 1 3 -1 3 278313 -1,0;-1,1;-1,2;-1,3;0,-1;0,1;0,2;0,3;1,-1;1,2;2,-1;2,1;3,-1;3,1;3,2;
B 1 1 1 2 1 3 0 3 219462 0,1;0,2;0,3;1,2;2,1;3,1;3,2;
B 1 2 1 0 0 1 -2 1 408194 -2,-1;-2,0;-2,1;-1,-2;-1,0;-1,1;0,-2;0,-1;0,1;
B 1 2 1 0 0 1 -2 2 1020544 -2,-1;-2,0;-2,1;-2,2;-1,-2;-1,0;-1,1;-1,2;0,-2;0,-1;0,1;0,2;1,2;2,-2;2,-1;2,1;
B 1 2 1 0 0 1 -2 3 2340315 -2,-1;-2,0;-2,1;-2,2;-2,3;-1,-2;-1,0;-1,1;-1,2;-1,3;0,-2;0,-1;0,1;0,2;0,3;1,2;1,3;2,-2;2,-1;2,1;2,3;3,-2;3,-1;3,1;3,2;
B 1 2 1 0 0 1 -1 1 269768 -1,0;-1,1;0,-1;0,1;
B 1 2 1 0 0 1 -1 2 397133 -1,0;-1,1;-1,2;0,-1;0,1;0,2;1,2;2,-1;2,1;
B 1 2 1 0 0 1 -1 3 950831 -1,0;-1,1;-1,2;-1,3;0,-1;0,1;0,2;0,3;1,2;1,3;2,-1;2,1;2,3;3,-1;3,1;3,2;
B 1 2 1 0 0 2 -2 3 408194 -2,-1;-2,0;-2,1;-2,2;-2,3;-1,-2;-1,1;-1,2;-1,3;0,-2;0,-1;0,1;0,2;0,3;1,-2;1,-1;1,2;1,3;3,-2;3,-1;3,1;3,2;
B 1 2 1 0 0 2 -2 4 1238877 -2,-1;-2,0;-2,1;-2,2;-2,3;-2,4;-1,-2;-1,1;-1,2;-1,3;-1,4;0,-2;0,-1;0,1;0,2;0,3;0,4;1,-2;1,-1;1,2;1,3;1,4;2,4;3,-2;3,-1;3,1;3,2;3,4;4,-2;4,-1;4,1;4,2;4,3;
B 1 2 1 0 0 3 -2 4 127722 -2,-1;-2,0;-2,1;-2,2;-2,3;-2,4;-1,-2;-1,0;-1,1;-1,2;-1,3;-1,4;0,-2;0,-1;0,1;0,2;0,3;0,4;1,-2;1,-1;1,3;1,4;2,-2;2,-1;2,1;2,3;2,4;4,-2;4,-1;4,1;4,2;4,3;
B 1 2 1 0 0 3 -2 5 142046 -2,-1;-2,0;-2,1;-2,2;-2,3;-2,4;-2,5;-1,-2;-1,0;-1,1;-1,2;-1,3;-1,4;-1,5;0,-2;0,-1;0,1;0,2;0,3;0,4;0,5;1,-2;1,-1;1,3;1,4;1,5;2,-2;2,-1;2,1;2,3;2,4;2,5;3,4;3,5;4,-2;4,-1;4,1;4,2;4,3;4,5;5,-2;5,-1;5,1;5,2;5,3;5,4;
B 1 2 1 1 0 1 0 1 721195 0,1;
B 1 2 1 1 0 1 0 2 345711 0,1;0,2;1,2;2,1;
B 1 2 1 1 0 1 0 3 342892 0,1;0,2;0,3;1,2;1,3;2,1;2,3;3,1;3,2;
B 1 2 1 1 0 2 -1 2 241826 -1,1;-1,2;0,-1;0,1;0,2;1,-1;1,2;
B 1 2 1 1 0 2 -1 3 288769 -1,1;-1,2;-1,3;0,-1;0,1;0,2;0,3;1,-1;1,2;1,3;3,-1;3,1;3,2;
B 1 2 1 1 0 2 -1 4 342892 -1,1;-1,2;-1,3;-1,4;0,-1;0,1;0,2;0,3;0,4;1,-1;1,2;1,3;1,4;2,4;3,-1;3,1;3,2;3,4;4,-1;4,1;4,2;4,3;
B 1 2 1 1 0 3 -2 5 186202 -2,-1;-2,0;-2,1;-2,2;-2,3;-2,4;-2,5;-1,-2;-1,0;-1,1;-1,2;-1,3;-1,4;-1,5;0,-2;0,-1;0,1;0,2;0,3;0,4;0,5;1,-2;1,-1;1,3;1,4;1,5;2,-2;2,-1;2,1;2,3;2,4;2,5;3,4;3,5;4,-2;4,-1;4,1;4,2;4,3;4,5;5,-2;5,-1;5,1;5,2;5,3;5,4;
B 1 2 1 1 0 3 -1 5 159509 -1,1;-1,2;-1,3;-1,4;-1,5;0,-1;0,1;0,2;0,3;0,4;0,5;1,-1;1,3;1,4;1,5;2,-1;2,1;2,3;2,4;2,5;3,4;3,5;4,-1;4,1;4,2;4,3;4,5;5,-1;5,1;5,2;5,3;5,4;
B 1 2 1 2 0 1 0 1 466091 0,1;
B 1 2 1 2 0 2 0 2 69977 0,1;0,2;1,2;
B 1 2 1 2 0 2 0 3 239894 0,1;0,2;0,3;1,2;1,3;3,1;3,2;
B 1 2 1 2 0 3 0 3 69977 0,1;0,2;0,3;1,3;2,1;2,3;
B 1 3 1 0 0 1 -2 1 539048 -2,-1;-2,0;-2,1;-1,-2;-1,0;-1,1;0,-2;0,-1;0,1;
B 1 3 1 0 0 1 -1 1 594118 -1,0;-1,1;0,-1;0,1;
B 1 3 1 0 0 2 -2 2 870029 -2,-1;-2,0;-2,1;-2,2;-1,-2;-1,1;-1,2;0,-2;0,-1;0,1;0,2;1,-2;1,-1;1,2;
B 1 3 1 0 0 3 -2 3 235695 -2,-1;-2,0;-2,1;-2,2;-2,3;-1,-2;-1,0;-1,1;-1,2;-1,3;0,-2;0,-1;0,1;0,2;0,3;1,-2;1,-1;1,3;2,-2;2,-1;2,1;2,3;
B 1 3 1 0 0 3 -2 4 26466 -2,-1;-2,1;-2,2;-2,3;-2,4;-1,-2;-1,0;-1,1;-1,2;-1,3;-1,4;0,-2;0,-1;0,1;0,2;0,3;0,4;1,-2;1,-1;1,3;1,4;2,-2;2,-1;2,1;2,3;2,4;3,4;
B 1 3 1 0 0 3 -2 5 976 -2,-1;-2,1;-2,2;-2,3;-2,4;-2,5;-1,-2;-1,3;-1,4;-1,5;0,-2;0,-1;0,1;0,2;0,3;0,4;0,5;1,-2;1,-1;1,3;1,4;1,5;2,-2;2,-1;2,1;2,3;2,4;2,5;3,4;3,5;5,4;
B 1 3 1 0 1 1 -2 1 1130396 -2,-1;-2,0;-2,1;-1,-2;-1,0;-1,1;0,-2;0,-1;0,1;
B 1 3 1 0 1 1 -2 2 85870 -2,-1;-2,0;-2,1;-2,2;-1,-2;-1,1;-1,2;0,-2;0,-1;0,1;0,2;1,2;
B 1 3 1 0 1 1 -2 3 7712 -2,-1;-2,0;-2,1;-2,2;-2,3;-1,-2;-1,1;-1,2;-1,3;0,-2;0,-1;0,1;0,2;0,3;1,2;1,3;3,2;
B 1 3 1 0 1 1 -1 3 4394 -1,1;-1,2;-1,3;0,-1;0,1;0,2;0,3;1,2;1,3;3,2;
B 1 3 1 1 0 1 0 1 263265 0,1;
B 1 3 1 1 0 1 0 2 485 0,1;0,2;1,2;
B 1 3 1 1 0 2 -1 2 24246 -1,1;-1,2;0,-1;0,1;0,2;1,-1;1,2;
B 1 3 1 1 0 3 -2 5 352 -2,-1;-2,1;-2,2;-2,3;-2,4;-2,5;-1,-2;-1,3;-1,4;-1,5;0,-2;0,-1;0,1;0,2;0,3;0,4;0,5;1,-2;1,-1;1,3;1,4;1,5;2,-2;2,-1;2,1;2,3;2,4;2,5;3,4;3,5;5,4;
B 1 3 1 1 0 3 -1 5 133 -1,3;-1,4;-1,5;0,-1;0,1;0,2;0,3;0,4;0,5;1,-1;1,3;1,4;1,5;2,-1;2,1;2,3;2,4;2,5;3,4;3,5;5,4;
B 1 3 1 2 0 1 0 1 235656 0,1;
B 1 3 1 2 0 2 0 2 108431 0,1;0,2;1,2;
B 1 3 1 2 0 3 -1 3 104008 -1,0;-1,1;-1,2;-1,3;0,-1;0,1;0,2;0,3;1,-1;1,3;2,-1;2,1;2,3;
B 1 3 1 2 0 3 0 3 4423 0,1;0,2;0,3;1,3;2,1;2,3;
B 2 0 0 0 0 1 -2 1 652007 -2,-1;-2,0;-2,1;-1,-2;-1,0;-1,1;1,-2;1,-1;1,0;
B 2 0 0 0 0 1 -2 2 1750181 -2,-1;-2,0;-2,1;-2,2;-1,-2;-1,0;-1,1;-1,2;0,2;1,-2;1,-1;1,0;1,2;2,-2;2,-1;2,0;2,1;
B 2 0 0 0 0 1 -2 3 7044402 -2,-1;-2,0;-2,1;-2,2;-2,3;-1,-2;-1,0;-1,1;-1,2;-1,3;0,2;0,3;1,-2;1,-1;1,0;1,2;1,3;2,-2;2,-1;2,0;2,1;2,3;3,-2;3,-1;3,0;3,1;3,2;
B 2 0 0 0 0 1 -1 1 2643436 -1,0;-1,1;1,-1;1,0;
B 2 0 0 0 0 1 -1 2 1523509 -1,0;-1,1;-1,2;0,2;1,-1;1,0;1,2;2,-1;2,0;2,1;
B 2 0 0 0 0 1 -1 3 5331712 -1,0;-1,1;-1,2;-1,3;0,2;0,3;1,-1;1,0;1,2;1,3;2,-1;2,0;2,1;2,3;3,-1;3,0;3,1;3,2;
B 2 0 0 0 0 2 -2 3 652007 -2,-1;-2,0;-2,1;-2,2;-2,3;-1,-2;-1,0;-1,1;-1,2;-1,3;0,1;1,-2;1,-1;1,0;1,2;1,3;2,-2;2,-1;2,0;2,1;3,-2;3,-1;3,0;3,1;3,2;
B 2 0 0 0 0 2 -2 4 4865743 -2,-1;-2,0;-2,1;-2,2;-2,3;-2,4;-1,-2;-1,0;-1,1;-1,2;-1,3;-1,4;0,1;0,3;0,4;1,-2;1,-1;1,0;1,2;1,3;1,4;2,-2;2,-1;2,0;2,1;2,3;2,4;3,-2;3,-1;3,0;3,1;3,2;3,4;4,-2;4,-1;4,0;4,1;4,2;4,3;
B 2 0 0 0 0 3 -2 4 1042936 -2,-1;-2,0;-2,1;-2,2;-2,3;-2,4;-1,-2;-1,0;-1,1;-1,2;-1,3;-1,4;0,1;0,2;1,-2;1,-1;1,0;1,2;1,3;1,4;2,-2;2,-1;2,0;2,1;2,3;2,4;3,-2;3,-1;3,0;3,1;3,2;4,-2;4,-1;4,0;4,1;4,2;4,3;
B 2 0 0 0 0 3 -2 5 1600500 -2,-1;-2,0;-2,1;-2,2;-2,3;-2,4;-2,5;-1,-2;-1,0;-1,1;-1,2;-1,3;-1,4;-1,5;0,1;0,2;0,4;0,5;1,-2;1,-1;1,0;1,2;1,3;1,4;1,5;2,-2;2,-1;2,0;2,1;2,3;2,4;2,5;3,-2;3,-1;3,0;3,1;3,2;3,4;3,5;4,-2;4,-1;4,0;4,1;4,2;4,3;4,5;5,-2;5,-1;5,0;5,1;5,2;5,3;5,4;
B 2 0 0 1 0 1 0 1 3660238 1,0;
B 2 0 0 1 0 1 0 2 4733075 0,2;1,0;1,2;2,0;2,1;
B 2 0 0 1 0 1 0 3 7429435 0,2;0,3;1,0;1,2;1,3;2,0;2,1;2,3;3,0;3,1;3,2;
B 2 0 0 1 0 2 -1 2 984408 -1,0;-1,1;-1,2;0,1;1,-1;1,0;1,2;2,-1;2,0;2,1;
B 2 0 0 1 0 2 -1 3 1625541 -1,0;-1,1;-1,2;-1,3;0,1;0,3;1,-1;1,0;1,2;1,3;2,-1;2,0;2,1;2,3;3,-1;3,0;3,1;3,2;
B 2 0 0 1 0 2 -1 4 2882654 -1,0;-1,1;-1,2;-1,3;-1,4;0,1;0,3;0,4;1,-1;1,0;1,2;1,3;1,4;2,-1;2,0;2,1;2,3;2,4;3,-1;3,0;3,1;3,2;3,4;4,-1;4,0;4,1;4,2;4,3;
B 2 0 0 1 0 3 -2 5 2092202 -2,-1;-2,0;-2,1;-2,2;-2,3;-2,4;-2,5;-1,-2;-1,0;-1,1;-1,2;-1,3;-1,4;-1,5;0,1;0,2;0,4;0,5;1,-2;1,-1;1,0;1,2;1,3;1,4;1,5;2,-2;2,-1;2,0;2,1;2,3;2,4;2,5;3,-2;3,-1;3,0;3,1;3,2;3,4;3,5;4,-2;4,-1;4,0;4,1;4,2;4,3;4,5;5,-2;5,-1;5,0;5,1;5,2;5,3;5,4;
B 2 0 0 1 0 3 -1 5 2640873 -1,0;-1,1;-1,2;-1,3;-1,4;-1,5;0,1;0,2;0,4;0,5;1,-1;1,0;1,2;1,3;1,4;1,5;2,-1;2,0;2,1;2,3;2,4;2,5;3,-1;3,0;3,1;3,2;3,4;3,5;4,-1;4,0;4,1;4,2;4,3;4,5;5,-1;5,0;5,1;5,2;5,3;5,4;
B 2 0 0 2 0 1 0 1 13585685 1,0;
B 2 0 0 2 0 1 0 2 7684818 0,2;1,0;1,2;2,0;2,1;
B 2 0 0 2 0 1 0 3 4187193 0,2;0,3;1,0;1,2;1,3;2,0;2,1;2,3;3,0;3,1;3,2;
B 2 0 0 2 0 2 0 2 4232895 0,1;1,0;1,2;2,0;2,1;
B 2 0 0 2 0 2 0 3 2372010 0,1;0,3;1,0;1,2;1,3;2,0;2,1;2,3;3,0;3,1;3,2;
B 2 0 0 2 0 2 0 4 7839770 0,1;0,3;0,4;1,0;1,2;1,3;1,4;2,0;2,1;2,3;2,4;3,0;3,1;3,2;3,4;4,0;4,1;4,2;4,3;
B 2 0 0 2 0 3 0 3 1430977 0,1;0,2;1,0;1,2;1,3;2,0;2,1;2,3;3,0;3,1;3,2;
B 2 0 0 2 0 3 0 4 2801918 0,1;0,2;0,4;1,0;1,2;1,3;1,4;2,0;2,1;2,3;2,4;3,0;3,1;3,2;3,4;4,0;4,1;4,2;4,3;
B 2 0 0 2 0 3 0 5 4032241 0,1;0,2;0,4;0,5;1,0;1,2;1,3;1,4;1,5;2,0;2,1;2,3;2,4;2,5;3,0;3,1;3,2;3,4;3,5;4,0;4,1;4,2;4,3;4,5;5,0;5,1;5,2;5,3;5,4;
B 2 0 1 0 0 1 -2 1 4158 -2,0;-2,1;-1,-2;-1,0;-1,1;0,1;
B 2 0 1 0 0 1 -2 2 7760 -2,0;-2,1;-2,2;-1,-2;-1,0;-1,1;-1,2;0,1;0,2;2,-2;2,-1;2,0;2,1;
B 2 0 1 0 0 1 -1 1 111818 -1,0;-1,1;0,1;
B 2 0 1 0 0 1 -1 2 44966 -1,0;-1,1;-1,2;0,1;0,2;2,-1;2,0;2,1;
B 2 0 1 0 0 1 -1 3 72699 -1,0;-1,1;-1,2;-1,3;0,1;0,2;0,3;1,3;2,-1;2,0;2,1;2,3;3,-1;3,0;3,1;3,2;
B 2 0 1 0 0 2 -2 3 4158 -2,0;-2,1;-2,2;-2,3;-1,-2;-1,0;-1,1;-1,2;-1,3;0,1;0,2;2,1;3,-2;3,-1;3,0;3,1;3,2;
B 2 0 1 0 0 2 -2 4 125425 -2,0;-2,1;-2,2;-2,3;-2,4;-1,-2;-1,0;-1,1;-1,2;-1,3;-1,4;0,1;0,2;0,3;0,4;1,3;2,1;2,3;3,-2;3,-1;3,0;3,1;3,2;3,4;4,-2;4,-1;4,0;4,1;4,2;4,3;
B 2 0 1 0 0 3 -2 4 35447 -2,-1;-2,0;-2,1;-2,2;-2,3;-2,4;-1,-2;-1,0;-1,1;-1,2;-1,3;-1,4;0,1;0,2;0,3;0,4;1,-2;1,-1;1,0;1,2;1,3;1,4;2,-2;2,-1;2,0;2,1;2,3;2,4;3,1;3,2;4,-2;4,-1;4,0;4,1;4,2;4,3;
B 2 0 1 0 0 3 -2 5 76371 -2,-1;-2,0;-2,1;-2,2;-2,3;-2,4;-2,5;-1,-2;-1,0;-1,1;-1,2;-1,3;-1,4;-1,5;0,1;0,2;0,3;0,4;0,5;1,-2;1,-1;1,0;1,2;1,3;1,4;1,5;2,-2;2,-1;2,0;2,1;2,3;2,4;2,5;3,1;3,2;3,4;3,5;4,-2;4,-1;4,0;4,1;4,2;4,3;4,5;5,-2;5,-1;5,0;5,1;5,2;5,3;5,4;
B 2 0 1 1 0 1 0 1 707782 0,1;
B 2 0 1 1 0 1 0 2 728173 0,1;0,2;1,2;2,0;2,1;
B 2 0 1 1 0 1 0 3 446398 0,1;0,2;0,3;1,2;1,3;2,0;2,1;2,3;3,0;3,1;3,2;
B 2 0 1 1 0 2 -1 2 144512 -1,0;-1,1;-1,2;0,1;0,2;1,-1;1,0;1,2;2,1;
B 2 0 1 1 0 2 -1 3 284997 -1,0;-1,1;-1,2;-1,3;0,1;0,2;0,3;1,-1;1,0;1,2;1,3;2,1;2,3;3,-1;3,0;3,1;3,2;
B 2 0 1 1 0 2 -1 4 446398 -1,0;-1,1;-1,2;-1,3;-1,4;0,1;0,2;0,3;0,4;1,3;1,4;2,1;2,3;2,4;3,-1;3,0;3,1;3,2;3,4;4,-1;4,0;4,1;4,2;4,3;
B 2 0 1 1 0 3 -2 5 174163 -2,-1;-2,0;-2,1;-2,2;-2,3;-2,4;-2,5;-1,-2;-1,0;-1,1;-1,2;-1,3;-1,4;-1,5;0,1;0,2;0,3;0,4;0,5;1,-2;1,-1;1,0;1,2;1,3;1,4;1,5;2,-2;2,-1;2,0;2,1;2,3;2,4;2,5;3,1;3,2;3,4;3,5;4,-2;4,-1;4,0;4,1;4,2;4,3;4,5;5,-2;5,-1;5,0;5,1;5,2;5,3;5,4;
B 2 0 1 1 0 3 -1 5 554010 -1,0;-1,1;-1,2;-1,3;-1,4;-1,5;0,1;0,2;0,3;0,4;0,5;1,-1;1,0;1,2;1,3;1,4;1,5;2,-1;2,0;2,1;2,3;2,4;2,5;3,1;3,2;3,4;3,5;4,-1;4,0;4,1;4,2;4,3;4,5;5,-1;5,0;5,1;5,2;5,3;5,4;
B 2 0 1 2 0 1 0 1 10116515 0,1;
B 2 0 1 2 0 1 0 2 4442988 0,1;0,2;1,2;2,0;2,1;
B 2 0 1 2 0 1 0 3 1260420 0,1;0,2;0,3;1,2;1,3;2,0;2,1;2,3;3,0;3,1;3,2;
B 2 0 1 2 0 2 0 2 3507661 0,1;0,2;1,0;1,2;2,1;
B 2 0 1 2 0 2 0 3 824154 0,1;0,2;0,3;1,0;1,2;1,3;2,1;2,3;3,0;3,1;3,2;
B 2 0 1 2 0 2 0 4 3706057 0,1;0,2;0,3;0,4;1,0;1,2;1,3;1,4;2,1;2,3;2,4;3,0;3,1;3,2;3,4;4,0;4,1;4,2;4,3;
B 2 0 1 2 0 3 0 3 797867 0,1;0,2;0,3;1,0;1,2;1,3;2,0;2,1;2,3;3,1;3,2;
B 2 0 1 2 0 3 0 4 2709794 0,1;0,2;0,3;0,4;1,0;1,2;1,3;1,4;2,0;2,1;2,3;2,4;3,1;3,2;3,4;4,0;4,1;4,2;4,3;
B 2 0 1 2 0 3 0 5 1997351 0,1;0,2;0,3;0,4;0,5;1,0;1,2;1,3;1,4;1,5;2,0;2,1;2,3;2,4;2,5;3,1;3,2;3,4;3,5;4,0;4,1;4,2;4,3;4,5;5,0;5,1;5,2;5,3;5,4;
B 2 1 0 0 0 1 -2 1 3818347 -2,-1;-2,0;-2,1;-1,-2;-1,0;-1,1;1,-2;1,-1;1,0;
B 2 1 0 0 0 1 -2 2 1868621 -2,-1;-2,0;-2,1;-2,2;-1,-2;-1,0;-1,1;-1,2;0,2;1,-2;1,-1;1,0;1,2;2,-2;2,-1;2,0;
B 2 1 0 0 0 1 -2 3 2521231 -2,-1;-2,0;-2,1;-2,2;-2,3;-1,-2;-1,0;-1,1;-1,2;-1,3;0,2;0,3;1,-2;1,-1;1,0;1,2;1,3;2,-2;2,-1;2,0;2,3;3,-2;3,-1;3,0;3,2;
B 2 1 0 0 0 1 -1 1 5297543 -1,0;-1,1;1,-1;1,0;
B 2 1 0 0 0 1 -1 2 774360 -1,0;-1,1;-1,2;0,2;1,-1;1,0;1,2;2,-1;2,0;
B 2 1 0 0 0 1 -1 3 1526051 -1,0;-1,1;-1,2;-1,3;0,2;0,3;1,-1;1,0;1,2;1,3;2,-1;2,0;2,3;3,-1;3,0;3,2;
B 2 1 0 0 0 2 -2 2 3472617 -2,-1;-2,0;-2,1;-2,2;-1,-2;-1,0;-1,1;-1,2;0,1;1,-2;1,-1;1,0;1,2;2,-2;2,-1;2,0;2,1;
B 2 1 0 0 0 2 -2 3 1170365 -2,-1;-2,0;-2,1;-2,2;-2,3;-1,-2;-1,0;-1,1;-1,2;-1,3;0,1;0,3;1,-2;1,-1;1,0;1,2;1,3;2,-2;2,-1;2,0;2,1;2,3;3,-2;3,-1;3,0;3,1;
B 2 1 0 0 0 2 -2 4 2567042 -2,-1;-2,0;-2,1;-2,2;-2,3;-2,4;-1,-2;-1,0;-1,1;-1,2;-1,3;-1,4;0,1;0,3;0,4;1,-2;1,-1;1,0;1,2;1,3;1,4;2,-2;2,-1;2,0;2,1;2,3;2,4;3,-2;3,-1;3,0;3,1;3,4;4,-2;4,-1;4,0;4,1;4,3;
B 2 1 0 0 0 3 -2 3 1650707 -2,-1;-2,0;-2,1;-2,2;-2,3;-1,-2;-1,0;-1,1;-1,2;-1,3;0,1;0,2;1,-2;1,-1;1,0;1,2;1,3;2,-2;2,-1;2,0;2,1;2,3;3,-2;3,-1;3,0;3,1;3,2;
B 2 1 0 0 0 3 -2 4 961158 -2,-1;-2,0;-2,1;-2,2;-2,3;-2,4;-1,-2;-1,0;-1,1;-1,2;-1,3;-1,4;0,1;0,2;0,4;1,-2;1,-1;1,0;1,2;1,3;1,4;2,-2;2,-1;2,0;2,1;2,3;2,4;3,-2;3,-1;3,0;3,1;3,2;3,4;4,-2;4,-1;4,0;4,1;4,2;
B 2 1 0 0 0 3 -2 5 684065 -2,-1;-2,0;-2,1;-2,2;-2,3;-2,4;-2,5;-1,-2;-1,0;-1,1;-1,2;-1,3;-1,4;-1,5;0,1;0,2;0,4;0,5;1,-2;1,-1;1,0;1,2;1,3;1,4;1,5;2,-2;2,-1;2,0;2,1;2,3;2,4;2,5;3,-2;3,-1;3,0;3,1;3,2;3,4;3,5;4,-2;4,-1;4,0;4,1;4,2;4,5;5,-2;5,-1;5,0;5,1;5,2;5,4;
B 2 1 0 1 0 1 0 1 7012474 1,0;
B 2 1 0 1 0 1 0 2 1655433 0,2;1,0;1,2;2,0;
B 2 1 0 1 0 1 0 3 1929855 0,2;0,3;1,0;1,2;1,3;2,0;2,3;3,0;3,2;
B 2 1 0 1 0 2 -1 2 1337695 -1,0;-1,1;-1,2;0,1;1,-1;1,0;1,2;2,-1;2,0;2,1;
B 2 1 0 1 0 2 -1 3 1395208 -1,0;-1,1;-1,2;-1,3;0,1;0,3;1,-1;1,0;1,2;1,3;2,-1;2,0;2,1;2,3;3,-1;3,0;3,1;
B 2 1 0 1 0 2 -1 4 943253 -1,0;-1,1;-1,2;-1,3;-1,4;0,1;0,3;0,4;1,-1;1,0;1,2;1,3;1,4;2,-1;2,0;2,1;2,3;2,4;3,-1;3,0;3,1;3,4;4,-1;4,0;4,1;4,3;
B 2 1 0 1 0 3 -2 5 706849 -2,-1;-2,0;-2,1;-2,2;-2,3;-2,4;-2,5;-1,-2;-1,0;-1,1;-1,2;-1,3;-1,4;-1,5;0,1;0,2;0,4;0,5;1,-2;1,-1;1,0;1,2;1,3;1,4;1,5;2,-2;2,-1;2,0;2,1;2,3;2,4;2,5;3,-2;3,-1;3,0;3,1;3,2;3,4;3,5;4,-2;4,-1;4,0;4,1;4,2;4,5;5,-2;5,-1;5,0;5,1;5,2;5,4;
B 2 1 0 1 0 3 -1 5 948584 -1,0;-1,1;-1,2;-1,3;-1,4;-1,5;0,1;0,2;0,4;0,5;1,-1;1,0;1,2;1,3;1,4;1,5;2,-1;2,0;2,1;2,3;2,4;2,5;3,-1;3,0;3,1;3,2;3,4;3,5;4,-1;4,0;4,1;4,2;4,5;5,-1;5,0;5,1;5,2;5,4;
B 2 1 0 2 0 1 0 1 26266170 1,0;
B 2 1 0 2 0 1 0 2 3381948 0,2;1,0;1,2;2,0;
B 2 1 0 2 0 1 0 3 1346190 0,2;0,3;1,0;1,2;1,3;2,0;2,3;3,0;3,2;
B 2 1 0 2 0 2 0 2 13256693 0,1;1,0;1,2;2,0;2,1;
B 2 1 0 2 0 2 0 3 1289981 0,1;0,3;1,0;1,2;1,3;2,0;2,1;2,3;3,0;3,1;
B 2 1 0 2 0 2 0 4 3226996 0,1;0,3;0,4;1,0;1,2;1,3;1,4;2,0;2,1;2,3;2,4;3,0;3,1;3,4;4,0;4,1;4,3;
B 2 1 0 2 0 3 -1 3 2821132 -1,0;-1,1;-1,2;-1,3;0,1;0,2;1,-1;1,0;1,2;1,3;2,-1;2,0;2,1;2,3;3,-1;3,0;3,1;3,2;
B 2 1 0 2 0 3 0 3 2170713 0,1;0,2;1,0;1,2;1,3;2,0;2,1;2,3;3,0;3,1;3,2;
B 2 1 0 2 0 3 0 4 2731465 0,1;0,2;0,4;1,0;1,2;1,3;1,4;2,0;2,1;2,3;2,4;3,0;3,1;3,2;3,4;4,0;4,1;4,2;
B 2 1 0 2 0 3 0 5 1501142 0,1;0,2;0,4;0,5;1,0;1,2;1,3;1,4;1,5;2,0;2,1;2,3;2,4;2,5;3,0;3,1;3,2;3,4;3,5;4,0;4,1;4,2;4,5;5,0;5,1;5,2;5,4;
B 2 1 1 0 0 1 -1 1 139522 -1,0;-1,1;0,1;
B 2 1 1 0 0 2 -2 2 93336 -2,-1;-2,0;-2,1;-2,2;-1,-2;-1,0;-1,1;-1,2;0,1;0,2;1,-2;1,-1;1,0;1,2;2,1;
B 2 1 1 0 0 3 -2 3 34501 -2,-1;-2,0;-2,1;-2,2;-2,3;-1,-2;-1,0;-1,1;-1,2;-1,3;0,1;0,2;0,3;1,-2;1,-1;1,0;1,2;1,3;2,-2;2,-1;2,0;2,1;2,3;3,1;3,2;
B 2 1 1 0 0 3 -2 4 8994 -2,-1;-2,0;-2,1;-2,2;-2,3;-2,4;-1,-2;-1,0;-1,1;-1,2;-1,3;-1,4;0,1;0,2;0,3;0,4;1,-2;1,-1;1,0;1,2;1,3;1,4;2,-2;2,-1;2,0;2,1;2,3;2,4;3,1;3,2;3,4;4,1;4,2;
B 2 1 1 0 0 3 -2 5 2691 -2,-1;-2,0;-2,1;-2,2;-2,3;-2,4;-2,5;-1,-2;-1,0;-1,1;-1,2;-1,3;-1,4;-1,5;0,1;0,2;0,3;0,4;0,5;1,-2;1,-1;1,0;1,2;1,3;1,4;1,5;2,-2;2,-1;2,0;2,1;2,3;2,4;2,5;3,1;3,2;3,4;3,5;4,1;4,2;4,5;5,1;5,2;5,4;
B 2 1 1 1 0 1 0 1 372400 0,1;
B 2 1 1 1 0 1 0 2 9882 0,1;0,2;1,2;
B 2 1 1 1 0 2 -1 2 41595 -1,0;-1,1;-1,2;0,1;0,2;1,-1;1,0;1,2;2,1;
B 2 1 1 1 0 2 -1 3 21511 -1,0;-1,1;-1,2;-1,3;0,1;0,2;0,3;1,-1;1,0;1,2;1,3;2,1;2,3;3,1;
B 2 1 1 1 0 3 -2 5 3188 -2,-1;-2,0;-2,1;-2,2;-2,3;-2,4;-2,5;-1,-2;-1,0;-1,1;-1,2;-1,3;-1,4;-1,5;0,1;0,2;0,3;0,4;0,5;1,-2;1,-1;1,0;1,2;1,3;1,4;1,5;2,-2;2,-1;2,0;2,1;2,3;2,4;2,5;3,1;3,2;3,4;3,5;4,1;4,2;4,5;5,1;5,2;5,4;
B 2 1 1 1 0 3 -1 5 6694 -1,0;-1,1;-1,2;-1,3;-1,4;-1,5;0,1;0,2;0,3;0,4;0,5;1,-1;1,0;1,2;1,3;1,4;1,5;2,-1;2,0;2,1;2,3;2,4;2,5;3,1;3,2;3,4;3,5;4,1;4,2;4,5;5,1;5,2;5,4;
B 2 1 1 2 0 1 0 1 7334019 0,1;
B 2 1 1 2 0 1 0 2 94337 0,1;0,2;1,2;
B 2 1 1 2 0 2 0 2 4711789 0,1;0,2;1,0;1,2;2,1;
B 2 1 1 2 0 2 0 3 27641 0,1;0,2;0,3;1,0;1,2;1,3;2,1;2,3;3,1;
B 2 1 1 2 0 2 0 4 74478 0,1;0,2;0,3;0,4;1,0;1,2;1,3;1,4;2,1;2,3;2,4;3,1;3,4;4,1;4,3;
B 2 1 1 2 0 3 -1 3 438877 -1,0;-1,1;-1,2;-1,3;0,1;0,2;0,3;1,-1;1,0;1,2;1,3;2,-1;2,0;2,1;2,3;3,1;3,2;
B 2 1 1 2 0 3 0 3 334497 0,1;0,2;0,3;1,0;1,2;1,3;2,0;2,1;2,3;3,1;3,2;
B 2 1 1 2 0 3 0 4 411868 0,1;0,2;0,3;0,4;1,0;1,2;1,3;1,4;2,0;2,1;2,3;2,4;3,1;3,2;3,4;4,1;4,2;
B 2 1 1 2 0 3 0 5 19859 0,1;0,2;0,3;0,4;0,5;1,0;1,2;1,3;1,4;1,5;2,0;2,1;2,3;2,4;2,5;3,1;3,2;3,4;3,5;4,1;4,2;4,5;5,1;5,2;5,4;
B 2 2 1 0 0 1 -2 1 107594 -2,0;-2,1;-1,-2;-1,0;-1,1;0,1;
B 2 2 1 0 0 1 -2 2 295841 -2,0;-2,1;-2,2;-1,-2;-1,0;-1,1;-1,2;0,1;0,2;2,-2;2,-1;2,0;2,1;
B 2 2 1 0 0 1 -2 3 1292328 -2,0;-2,1;-2,2;-2,3;-1,-2;-1,0;-1,1;-1,2;-1,3;0,1;0,2;0,3;1,3;2,-2;2,-1;2,0;2,1;2,3;3,-2;3,-1;3,0;3,1;3,2;
B 2 2 1 0 0 1 -1 1 710150 -1,0;-1,1;0,1;
B 2 2 1 0 0 1 -1 2 450413 -1,0;-1,1;-1,2;0,1;0,2;2,-1;2,0;2,1;
B 2 2 1 0 0 1 -1 3 2309829 -1,0;-1,1;-1,2;-1,3;0,1;0,2;0,3;1,3;2,-1;2,0;2,1;2,3;3,-1;3,0;3,1;3,2;
B 2 2 1 0 0 2 -2 3 107594 -2,-1;-2,0;-2,1;-2,2;-2,3;-1,-2;-1,0;-1,1;-1,2;-1,3;0,2;0,3;1,-2;1,-1;1,0;1,2;1,3;3,-2;3,-1;3,0;3,1;3,2;
B 2 2 1 0 0 2 -2 4 1351289 -2,-1;-2,0;-2,1;-2,2;-2,3;-2,4;-1,-2;-1,0;-1,1;-1,2;-1,3;-1,4;0,2;0,3;0,4;1,-2;1,-1;1,0;1,2;1,3;1,4;2,3;3,-2;3,-1;3,0;3,1;3,2;3,4;4,-2;4,-1;4,0;4,1;4,2;4,3;
B 2 2 1 0 0 3 -2 4 281019 -2,-1;-2,0;-2,1;-2,2;-2,3;-2,4;-1,-2;-1,0;-1,1;-1,2;-1,3;-1,4;0,1;0,2;0,3;0,4;1,-2;1,-1;1,0;1,2;1,3;1,4;2,-2;2,-1;2,0;2,1;2,3;2,4;4,-2;4,-1;4,0;4,1;4,2;4,3;
B 2 2 1 0 0 3 -2 5 429131 -2,-1;-2,0;-2,1;-2,2;-2,3;-2,4;-2,5;-1,-2;-1,0;-1,1;-1,2;-1,3;-1,4;-1,5;0,1;0,2;0,3;0,4;0,5;1,-2;1,-1;1,0;1,2;1,3;1,4;1,5;2,-2;2,-1;2,0;2,1;2,3;2,4;2,5;3,4;3,5;4,-2;4,-1;4,0;4,1;4,2;4,3;4,5;5,-2;5,-1;5,0;5,1;5,2;5,3;5,4;
B 2 2 1 1 0 1 0 1 1049090 0,1;
B 2 2 1 1 0 1 0 2 2112894 0,1;0,2;1,2;2,0;2,1;
B 2 2 1 1 0 1 0 3 5810436 0,1;0,2;0,3;1,2;1,3;2,0;2,1;2,3;3,0;3,1;3,2;
B 2 2 1 1 0 2 -1 2 269116 -1,0;-1,1;-1,2;0,2;1,-1;1,0;1,2;
B 2 2 1 1 0 2 -1 3 440323 -1,0;-1,1;-1,2;-1,3;0,2;0,3;1,-1;1,0;1,2;1,3;2,3;3,-1;3,0;3,1;3,2;
B 2 2 1 1 0 2 -1 4 1197454 -1,0;-1,1;-1,2;-1,3;-1,4;0,2;0,3;0,4;1,-1;1,0;1,2;1,3;1,4;2,3;2,4;3,-1;3,0;3,1;3,2;3,4;4,-1;4,0;4,1;4,2;4,3;
B 2 2 1 1 0 3 -2 5 792259 -2,-1;-2,0;-2,1;-2,2;-2,3;-2,4;-2,5;-1,-2;-1,0;-1,1;-1,2;-1,3;-1,4;-1,5;0,1;0,2;0,3;0,4;0,5;1,-2;1,-1;1,0;1,2;1,3;1,4;1,5;2,-2;2,-1;2,0;2,1;2,3;2,4;2,5;3,4;3,5;4,-2;4,-1;4,0;4,1;4,2;4,3;4,5;5,-2;5,-1;5,0;5,1;5,2;5,3;5,4;
B 2 2 1 1 0 3 -1 5 1320635 -1,0;-1,1;-1,2;-1,3;-1,4;-1,5;0,1;0,2;0,3;0,4;0,5;1,-1;1,0;1,2;1,3;1,4;1,5;2,-1;2,0;2,1;2,3;2,4;2,5;3,4;3,5;4,-1;4,0;4,1;4,2;4,3;4,5;5,-1;5,0;5,1;5,2;5,3;5,4;
B 2 2 1 2 0 1 0 1 6605077 0,1;
B 2 2 1 2 0 1 0 2 4686538 0,1;0,2;1,2;2,0;2,1;
B 2 2 1 2 0 1 0 3 3348168 0,1;0,2;0,3;1,2;1,3;2,0;2,1;2,3;3,0;3,1;3,2;
B 2 2 1 2 0 2 0 2 2171611 0,1;0,2;1,0;1,2;
B 2 2 1 2 0 2 0 3 955842 0,1;0,2;0,3;1,0;1,2;1,3;2,3;3,0;3,1;3,2;
B 2 2 1 2 0 2 0 4 5440498 0,1;0,2;0,3;0,4;1,0;1,2;1,3;1,4;2,3;2,4;3,0;3,1;3,2;3,4;4,0;4,1;4,2;4,3;
B 2 2 1 2 0 3 0 3 683128 0,1;0,2;0,3;1,0;1,2;1,3;2,0;2,1;2,3;
B 2 2 1 2 0 3 0 4 1488483 0,1;0,2;0,3;0,4;1,0;1,2;1,3;1,4;2,0;2,1;2,3;2,4;3,4;4,0;4,1;4,2;4,3;
B 2 2 1 2 0 3 0 5 2594208 0,1;0,2;0,3;0,4;0,5;1,0;1,2;1,3;1,4;1,5;2,0;2,1;2,3;2,4;2,5;3,4;3,5;4,0;4,1;4,2;4,3;4,5;5,0;5,1;5,2;5,3;5,4;
B 2 3 1 0 0 1 -2 1 118779 -2,0;-2,1;-1,-2;-1,0;-1,1;0,1;
B 2 3 1 0 0 1 -1 1 533157 -1,0;-1,1;0,1;
B 2 3 1 0 0 2 -2 2 356450 -2,-1;-2,0;-2,1;-2,2;-1,-2;-1,0;-1,1;-1,2;0,2;1,-2;1,-1;1,0;1,2;
B 2 3 1 0 0 2 -2 3 14338 -2,-1;-2,0;-2,1;-2,2;-2,3;-1,-2;-1,0;-1,1;-1,2;-1,3;0,2;0,3;1,-2;1,-1;1,0;1,2;1,3;2,3;
B 2 3 1 0 0 3 -2 3 263254 -2,-1;-2,0;-2,1;-2,2;-2,3;-1,-2;-1,0;-1,1;-1,2;-1,3;0,1;0,2;0,3;1,-2;1,-1;1,0;1,2;1,3;2,-2;2,-1;2,0;2,1;2,3;
B 2 3 1 0 0 3 -2 4 17404 -2,-1;-2,0;-2,1;-2,2;-2,3;-2,4;-1,-2;-1,0;-1,1;-1,2;-1,3;-1,4;0,1;0,3;0,4;1,-2;1,-1;1,0;1,3;1,4;2,-2;2,-1;2,0;2,1;2,3;2,4;3,4;
B 2 3 1 0 0 3 -2 5 490 -2,-1;-2,0;-2,1;-2,2;-2,3;-2,4;-2,5;-1,-2;-1,0;-1,3;-1,4;-1,5;0,3;0,4;0,5;1,-2;1,-1;1,0;1,3;1,4;1,5;2,-2;2,-1;2,0;2,1;2,3;2,4;2,5;3,4;3,5;5,4;
B 2 3 1 1 0 1 0 1 323098 0,1;
B 2 3 1 1 0 1 0 2 834 0,1;0,2;1,2;
B 2 3 1 1 0 1 0 3 1239 0,1;0,2;0,3;1,2;1,3;3,2;
B 2 3 1 1 0 2 -1 2 15922 -1,0;-1,1;-1,2;0,2;1,-1;1,0;1,2;
B 2 3 1 1 0 2 -1 3 1713 -1,0;-1,1;-1,2;-1,3;0,2;0,3;1,-1;1,0;1,2;1,3;2,3;
B 2 3 1 1 0 2 -1 4 1239 -1,0;-1,1;-1,2;-1,3;-1,4;0,2;0,3;0,4;1,-1;1,0;1,2;1,3;1,4;2,3;2,4;4,3;
B 2 3 1 1 0 3 -2 5 632 -2,-1;-2,0;-2,1;-2,2;-2,3;-2,4;-2,5;-1,-2;-1,0;-1,3;-1,4;-1,5;0,3;0,4;0,5;1,-2;1,-1;1,0;1,3;1,4;1,5;2,-2;2,-1;2,0;2,1;2,3;2,4;2,5;3,4;3,5;5,4;
B 2 3 1 1 0 3 -1 5 202 -1,0;-1,3;-1,4;-1,5;0,3;0,4;0,5;1,-1;1,0;1,3;1,4;1,5;2,-1;2,0;2,1;2,3;2,4;2,5;3,4;3,5;5,4;
B 2 3 1 2 0 1 0 1 2331279 0,1;
B 2 3 1 2 0 1 0 2 2101 0,1;0,2;1,2;
B 2 3 1 2 0 1 0 3 4394 0,1;0,2;0,3;1,2;1,3;3,2;
B 2 3 1 2 0 2 0 2 1652372 0,1;0,2;1,0;1,2;
B 2 3 1 2 0 2 0 3 1370 0,2;0,3;1,0;1,2;1,3;2,3;
B 2 3 1 2 0 2 0 4 4931 0,2;0,3;0,4;1,0;1,2;1,3;1,4;2,3;2,4;4,3;
B 2 3 1 2 0 3 -1 3 509284 -1,0;-1,1;-1,2;-1,3;0,1;0,2;0,3;1,-1;1,0;1,2;1,3;2,-1;2,0;2,1;2,3;
B 2 3 1 2 0 3 0 3 53816 0,1;0,2;0,3;1,0;1,2;1,3;2,0;2,1;2,3;
B 2 3 1 2 0 3 0 4 2837 0,1;0,2;0,3;0,4;1,0;1,3;1,4;2,0;2,1;2,3;2,4;3,4;
B 2 3 1 2 0 3 0 5 1564 0,1;0,3;0,4;0,5;1,0;1,3;1,4;1,5;2,0;2,1;2,3;2,4;2,5;3,4;3,5;5,4;
B 3 0 1 0 0 1 -2 1 154 -2,0;-2,1;-1,-2;-1,0;-1,1;0,1;
B 3 0 1 0 0 1 -2 2 537 -2,0;-2,1;-2,2;-1,-2;-1,0;-1,1;-1,2;0,1;0,2;2,1;
B 3 0 1 0 0 1 -1 1 957 -1,0;-1,1;0,1;
B 3 0 1 0 0 1 -1 2 2021 -1,0;-1,1;-1,2;0,1;0,2;2,1;
B 3 0 1 0 0 1 -1 3 4394 -1,0;-1,1;-1,2;-1,3;0,1;0,2;0,3;1,3;2,1;2,3;3,1;3,2;
B 3 0 1 0 0 2 -2 3 154 -2,0;-2,1;-2,2;-2,3;-1,-2;-1,0;-1,1;-1,2;-1,3;0,1;0,2;0,3;2,1;3,1;3,2;
B 3 0 1 0 0 2 -2 4 6952 -2,0;-2,1;-2,2;-2,3;-2,4;-1,-2;-1,0;-1,1;-1,2;-1,3;-1,4;0,1;0,2;0,3;0,4;1,3;2,1;2,3;3,1;3,2;3,4;4,1;4,2;4,3;
B 3 0 1 0 0 3 -2 4 201 -2,0;-2,1;-2,2;-2,3;-2,4;-1,-2;-1,0;-1,1;-1,2;-1,3;-1,4;0,1;0,2;0,3;0,4;2,1;2,3;3,1;4,1;4,2;4,3;
B 3 0 1 0 0 3 -2 5 756 -2,0;-2,1;-2,2;-2,3;-2,4;-2,5;-1,-2;-1,0;-1,1;-1,2;-1,3;-1,4;-1,5;0,1;0,2;0,3;0,4;0,5;1,5;2,1;2,3;2,5;3,1;3,2;3,4;3,5;4,1;4,2;4,3;4,5;5,1;5,2;5,3;5,4;
B 3 0 1 1 0 1 0 1 3786 0,1;
B 3 0 1 1 0 1 0 2 34975 0,1;0,2;1,2;2,1;
B 3 0 1 1 0 1 0 3 53496 0,1;0,2;0,3;1,2;1,3;2,1;2,3;3,1;3,2;
B 3 0 1 1 0 2 -1 2 355 -1,0;-1,1;-1,2;0,1;0,2;2,1;
B 3 0 1 1 0 2 -1 3 1987 -1,0;-1,1;-1,2;-1,3;0,1;0,2;0,3;1,3;2,1;2,3;3,1;3,2;
B 3 0 1 1 0 2 -1 4 53496 -1,0;-1,1;-1,2;-1,3;-1,4;0,1;0,2;0,3;0,4;1,3;1,4;2,1;2,3;2,4;3,1;3,2;3,4;4,1;4,2;4,3;
B 3 0 1 1 0 3 -2 5 1809 -2,0;-2,1;-2,2;-2,3;-2,4;-2,5;-1,-2;-1,0;-1,1;-1,2;-1,3;-1,4;-1,5;0,1;0,2;0,3;0,4;0,5;1,5;2,1;2,3;2,5;3,1;3,2;3,4;3,5;4,1;4,2;4,3;4,5;5,1;5,2;5,3;5,4;
B 3 0 1 1 0 3 -1 5 33166 -1,0;-1,1;-1,2;-1,3;-1,4;-1,5;0,1;0,2;0,3;0,4;0,5;1,4;1,5;2,1;2,3;2,4;2,5;3,1;3,2;3,4;3,5;4,1;4,2;4,3;4,5;5,1;5,2;5,3;5,4;
B 3 0 1 2 0 1 0 1 1386838 0,1;
B 3 0 1 2 0 1 0 2 1096377 0,1;0,2;1,2;2,1;
B 3 0 1 2 0 1 0 3 417349 0,1;0,2;0,3;1,2;1,3;2,1;2,3;3,1;3,2;
B 3 0 1 2 0 2 0 2 454491 0,1;0,2;1,2;2,1;
B 3 0 1 2 0 2 0 3 33424 0,1;0,2;0,3;1,2;1,3;2,1;2,3;3,1;3,2;
B 3 0 1 2 0 2 0 4 912192 0,1;0,2;0,3;0,4;1,2;1,3;1,4;2,1;2,3;2,4;3,1;3,2;3,4;4,1;4,2;4,3;
B 3 0 1 2 0 3 0 3 18358 0,1;0,2;0,3;1,2;1,3;2,1;2,3;3,1;3,2;
B 3 0 1 2 0 3 0 4 436133 0,1;0,2;0,3;0,4;1,2;1,3;1,4;2,1;2,3;2,4;3,1;3,2;3,4;4,1;4,2;4,3;
B 3 0 1 2 0 3 0 5 601534 0,1;0,2;0,3;0,4;0,5;1,2;1,3;1,4;1,5;2,1;2,3;2,4;2,5;3,1;3,2;3,4;3,5;4,1;4,2;4,3;4,5;5,1;5,2;5,3;5,4;
B 3 1 1 0 0 1 -1 1 1276 -1,0;-1,1;0,1;
B 3 1 1 0 0 2 -2 2 198 -2,0;-2,1;-2,2;-1,-2;-1,0;-1,1;-1,2;0,1;0,2;2,1;
B 3 1 1 0 0 3 -2 3 1078 -2,0;-2,1;-2,2;-2,3;-1,-2;-1,0;-1,1;-1,2;-1,3;0,1;0,2;0,3;2,1;2,3;3,1;
B 3 1 1 0 1 1 -2 1 5000 -2,0;-2,1;-1,-2;-1,0;-1,1;0,1;
B 3 1 1 0 1 1 -1 1 1306 -1,0;-1,1;0,1;
B 3 1 1 0 1 2 -2 2 3561 -2,0;-2,1;-2,2;-1,-2;-1,0;-1,1;-1,2;0,1;0,2;2,1;
B 3 1 1 0 1 2 -2 3 1778 -2,0;-2,1;-2,2;-2,3;-1,-2;-1,0;-1,1;-1,2;-1,3;0,1;0,2;0,3;1,3;2,1;2,3;3,1;
B 3 1 1 0 1 3 -2 3 154 -2,0;-2,1;-2,2;-2,3;-1,-2;-1,0;-1,1;-1,2;-1,3;0,1;0,2;0,3;2,1;3,1;3,2;
B 3 1 1 0 1 3 -2 4 198 -2,0;-2,1;-2,2;-2,3;-2,4;-1,-2;-1,0;-1,1;-1,2;-1,3;-1,4;0,1;0,2;0,3;0,4;2,1;3,1;3,2;3,4;4,1;4,2;
B 3 1 1 0 1 3 -2 5 615 -2,0;-2,1;-2,2;-2,3;-2,4;-2,5;-1,-2;-1,0;-1,1;-1,2;-1,3;-1,4;-1,5;0,1;0,2;0,3;0,4;0,5;1,5;2,1;2,5;3,1;3,2;3,4;3,5;4,1;4,2;4,5;5,1;5,2;5,4;
B 3 1 1 1 0 1 0 1 3571 0,1;
B 3 1 1 1 0 1 0 2 1303 0,1;0,2;1,2;
B 3 1 1 1 0 2 -1 2 495 -1,0;-1,1;-1,2;0,1;0,2;2,1;
B 3 1 1 1 0 2 -1 3 428 -1,0;-1,1;-1,2;-1,3;0,1;0,2;0,3;1,3;2,1;2,3;3,1;
B 3 1 1 1 0 3 -1 5 1303 -1,0;-1,1;-1,2;-1,3;-1,4;-1,5;0,1;0,2;0,3;0,4;0,5;1,4;1,5;2,1;2,3;2,4;2,5;3,1;3,4;3,5;4,1;5,1;5,4;
B 3 1 1 1 1 1 0 1 4335 0,1;
B 3 1 1 1 1 1 0 2 9523 0,1;0,2;1,2;
B 3 1 1 1 1 1 0 3 8889 0,1;0,2;0,3;1,2;1,3;3,2;
B 3 1 1 1 1 2 -1 2 1171 -1,0;-1,1;-1,2;0,1;0,2;2,1;
B 3 1 1 1 1 2 -1 3 1979 -1,0;-1,1;-1,2;-1,3;0,1;0,2;0,3;1,3;2,1;2,3;3,1;
B 3 1 1 1 1 2 -1 4 8889 -1,0;-1,1;-1,2;-1,3;-1,4;0,1;0,2;0,3;0,4;1,3;1,4;2,1;2,3;2,4;3,1;3,4;4,1;4,3;
B 3 1 1 1 1 3 -2 5 944 -2,0;-2,1;-2,2;-2,3;-2,4;-2,5;-1,-2;-1,0;-1,1;-1,2;-1,3;-1,4;-1,5;0,1;0,2;0,3;0,4;0,5;1,5;2,1;2,5;3,1;3,2;3,4;3,5;4,1;4,2;4,5;5,1;5,2;5,4;
B 3 1 1 1 1 3 -1 5 8579 -1,0;-1,1;-1,2;-1,3;-1,4;-1,5;0,1;0,2;0,3;0,4;0,5;1,4;1,5;2,1;2,4;2,5;3,1;3,2;3,4;3,5;4,1;4,2;4,5;5,1;5,2;5,4;
B 3 1 1 2 0 1 0 1 1401475 0,1;
B 3 1 1 2 0 1 0 2 41318 0,1;0,2;1,2;
B 3 1 1 2 0 2 0 2 904887 0,1;0,2;1,2;2,1;
B 3 1 1 2 0 2 0 3 1285 0,1;0,2;0,3;1,3;2,1;2,3;3,1;
B 3 1 1 2 0 2 0 4 25765 0,1;0,2;0,3;0,4;1,3;1,4;2,1;2,3;2,4;3,1;3,4;4,1;4,3;
B 3 1 1 2 0 3 -1 3 3084 -1,0;-1,1;-1,2;-1,3;0,1;0,2;0,3;1,3;2,1;2,3;3,1;3,2;
B 3 1 1 2 0 3 0 3 26522 0,1;0,2;0,3;1,2;1,3;2,1;2,3;3,1;3,2;
B 3 1 1 2 0 3 0 4 181222 0,1;0,2;0,3;0,4;1,2;1,3;1,4;2,1;2,3;2,4;3,1;3,2;3,4;4,1;4,2;
B 3 1 1 2 0 3 0 5 15553 0,1;0,2;0,3;0,4;0,5;1,2;1,3;1,4;1,5;2,1;2,3;2,4;2,5;3,1;3,2;3,4;3,5;4,1;4,2;4,5;5,1;5,2;5,4;
B 3 1 1 2 1 1 0 1 572545 0,1;
B 3 1 1 2 1 1 0 2 248982 0,1;0,2;1,2;
B 3 1 1 2 1 1 0 3 81927 0,1;0,2;0,3;1,2;1,3;3,2;
B 3 1 1 2 1 2 0 2 326451 0,1;0,2;2,1;
B 3 1 1 2 1 2 0 3 8576 0,1;0,2;0,3;1,3;2,1;2,3;3,1;
B 3 1 1 2 1 2 0 4 227092 0,1;0,2;0,3;0,4;1,3;1,4;2,1;2,3;2,4;3,1;3,4;4,1;4,3;
B 3 1 1 2 1 3 -1 3 521 -1,0;-1,1;-1,2;-1,3;0,1;0,2;0,3;2,1;3,1;3,2;
B 3 1 1 2 1 3 0 3 13720 0,1;0,2;0,3;1,2;2,1;3,1;3,2;
B 3 1 1 2 1 3 0 4 215699 0,1;0,2;0,3;0,4;1,2;1,4;2,1;2,4;3,1;3,2;3,4;4,1;4,2;
B 3 1 1 2 1 3 0 5 103817 0,1;0,2;0,3;0,4;0,5;1,2;1,4;1,5;2,1;2,4;2,5;3,1;3,2;3,4;3,5;4,1;4,2;4,5;5,1;5,2;5,4;
B 3 2 1 0 0 1 -2 2 3222 -2,0;-2,1;-2,2;-1,-2;-1,0;-1,1;-1,2;0,1;0,2;2,1;
B 3 2 1 0 0 1 -2 3 8884 -2,0;-2,1;-2,2;-2,3;-1,-2;-1,0;-1,1;-1,2;-1,3;0,1;0,2;0,3;1,3;2,1;2,3;3,1;3,2;
B 3 2 1 0 0 1 -1 1 788 -1,0;-1,1;0,1;
B 3 2 1 0 0 1 -1 3 62385 -1,0;-1,1;-1,2;-1,3;0,1;0,2;0,3;1,3;2,1;2,3;3,1;3,2;
B 3 2 1 0 0 3 -2 4 138 -2,0;-2,1;-2,2;-2,3;-2,4;-1,-2;-1,0;-1,1;-1,2;-1,3;-1,4;0,1;0,2;0,3;0,4;1,3;2,1;2,3;4,1;4,2;4,3;
B 3 2 1 0 0 3 -2 5 650 -2,0;-2,1;-2,2;-2,3;-2,4;-2,5;-1,-2;-1,0;-1,1;-1,2;-1,3;-1,4;-1,5;0,1;0,2;0,3;0,4;0,5;1,3;1,5;2,1;2,3;2,5;4,1;4,2;4,3;4,5;5,1;5,2;5,3;5,4;
B 3 2 1 1 0 1 0 1 662 0,1;
B 3 2 1 1 0 1 0 2 20978 0,1;0,2;1,2;2,1;
B 3 2 1 1 0 1 0 3 858016 0,1;0,2;0,3;1,2;1,3;2,1;2,3;3,1;3,2;
B 3 2 1 1 0 3 -2 5 1641 -2,0;-2,1;-2,2;-2,3;-2,4;-2,5;-1,-2;-1,0;-1,1;-1,2;-1,3;-1,4;-1,5;0,1;0,2;0,3;0,4;0,5;1,3;1,5;2,1;2,3;2,5;4,1;4,2;4,3;4,5;5,1;5,2;5,3;5,4;
B 3 2 1 1 0 3 -1 5 19337 -1,0;-1,1;-1,2;-1,3;-1,4;-1,5;0,1;0,2;0,3;0,4;0,5;1,3;1,4;1,5;2,1;2,3;2,4;2,5;3,4;4,1;4,2;4,3;4,5;5,1;5,2;5,3;5,4;
B 3 2 1 2 0 1 0 1 420810 0,1;
B 3 2 1 2 0 1 0 2 453668 0,1;0,2;1,2;2,1;
B 3 2 1 2 0 1 0 3 421125 0,1;0,2;0,3;1,2;1,3;2,1;2,3;3,1;3,2;
B 3 2 1 2 0 2 0 2 90427 0,1;0,2;1,2;
B 3 2 1 2 0 2 0 3 19100 0,1;0,2;0,3;1,2;1,3;3,1;3,2;
B 3 2 1 2 0 2 0 4 675753 0,1;0,2;0,3;0,4;1,2;1,3;1,4;2,4;3,1;3,2;3,4;4,1;4,2;4,3;
B 3 2 1 2 0 3 0 3 3465 0,1;0,2;0,3;1,3;2,1;2,3;
B 3 2 1 2 0 3 0 4 86962 0,1;0,2;0,3;0,4;1,3;1,4;2,1;2,3;2,4;3,4;4,1;4,2;4,3;
B 3 2 1 2 0 3 0 5 199040 0,1;0,2;0,3;0,4;0,5;1,3;1,4;1,5;2,1;2,3;2,4;2,5;3,4;3,5;4,1;4,2;4,3;4,5;5,1;5,2;5,3;5,4;
B 3 3 1 0 0 1 -1 1 700 -1,0;-1,1;0,1;
B 3 3 1 0 0 3 -2 3 700 -2,0;-2,1;-2,2;-2,3;-1,-2;-1,0;-1,1;-1,2;-1,3;0,1;0,2;0,3;1,3;2,1;2,3;
B 3 3 1 0 1 1 -2 1 85870 -2,0;-2,1;-1,-2;-1,0;-1,1;0,1;
B 3 3 1 1 0 1 0 1 476 0,1;
B 3 3 1 1 1 1 0 3 62385 0,1;0,2;0,3;1,2;1,3;3,2;
B 3 3 1 2 0 1 0 1 153870 0,1;
B 3 3 1 2 0 1 0 2 457 0,1;0,2;1,2;
B 3 3 1 2 0 2 0 2 131325 0,1;0,2;1,2;
B 3 3 1 2 0 3 -1 3 789 -1,0;-1,1;-1,2;-1,3;0,1;0,2;0,3;1,3;2,1;2,3;
B 3 3 1 2 0 3 0 3 320 0,1;0,2;0,3;1,3;2,1;2,3;
B 3 3 1 2 0 3 0 4 385 0,1;0,2;0,3;0,4;1,3;1,4;2,1;2,3;2,4;3,4;
B 3 3 1 2 0 3 0 5 457 0,1;0,2;0,3;0,4;0,5;1,3;1,4;1,5;2,1;2,3;2,4;2,5;3,4;3,5;5,4;
