#M 11 N 8 boards 11066766
B 0 0 0 0 0 1 -2 1 928868 -2,-1;-2,0;-2,1;-1,-2;-1,0;-1,1;0,-2;0,-1;1,-2;1,-1;1,0;
B 0 0 0 0 0 1 -2 2 695739 -2,-1;-2,0;-2,1;-2,2;-1,-2;-1,0;-1,1;-1,2;0,-2;1,-2;1,-1;1,0;2,-2;2,-1;2,0;2,1;
B 0 0 0 0 0 1 -2 3 4011791 -2,-1;-2,0;-2,1;-2,2;-2,3;-1,-2;-1,0;-1,1;-1,2;-1,3;0,-2;0,-1;0,2;0,3;1,-2;1,-1;1,0;1,2;1,3;2,-2;2,-1;2,0;2,1;2,3;3,-2;3,-1;3,0;3,1;3,2;
B 0 0 0 0 0 1 -1 1 691891 -1,0;-1,1;0,-1;1,-1;1,0;
B 0 0 0 0 0 1 -1 2 2375000 -1,0;-1,1;-1,2;0,-1;0,2;1,-1;1,0;1,2;2,-1;2,0;2,1;
B 0 0 0 0 0 1 -1 3 916806 -1,2;-1,3;0,-1;0,2;0,3;1,-1;1,0;1,2;1,3;2,-1;2,0;2,3;3,-1;3,0;3,1;3,2;
B 0 0 0 0 0 2 -2 3 928868 -2,-1;-2,0;-2,1;-2,2;-2,3;-1,-2;-1,0;-1,1;-1,2;-1,3;0,-2;0,-1;0,1;1,-2;1,-1;1,0;1,2;1,3;2,-2;2,-1;2,0;2,1;3,-2;3,-1;3,0;3,1;3,2;
B 0 0 0 0 0 2 -2 4 2375000 -2,-1;-2,0;-2,1;-2,2;-2,3;-2,4;-1,-2;-1,0;-1,1;-1,2;-1,3;-1,4;0,-2;0,-1;0,1;0,3;0,4;1,-2;1,-1;1,0;1,2;1,3;1,4;2,-2;2,-1;2,0;2,1;2,3;2,4;3,-2;3,-1;3,0;3,1;3,2;3,4;4,-2;4,-1;4,0;4,1;4,2;4,3;
B 0 0 0 0 0 3 -2 4 691891 -2,-1;-2,0;-2,1;-2,2;-2,3;-2,4;-1,-2;-1,0;-1,1;-1,2;-1,3;-1,4;0,-2;0,-1;0,1;0,2;1,-2;1,-1;1,0;1,2;1,3;1,4;2,-2;2,-1;2,0;2,1;2,3;2,4;3,-2;3,-1;3,0;3,1;3,2;4,-2;4,-1;4,0;4,1;4,2;4,3;
B 0 0 0 1 0 1 0 1 1532174 1,0;
B 0 0 0 1 0 1 0 2 819525 0,2;1,0;1,2;2,0;2,1;
B 0 0 0 1 0 1 0 3 1061501 0,2;0,3;1,0;1,2;1,3;2,0;2,1;2,3;3,0;3,1;3,2;
B 0 0 0 1 0 2 -1 2 594244 -1,0;-1,1;-1,2;0,-1;0,1;1,-1;1,0;1,2;2,-1;2,0;2,1;
B 0 0 0 1 0 2 -1 4 1061501 -1,1;-1,3;-1,4;0,-1;0,1;0,3;0,4;1,-1;1,0;1,2;1,3;1,4;2,-1;2,0;2,1;2,3;2,4;3,-1;3,0;3,1;3,2;3,4;4,-1;4,0;4,1;4,2;4,3;
B 0 0 0 1 0 3 -2 5 937930 -2,-1;-2,0;-2,1;-2,2;-2,3;-2,4;-2,5;-1,-2;-1,0;-1,1;-1,2;-1,3;-1,4;-1,5;0,-2;0,-1;0,1;0,2;0,4;0,5;1,-2;1,-1;1,0;1,2;1,3;1,4;1,5;2,-2;2,-1;2,0;2,1;2,3;2,4;2,5;3,-2;3,-1;3,0;3,1;3,2;3,4;3,5;4,-2;4,-1;4,0;4,1;4,2;4,3;4,5;5,-2;5,-1;5,0;5,1;5,2;5,3;5,4;
B 0 0 0 1 0 3 -1 5 819525 -1,1;-1,2;-1,4;-1,5;0,-1;0,1;0,2;0,4;0,5;1,-1;1,0;1,2;1,3;1,4;1,5;2,-1;2,0;2,1;2,3;2,4;2,5;3,-1;3,0;3,1;3,2;3,4;3,5;4,-1;4,0;4,1;4,2;4,3;4,5;5,-1;5,0;5,1;5,2;5,3;5,4;
B 0 0 0 2 0 1 0 1 980085 1,0;
B 0 0 0 2 0 2 0 3 634743 0,1;0,3;1,0;1,2;1,3;2,0;2,1;2,3;3,0;3,1;3,2;
B 0 0 1 0 0 1 -2 1 1456705 -2,-1;-2,0;-2,1;-1,-2;-1,0;-1,1;0,-2;0,-1;0,1;1,-2;1,-1;
B 0 0 1 0 0 1 -2 2 1222334 -2,-1;-2,0;-2,1;-2,2;-1,-2;-1,0;-1,1;-1,2;0,-2;0,-1;0,1;1,-2;1,-1;2,-2;2,-1;2,0;2,1;
B 0 0 1 0 0 1 -2 3 5388862 -2,-1;-2,0;-2,1;-2,2;-2,3;-1,-2;-1,0;-1,1;-1,2;-1,3;0,-2;0,-1;0,1;0,2;0,3;1,-2;1,-1;1,2;1,3;2,-2;2,-1;2,0;2,1;2,3;3,-2;3,-1;3,0;3,1;3,2;
B 0 0 1 0 0 1 -1 1 1619582 -1,0;-1,1;0,-1;0,1;1,-1;
B 0 0 1 0 0 1 -1 2 3890177 -1,0;-1,1;-1,2;0,-1;0,1;0,2;1,-1;1,2;2,-1;2,0;2,1;
B 0 0 1 0 0 1 -1 3 1257524 -1,2;-1,3;0,-1;0,1;0,2;0,3;1,-1;1,2;1,3;2,-1;2,0;2,1;2,3;3,-1;3,0;3,1;3,2;
B 0 0 1 0 0 2 -2 3 1456705 -2,-1;-2,0;-2,1;-2,2;-2,3;-1,-2;-1,0;-1,1;-1,2;-1,3;0,-2;0,-1;0,1;0,2;0,3;1,-2;1,-1;1,0;1,2;1,3;2,-2;2,-1;2,1;3,-2;3,-1;3,0;3,1;3,2;
B 0 0 1 0 0 2 -2 4 3890177 -2,-1;-2,0;-2,1;-2,2;-2,3;-2,4;-1,-2;-1,0;-1,1;-1,2;-1,3;-1,4;0,-2;0,-1;0,1;0,2;0,3;0,4;1,-2;1,-1;1,0;1,2;1,3;1,4;2,-2;2,-1;2,1;2,3;2,4;3,-2;3,-1;3,0;3,1;3,2;3,4;4,-2;4,-1;4,0;4,1;4,2;4,3;
B 0 0 1 0 0 3 -2 4 1619582 -2,-1;-2,0;-2,1;-2,2;-2,3;-2,4;-1,-2;-1,0;-1,1;-1,2;-1,3;-1,4;0,-2;0,-1;0,1;0,2;0,3;0,4;1,-2;1,-1;1,0;1,2;1,3;1,4;2,-2;2,-1;2,0;2,1;2,3;2,4;3,-2;3,-1;3,1;3,2;4,-2;4,-1;4,0;4,1;4,2;4,3;
B 0 0 1 1 0 1 0 1 3279197 0,1;
B 0 0 1 1 0 1 0 2 1605442 0,1;0,2;1,2;2,0;2,1;
B 0 0 1 1 0 1 0 3 1506253 0,1;0,2;0,3;1,2;1,3;2,0;2,1;2,3;3,0;3,1;3,2;
B 0 0 1 1 0 2 -1 2 1526692 -1,0;-1,1;-1,2;0,-1;0,1;0,2;1,-1;1,0;1,2;2,-1;2,1;
B 0 0 1 1 0 2 -1 4 1506253 -1,1;-1,2;-1,3;-1,4;0,-1;0,1;0,2;0,3;0,4;1,-1;1,0;1,2;1,3;1,4;2,-1;2,1;2,3;2,4;3,-1;3,0;3,1;3,2;3,4;4,-1;4,0;4,1;4,2;4,3;
B 0 0 1 1 0 3 -2 5 1752505 -2,-1;-2,0;-2,1;-2,2;-2,3;-2,4;-2,5;-1,-2;-1,0;-1,1;-1,2;-1,3;-1,4;-1,5;0,-2;0,-1;0,1;0,2;0,3;0,4;0,5;1,-2;1,-1;1,0;1,2;1,3;1,4;1,5;2,-2;2,-1;2,0;2,1;2,3;2,4;2,5;3,-2;3,-1;3,1;3,2;3,4;3,5;4,-2;4,-1;4,0;4,1;4,2;4,3;4,5;5,-2;5,-1;5,0;5,1;5,2;5,3;5,4;
B 0 0 1 1 0 3 -1 5 1605442 -1,1;-1,2;-1,3;-1,4;-1,5;0,-1;0,1;0,2;0,3;0,4;0,5;1,-1;1,0;1,2;1,3;1,4;1,5;2,-1;2,0;2,1;2,3;2,4;2,5;3,-1;3,1;3,2;3,4;3,5;4,-1;4,0;4,1;4,2;4,3;4,5;5,-1;5,0;5,1;5,2;5,3;5,4;
B 0 0 1 2 0 1 0 1 3046970 0,1;
B 0 0 1 2 0 2 0 3 1615063 0,1;0,2;0,3;1,0;1,2;1,3;2,1;2,3;3,0;3,1;3,2;
B 0 1 0 0 0 1 -2 1 10230107 -2,-1;-2,0;-2,1;-1,-2;-1,0;-1,1;0,-2;0,-1;1,-2;1,-1;1,0;
B 0 1 0 0 0 1 -2 2 3077090 -2,-1;-2,0;-2,1;-2,2;-1,-2;-1,0;-1,1;-1,2;0,-2;0,-1;0,2;1,-2;1,-1;1,0;1,2;2,-2;2,-1;2,0;
B 0 1 0 0 0 1 -2 3 4783279 -2,-1;-2,0;-2,1;-2,2;-2,3;-1,-2;-1,0;-1,1;-1,2;-1,3;0,-2;0,-1;0,2;0,3;1,-2;1,-1;1,0;1,2;1,3;2,-2;2,-1;2,0;2,3;3,-2;3,-1;3,0;3,2;
B 0 1 0 0 0 1 -1 1 6086216 -1,0;-1,1;0,-1;1,-1;1,0;
B 0 1 0 0 0 1 -1 2 3409221 -1,0;-1,1;-1,2;0,-1;0,2;1,-1;1,0;1,2;2,-1;2,0;
B 0 1 0 0 0 1 -1 3 743490 -1,2;-1,3;0,-1;0,2;0,3;1,-1;1,0;1,2;1,3;2,-1;2,0;2,3;3,-1;3,0;3,2;
B 0 1 0 0 0 2 -2 2 3711011 -2,-1;-2,0;-2,1;-2,2;-1,-2;-1,0;-1,1;-1,2;0,-2;0,-1;0,1;1,-2;1,-1;1,0;1,2;2,-2;2,-1;2,0;2,1;
B 0 1 0 0 0 2 -2 3 2454275 -2,-1;-2,0;-2,1;-2,2;-2,3;-1,-2;-1,0;-1,1;-1,2;-1,3;0,-2;0,-1;0,1;0,3;1,-2;1,-1;1,0;1,2;1,3;2,-2;2,-1;2,0;2,1;2,3;3,-2;3,-1;3,0;3,1;
B 0 1 0 0 0 2 -2 4 3409221 -2,-1;-2,0;-2,1;-2,2;-2,3;-2,4;-1,-2;-1,0;-1,1;-1,2;-1,3;-1,4;0,-2;0,-1;0,1;0,3;0,4;1,-2;1,-1;1,0;1,2;1,3;1,4;2,-2;2,-1;2,0;2,1;2,3;2,4;3,-2;3,-1;3,0;3,1;3,4;4,-2;4,-1;4,0;4,1;4,3;
B 0 1 0 0 0 3 -2 3 3529289 -2,-1;-2,0;-2,1;-2,2;-2,3;-1,-2;-1,0;-1,1;-1,2;-1,3;0,-2;0,-1;0,1;0,2;1,-2;1,-1;1,0;1,2;1,3;2,-2;2,-1;2,0;2,1;2,3;3,-2;3,-1;3,0;3,1;3,2;
B 0 1 0 0 0 3 -2 4 2556927 -2,-1;-2,0;-2,1;-2,2;-2,3;-2,4;-1,-2;-1,0;-1,1;-1,2;-1,3;-1,4;0,-2;0,-1;0,1;0,2;0,4;1,-2;1,-1;1,0;1,2;1,3;1,4;2,-2;2,-1;2,0;2,1;2,3;2,4;3,-2;3,-1;3,0;3,1;3,2;3,4;4,-2;4,-1;4,0;4,1;4,2;
B 0 1 0 1 0 1 0 1 9439321 1,0;
B 0 1 0 1 0 1 0 2 1124401 0,2;1,0;1,2;2,0;
B 0 1 0 1 0 1 0 3 645975 0,2;0,3;1,0;1,2;1,3;2,0;2,3;3,0;3,2;
B 0 1 0 1 0 2 -1 2 5129670 -1,0;-1,1;-1,2;0,-1;0,1;1,-1;1,0;1,2;2,-1;2,0;2,1;
B 0 1 0 1 0 2 -1 4 645975 -1,1;-1,3;-1,4;0,-1;0,1;0,3;0,4;1,-1;1,0;1,2;1,3;1,4;2,-1;2,0;2,1;2,3;2,4;3,-1;3,0;3,1;3,4;4,-1;4,0;4,1;4,3;
B 0 1 0 1 0 3 -2 5 1796402 -2,-1;-2,0;-2,1;-2,2;-2,3;-2,4;-2,5;-1,-2;-1,0;-1,1;-1,2;-1,3;-1,4;-1,5;0,-2;0,-1;0,1;0,2;0,4;0,5;1,-2;1,-1;1,0;1,2;1,3;1,4;1,5;2,-2;2,-1;2,0;2,1;2,3;2,4;2,5;3,-2;3,-1;3,0;3,1;3,2;3,4;3,5;4,-2;4,-1;4,0;4,1;4,2;4,5;5,-2;5,-1;5,0;5,1;5,2;5,4;
B 0 1 0 1 0 3 -1 5 1124401 -1,1;-1,2;-1,4;-1,5;0,-1;0,1;0,2;0,4;0,5;1,-1;1,0;1,2;1,3;1,4;1,5;2,-1;2,0;2,1;2,3;2,4;2,5;3,-1;3,0;3,1;3,2;3,4;3,5;4,-1;4,0;4,1;4,2;4,5;5,-1;5,0;5,1;5,2;5,4;
B 0 1 0 2 0 1 0 1 4434347 1,0;
B 0 1 0 2 0 2 0 2 1931693 0,1;1,0;1,2;2,0;2,1;
B 0 1 0 2 0 2 0 3 1236649 0,1;0,3;1,0;1,2;1,3;2,0;2,1;2,3;3,0;3,1;
B 0 1 0 2 0 3 0 3 1931693 0,1;0,2;1,0;1,2;1,3;2,0;2,1;2,3;3,0;3,1;3,2;
B 0 1 1 0 0 1 -2 1 1628939 -2,-1;-2,0;-2,1;-1,-2;-1,0;-1,1;0,-2;0,-1;0,1;1,-2;1,-1;
B 0 1 1 0 0 1 -1 1 2338270 -1,0;-1,1;0,-1;0,1;1,-1;
B 0 1 1 0 0 1 -1 2 68449 -1,1;-1,2;0,-1;0,1;0,2;1,-1;1,2;2,-1;
B 0 1 1 0 0 2 -2 2 1243995 -2,-1;-2,0;-2,1;-2,2;-1,-2;-1,0;-1,1;-1,2;0,-2;0,-1;0,2;1,-2;1,-1;1,0;1,2;2,-2;2,-1;
B 0 1 1 0 0 2 -2 3 384944 -2,-1;-2,0;-2,1;-2,2;-2,3;-1,-2;-1,0;-1,1;-1,2;-1,3;0,-2;0,-1;0,2;0,3;1,-2;1,-1;1,0;1,2;1,3;2,-2;2,-1;2,3;3,-2;3,-1;
B 0 1 1 0 0 2 -2 4 68449 -2,-1;-2,2;-2,3;-2,4;-1,-2;-1,0;-1,1;-1,2;-1,3;-1,4;0,-2;0,-1;0,2;0,3;0,4;1,-2;1,-1;1,0;1,2;1,3;1,4;2,-2;2,-1;2,3;2,4;3,-2;3,-1;4,-2;4,-1;4,3;
B 0 1 1 0 0 3 -2 3 1810898 -2,-1;-2,0;-2,1;-2,2;-2,3;-1,-2;-1,0;-1,1;-1,2;-1,3;0,-2;0,-1;0,1;0,2;0,3;1,-2;1,-1;1,0;1,2;1,3;2,-2;2,-1;2,0;2,1;2,3;3,-2;3,-1;3,1;3,2;
B 0 1 1 0 0 3 -2 4 527372 -2,-1;-2,0;-2,1;-2,2;-2,3;-2,4;-1,-2;-1,0;-1,1;-1,2;-1,3;-1,4;0,-2;0,-1;0,1;0,2;0,3;0,4;1,-2;1,-1;1,0;1,2;1,3;1,4;2,-2;2,-1;2,0;2,1;2,3;2,4;3,-2;3,-1;3,1;3,2;3,4;4,-2;4,-1;4,1;4,2;
B 0 1 1 1 0 1 0 1 5840496 0,1;
B 0 1 1 1 0 1 0 2 58958 0,1;0,2;1,2;
B 0 1 1 1 0 1 0 3 10343 0,1;0,2;0,3;1,2;1,3;3,2;
B 0 1 1 1 0 2 -1 2 3248992 -1,0;-1,1;-1,2;0,-1;0,1;0,2;1,-1;1,0;1,2;2,-1;2,1;
B 0 1 1 1 0 2 -1 4 10343 -1,3;-1,4;0,-1;0,2;0,3;0,4;1,-1;1,0;1,2;1,3;1,4;2,-1;2,3;2,4;3,-1;4,-1;4,3;
B 0 1 1 1 0 3 -2 5 162419 -2,-1;-2,0;-2,1;-2,2;-2,3;-2,4;-2,5;-1,-2;-1,0;-1,1;-1,2;-1,3;-1,4;-1,5;0,-2;0,-1;0,1;0,2;0,3;0,4;0,5;1,-2;1,-1;1,0;1,2;1,3;1,4;1,5;2,-2;2,-1;2,0;2,1;2,3;2,4;2,5;3,-2;3,-1;3,1;3,2;3,4;3,5;4,-2;4,-1;4,1;4,2;4,5;5,-2;5,-1;5,1;5,2;5,4;
B 0 1 1 1 0 3 -1 5 58958 -1,1;-1,2;-1,3;-1,4;-1,5;0,-1;0,1;0,2;0,3;0,4;0,5;1,-1;1,0;1,2;1,3;1,4;1,5;2,-1;2,0;2,1;2,3;2,4;2,5;3,-1;3,1;3,2;3,4;3,5;4,-1;4,1;4,2;4,5;5,-1;5,1;5,2;5,4;
B 0 1 1 2 0 1 0 1 2951086 0,1;
B 0 1 1 2 0 2 0 2 2064381 0,1;0,2;1,0;1,2;2,1;
B 0 1 1 2 0 2 0 3 230383 0,1;0,2;0,3;1,0;1,2;1,3;2,1;2,3;3,1;
B 0 1 1 2 0 3 0 3 2064381 0,1;0,2;0,3;1,0;1,2;1,3;2,0;2,1;2,3;3,1;3,2;
B 0 2 1 0 0 1 -2 1 768550 -2,-1;-2,0;-2,1;-1,-2;-1,0;-1,1;0,-2;0,-1;0,1;
B 0 2 1 0 0 1 -2 2 539794 -2,-1;-2,0;-2,1;-2,2;-1,-2;-1,0;-1,1;-1,2;0,-2;0,-1;0,1;2,-2;2,-1;2,0;2,1;
B 0 2 1 0 0 1 -2 3 3852767 -2,-1;-2,0;-2,1;-2,2;-2,3;-1,-2;-1,0;-1,1;-1,2;-1,3;0,-2;0,-1;0,1;0,2;0,3;1,2;1,3;2,-2;2,-1;2,0;2,1;2,3;3,-2;3,-1;3,0;3,1;3,2;
B 0 2 1 0 0 1 -1 1 914441 -1,0;-1,1;0,-1;0,1;
B 0 2 1 0 0 1 -1 2 2202264 -1,0;-1,1;-1,2;0,-1;0,1;0,2;1,2;2,-1;2,0;2,1;
B 0 2 1 0 0 1 -1 3 1514617 -1,1;-1,2;-1,3;0,-1;0,1;0,2;0,3;1,2;1,3;2,-1;2,0;2,1;2,3;3,-1;3,0;3,1;3,2;
B 0 2 1 0 0 2 -2 3 768550 -2,-1;-2,0;-2,1;-2,2;-2,3;-1,-2;-1,0;-1,1;-1,2;-1,3;0,-2;0,-1;0,1;0,2;0,3;1,-2;1,-1;1,0;1,2;1,3;3,-2;3,-1;3,0;3,1;3,2;
B 0 2 1 0 0 2 -2 4 2202264 -2,-1;-2,0;-2,1;-2,2;-2,3;-2,4;-1,-2;-1,0;-1,1;-1,2;-1,3;-1,4;0,-2;0,-1;0,1;0,2;0,3;0,4;1,-2;1,-1;1,0;1,2;1,3;1,4;2,3;2,4;3,-2;3,-1;3,0;3,1;3,2;3,4;4,-2;4,-1;4,0;4,1;4,2;4,3;
B 0 2 1 0 0 3 -2 4 914441 -2,-1;-2,0;-2,1;-2,2;-2,3;-2,4;-1,-2;-1,0;-1,1;-1,2;-1,3;-1,4;0,-2;0,-1;0,1;0,2;0,3;0,4;1,-2;1,-1;1,0;1,2;1,3;1,4;2,-2;2,-1;2,0;2,1;2,3;2,4;4,-2;4,-1;4,0;4,1;4,2;4,3;
B 0 2 1 1 0 1 0 1 1677069 0,1;
B 0 2 1 1 0 1 0 2 823089 0,1;0,2;1,2;2,0;2,1;
B 0 2 1 1 0 1 0 3 1206911 0,1;0,2;0,3;1,2;1,3;2,0;2,1;2,3;3,0;3,1;3,2;
B 0 2 1 1 0 2 -1 2 740672 -1,0;-1,1;-1,2;0,-1;0,1;0,2;1,-1;1,0;1,2;
B 0 2 1 1 0 2 -1 4 1206911 -1,1;-1,2;-1,3;-1,4;0,-1;0,1;0,2;0,3;0,4;1,-1;1,0;1,2;1,3;1,4;2,3;2,4;3,-1;3,0;3,1;3,2;3,4;4,-1;4,0;4,1;4,2;4,3;
B 0 2 1 1 0 3 -2 5 936397 -2,-1;-2,0;-2,1;-2,2;-2,3;-2,4;-2,5;-1,-2;-1,0;-1,1;-1,2;-1,3;-1,4;-1,5;0,-2;0,-1;0,1;0,2;0,3;0,4;0,5;1,-2;1,-1;1,0;1,2;1,3;1,4;1,5;2,-2;2,-1;2,0;2,1;2,3;2,4;2,5;3,4;3,5;4,-2;4,-1;4,0;4,1;4,2;4,3;4,5;5,-2;5,-1;5,0;5,1;5,2;5,3;5,4;
B 0 2 1 1 0 3 -1 5 823089 -1,1;-1,2;-1,3;-1,4;-1,5;0,-1;0,1;0,2;0,3;0,4;0,5;1,-1;1,0;1,2;1,3;1,4;1,5;2,-1;2,0;2,1;2,3;2,4;2,5;3,4;3,5;4,-1;4,0;4,1;4,2;4,3;4,5;5,-1;5,0;5,1;5,2;5,3;5,4;
B 0 2 1 2 0 1 0 1 1399721 0,1;
B 0 2 1 2 0 2 0 3 713849 0,1;0,2;0,3;1,0;1,2;1,3;2,3;3,0;3,1;3,2;
B 0 3 1 0 0 1 -2 1 669525 -2,-1;-2,0;-2,1;-1,-2;-1,0;-1,1;0,-2;0,-1;0,1;
B 0 3 1 0 0 1 -1 1 797916 -1,0;-1,1;0,-1;0,1;
B 0 3 1 0 0 1 -1 2 8672 -1,1;-1,2;0,-1;0,1;0,2;1,2;
B 0 3 1 0 0 2 -2 2 579951 -2,-1;-2,0;-2,1;-2,2;-1,-2;-1,0;-1,1;-1,2;0,-2;0,-1;0,2;1,-2;1,-1;1,0;1,2;
B 0 3 1 0 0 2 -2 3 89574 -2,-1;-2,0;-2,1;-2,2;-2,3;-1,-2;-1,0;-1,1;-1,2;-1,3;0,-2;0,-1;0,2;0,3;1,-2;1,-1;1,0;1,2;1,3;2,3;
B 0 3 1 0 0 2 -2 4 8672 -2,-1;-2,2;-2,3;-2,4;-1,-2;-1,0;-1,1;-1,2;-1,3;-1,4;0,-2;0,-1;0,2;0,3;0,4;1,-2;1,-1;1,0;1,2;1,3;1,4;2,3;2,4;4,3;
B 0 3 1 0 0 3 -2 3 742729 -2,-1;-2,0;-2,1;-2,2;-2,3;-1,-2;-1,0;-1,1;-1,2;-1,3;0,-2;0,-1;0,1;0,2;0,3;1,-2;1,-1;1,0;1,2;1,3;2,-2;2,-1;2,0;2,1;2,3;
B 0 3 1 0 0 3 -2 4 55187 -2,-1;-2,0;-2,1;-2,2;-2,3;-2,4;-1,-2;-1,0;-1,1;-1,2;-1,3;-1,4;0,-2;0,-1;0,1;0,3;0,4;1,-2;1,-1;1,0;1,3;1,4;2,-2;2,-1;2,0;2,1;2,3;2,4;3,4;
B 0 3 1 1 0 1 0 1 1362292 0,1;
B 0 3 1 1 0 1 0 2 1022 0,1;0,2;1,2;
B 0 3 1 1 0 1 0 3 1454 0,1;0,2;0,3;1,2;1,3;3,2;
B 0 3 1 1 0 2 -1 2 713513 -1,0;-1,1;-1,2;0,-1;0,1;0,2;1,-1;1,0;1,2;
B 0 3 1 1 0 2 -1 4 1454 -1,2;-1,3;-1,4;0,-1;0,2;0,3;0,4;1,-1;1,0;1,2;1,3;1,4;2,3;2,4;4,3;
B 0 3 1 1 0 3 -2 5 2730 -2,-1;-2,0;-2,1;-2,2;-2,3;-2,4;-2,5;-1,-2;-1,0;-1,3;-1,4;-1,5;0,-2;0,-1;0,1;0,3;0,4;0,5;1,-2;1,-1;1,0;1,3;1,4;1,5;2,-2;2,-1;2,0;2,1;2,3;2,4;2,5;3,4;3,5;5,4;
B 0 3 1 1 0 3 -1 5 1022 -1,3;-1,4;-1,5;0,-1;0,1;0,3;0,4;0,5;1,-1;1,3;1,4;1,5;2,-1;2,0;2,1;2,3;2,4;2,5;3,4;3,5;5,4;
B 0 3 1 2 0 1 0 1 485102 0,1;
B 0 3 1 2 0 2 0 2 436363 0,1;0,2;1,0;1,2;
B 0 3 1 2 0 2 0 3 1750 0,2;0,3;1,0;1,2;1,3;2,3;
B 0 3 1 2 0 3 0 3 436363 0,1;0,2;0,3;1,0;1,2;1,3;2,0;2,1;2,3;
B 1 0 1 0 0 1 -2 1 991905 -2,-1;-2,0;-2,1;-1,-2;-1,0;-1,1;0,-2;0,-1;0,1;1,-2;1,-1;
B 1 0 1 0 0 1 -2 2 1448966 -2,-1;-2,0;-2,1;-2,2;-1,-2;-1,0;-1,1;-1,2;0,-2;0,-1;0,1;0,2;1,-2;1,-1;2,-2;2,-1;2,1;
B 1 0 1 0 0 1 -2 3 3044322 -2,-1;-2,0;-2,1;-2,2;-2,3;-1,-2;-1,0;-1,1;-1,2;-1,3;0,-2;0,-1;0,1;0,2;0,3;1,-2;1,-1;1,2;1,3;2,-2;2,-1;2,1;2,3;3,-2;3,-1;3,1;3,2;
B 1 0 1 0 0 1 -1 1 574536 -1,0;-1,1;0,-1;0,1;1,-1;
B 1 0 1 0 0 1 -1 2 1990647 -1,0;-1,1;-1,2;0,-1;0,1;0,2;1,-1;1,2;2,-1;2,1;
B 1 0 1 0 0 1 -1 3 401748 -1,2;-1,3;0,-1;0,1;0,2;0,3;1,-1;1,2;1,3;2,-1;2,1;2,3;3,-1;3,1;3,2;
B 1 0 1 0 0 2 -2 3 991905 -2,-1;-2,0;-2,1;-2,2;-2,3;-1,-2;-1,0;-1,1;-1,2;-1,3;0,-2;0,-1;0,1;0,2;0,3;1,-2;1,-1;1,2;1,3;2,-2;2,-1;2,1;3,-2;3,-1;3,1;3,2;
B 1 0 1 0 0 2 -2 4 1990647 -2,-1;-2,0;-2,1;-2,2;-2,3;-2,4;-1,-2;-1,0;-1,1;-1,2;-1,3;-1,4;0,-2;0,-1;0,1;0,2;0,3;0,4;1,-2;1,-1;1,2;1,3;1,4;2,-2;2,-1;2,1;2,3;2,4;3,-2;3,-1;3,1;3,2;3,4;4,-2;4,-1;4,1;4,2;4,3;
B 1 0 1 0 0 3 -2 4 574536 -2,-1;-2,0;-2,1;-2,2;-2,3;-2,4;-1,-2;-1,0;-1,1;-1,2;-1,3;-1,4;0,-2;0,-1;0,1;0,2;0,3;0,4;1,-2;1,-1;1,2;1,3;1,4;2,-2;2,-1;2,1;2,3;2,4;3,-2;3,-1;3,1;3,2;4,-2;4,-1;4,1;4,2;4,3;
B 1 0 1 1 0 1 0 1 1287373 0,1;
B 1 0 1 1 0 1 0 2 679209 0,1;0,2;1,2;2,1;
B 1 0 1 1 0 1 0 3 570418 0,1;0,2;0,3;1,2;1,3;2,1;2,3;3,1;3,2;
B 1 0 1 1 0 2 -1 2 501951 -1,0;-1,1;-1,2;0,-1;0,1;0,2;1,-1;1,2;2,-1;2,1;
B 1 0 1 1 0 2 -1 4 570418 -1,1;-1,2;-1,3;-1,4;0,-1;0,1;0,2;0,3;0,4;1,-1;1,2;1,3;1,4;2,-1;2,1;2,3;2,4;3,-1;3,1;3,2;3,4;4,-1;4,1;4,2;4,3;
B 1 0 1 1 0 3 -2 5 785422 -2,-1;-2,0;-2,1;-2,2;-2,3;-2,4;-2,5;-1,-2;-1,0;-1,1;-1,2;-1,3;-1,4;-1,5;0,-2;0,-1;0,1;0,2;0,3;0,4;0,5;1,-2;1,-1;1,2;1,3;1,4;1,5;2,-2;2,-1;2,1;2,3;2,4;2,5;3,-2;3,-1;3,1;3,2;3,4;3,5;4,-2;4,-1;4,1;4,2;4,3;4,5;5,-2;5,-1;5,1;5,2;5,3;5,4;
B 1 0 1 1 0 3 -1 5 679209 -1,1;-1,2;-1,3;-1,4;-1,5;0,-1;0,1;0,2;0,3;0,4;0,5;1,-1;1,2;1,3;1,4;1,5;2,-1;2,1;2,3;2,4;2,5;3,-1;3,1;3,2;3,4;3,5;4,-1;4,1;4,2;4,3;4,5;5,-1;5,1;5,2;5,3;5,4;
B 1 0 1 2 0 1 0 1 979511 0,1;
B 1 0 1 2 0 2 0 3 525144 0,1;0,2;0,3;1,2;1,3;2,1;2,3;3,1;3,2;
B 1 1 1 0 0 1 -2 1 832556 -2,-1;-2,0;-2,1;-1,-2;-1,0;-1,1;0,-2;0,-1;0,1;1,-2;1,-1;
B 1 1 1 0 0 1 -1 1 1919975 -1,0;-1,1;0,-1;0,1;1,-1;
B 1 1 1 0 0 2 -2 2 832556 -2,-1;-2,0;-2,1;-2,2;-1,-2;-1,1;-1,2;0,-2;0,-1;0,1;0,2;1,-2;1,-1;1,2;2,-2;2,-1;
B 1 1 1 0 0 3 -2 3 1465585 -2,-1;-2,0;-2,1;-2,2;-2,3;-1,-2;-1,0;-1,1;-1,2;-1,3;0,-2;0,-1;0,1;0,2;0,3;1,-2;1,-1;1,2;1,3;2,-2;2,-1;2,1;2,3;3,-2;3,-1;3,1;3,2;
B 1 1 1 0 0 3 -2 4 454390 -2,-1;-2,0;-2,1;-2,2;-2,3;-2,4;-1,-2;-1,0;-1,1;-1,2;-1,3;-1,4;0,-2;0,-1;0,1;0,2;0,3;0,4;1,-2;1,-1;1,2;1,3;1,4;2,-2;2,-1;2,1;2,3;2,4;3,-2;3,-1;3,1;3,2;3,4;4,-2;4,-1;4,1;4,2;
B 1 1 1 0 1 1 -2 1 7571294 -2,-1;-2,0;-2,1;-1,-2;-1,0;-1,1;0,-2;0,-1;0,1;1,-2;1,-1;
B 1 1 1 0 1 1 -2 2 1283416 -2,-1;-2,0;-2,1;-2,2;-1,-2;-1,1;-1,2;0,-2;0,-1;0,1;0,2;1,-2;1,-1;1,2;2,-2;2,-1;
B 1 1 1 0 1 1 -2 3 1073807 -2,-1;-2,0;-2,1;-2,2;-2,3;-1,-2;-1,1;-1,2;-1,3;0,-2;0,-1;0,1;0,2;0,3;1,-2;1,-1;1,2;1,3;2,-2;2,-1;3,-2;3,-1;3,2;
B 1 1 1 0 1 1 -1 1 1647615 -1,0;-1,1;0,-1;0,1;1,-1;
B 1 1 1 0 1 1 -1 2 695524 -1,1;-1,2;0,-1;0,1;0,2;1,-1;1,2;2,-1;
B 1 1 1 0 1 1 -1 3 100424 -1,2;-1,3;0,-1;0,1;0,2;0,3;1,-1;1,2;1,3;2,-1;3,-1;3,2;
B 1 1 1 0 1 2 -2 2 2187894 -2,-1;-2,0;-2,1;-2,2;-1,-2;-1,0;-1,1;-1,2;0,-2;0,-1;0,1;0,2;1,-2;1,-1;2,-2;2,-1;2,1;
B 1 1 1 0 1 2 -2 3 1112865 -2,-1;-2,0;-2,1;-2,2;-2,3;-1,-2;-1,0;-1,1;-1,2;-1,3;0,-2;0,-1;0,1;0,2;0,3;1,-2;1,-1;1,3;2,-2;2,-1;2,1;2,3;3,-2;3,-1;3,1;
B 1 1 1 0 1 2 -2 4 695524 -2,-1;-2,1;-2,2;-2,3;-2,4;-1,-2;-1,0;-1,1;-1,2;-1,3;-1,4;0,-2;0,-1;0,1;0,2;0,3;0,4;1,-2;1,-1;1,3;1,4;2,-2;2,-1;2,1;2,3;2,4;3,-2;3,-1;3,1;3,4;4,-2;4,-1;4,1;4,3;
B 1 1 1 0 1 3 -2 3 949212 -2,-1;-2,0;-2,1;-2,2;-2,3;-1,-2;-1,0;-1,1;-1,2;-1,3;0,-2;0,-1;0,1;0,2;0,3;1,-2;1,-1;1,2;2,-2;2,-1;2,1;3,-2;3,-1;3,1;3,2;
B 1 1 1 0 1 3 -2 4 698403 -2,-1;-2,0;-2,1;-2,2;-2,3;-2,4;-1,-2;-1,0;-1,1;-1,2;-1,3;-1,4;0,-2;0,-1;0,1;0,2;0,3;0,4;1,-2;1,-1;1,2;1,4;2,-2;2,-1;2,1;2,4;3,-2;3,-1;3,1;3,2;3,4;4,-2;4,-1;4,1;4,2;
B 1 1 1 1 0 1 0 1 2906259 0,1;
B 1 1 1 1 0 1 0 2 46173 0,1;0,2;1,2;
B 1 1 1 1 0 2 -1 2 1558085 -1,0;-1,1;-1,2;0,-1;0,1;0,2;1,-1;1,2;2,-1;2,1;
B 1 1 1 1 0 3 -2 5 154462 -2,-1;-2,0;-2,1;-2,2;-2,3;-2,4;-2,5;-1,-2;-1,0;-1,1;-1,2;-1,3;-1,4;-1,5;0,-2;0,-1;0,1;0,2;0,3;0,4;0,5;1,-2;1,-1;1,2;1,3;1,4;1,5;2,-2;2,-1;2,1;2,3;2,4;2,5;3,-2;3,-1;3,1;3,2;3,4;3,5;4,-2;4,-1;4,1;4,2;4,5;5,-2;5,-1;5,1;5,2;5,4;
B 1 1 1 1 0 3 -1 5 46173 -1,1;-1,2;-1,3;-1,4;-1,5;0,-1;0,1;0,2;0,3;0,4;0,5;1,-1;1,2;1,3;1,4;1,5;2,-1;2,1;2,3;2,4;2,5;3,-1;3,1;3,2;3,4;3,5;4,-1;4,1;4,2;4,5;5,-1;5,1;5,2;5,4;
B 1 1 1 1 1 1 0 1 1704914 0,1;
B 1 1 1 1 1 1 0 2 192354 0,1;0,2;1,2;
B 1 1 1 1 1 1 0 3 142317 0,1;0,2;0,3;1,2;1,3;3,2;
B 1 1 1 1 1 2 -1 2 890501 -1,0;-1,1;-1,2;0,-1;0,1;0,2;1,-1;2,-1;2,1;
B 1 1 1 1 1 2 -1 4 142317 -1,1;-1,2;-1,3;-1,4;0,-1;0,1;0,2;0,3;0,4;1,-1;1,3;1,4;2,-1;2,1;2,3;2,4;3,-1;3,1;3,4;4,-1;4,1;4,3;
B 1 1 1 1 1 3 -2 5 548077 -2,-1;-2,0;-2,1;-2,2;-2,3;-2,4;-2,5;-1,-2;-1,0;-1,1;-1,2;-1,3;-1,4;-1,5;0,-2;0,-1;0,1;0,2;0,3;0,4;0,5;1,-2;1,-1;1,2;1,4;1,5;2,-2;2,-1;2,1;2,4;2,5;3,-2;3,-1;3,1;3,2;3,4;3,5;4,-2;4,-1;4,1;4,2;4,5;5,-2;5,-1;5,1;5,2;5,4;
B 1 1 1 1 1 3 -1 5 192354 -1,1;-1,2;-1,3;-1,4;-1,5;0,-1;0,1;0,2;0,3;0,4;0,5;1,-1;1,2;1,4;1,5;2,-1;2,1;2,4;2,5;3,-1;3,1;3,2;3,4;3,5;4,-1;4,1;4,2;4,5;5,-1;5,1;5,2;5,4;
B 1 1 1 2 0 1 0 1 1139086 0,1;
B 1 1 1 2 0 2 0 2 759866 0,1;0,2;1,2;2,1;
B 1 1 1 2 0 2 0 3 84152 0,1;0,2;0,3;1,3;2,1;2,3;3,1;
B 1 1 1 2 0 3 0 3 759866 0,1;0,2;0,3;1,2;1,3;2,1;2,3;3,1;3,2;
B 1 1 1 2 1 1 0 1 659202 0,1;
B 1 1 1 2 1 2 0 2 255324 0,1;0,2;2,1;
B 1 1 1 2 1 2 0 3 233167 0,1;0,2;0,3;1,3;2,1;2,3;3,1;
B 1 1 1 2 1 3 0 3 255324 0,1;0,2;0,3;1,2;2,1;3,1;3,2;
B 1 2 1 0 0 1 -2 1 531585 -2,-1;-2,0;-2,1;-1,-2;-1,0;-1,1;0,-2;0,-1;0,1;
B 1 2 1 0 0 1 -2 2 738928 -2,-1;-2,0;-2,1;-2,2;-1,-2;-1,0;-1,1;-1,2;0,-2;0,-1;0,1;0,2;2,-2;2,-1;2,1;
B 1 2 1 0 0 1 -2 3 2116596 -2,-1;-2,0;-2,1;-2,2;-2,3;-1,-2;-1,0;-1,1;-1,2;-1,3;0,-2;0,-1;0,1;0,2;0,3;1,2;1,3;2,-2;2,-1;2,1;2,3;3,-2;3,-1;3,1;3,2;
B 1 2 1 0 0 1 -1 1 147496 -1,0;-1,1;0,-1;0,1;
B 1 2 1 0 0 1 -1 2 924622 -1,0;-1,1;-1,2;0,-1;0,1;0,2;1,2;2,-1;2,1;
B 1 2 1 0 0 1 -1 3 592125 -1,1;-1,2;-1,3;0,-1;0,1;0,2;0,3;1,2;1,3;2,-1;2,1;2,3;3,-1;3,1;3,2;
B 1 2 1 0 0 2 -2 3 531585 -2,-1;-2,0;-2,1;-2,2;-2,3;-1,-2;-1,1;-1,2;-1,3;0,-2;0,-1;0,1;0,2;0,3;1,-2;1,-1;1,2;1,3;3,-2;3,-1;3,1;3,2;
B 1 2 1 0 0 2 -2 4 924622 -2,-1;-2,0;-2,1;-2,2;-2,3;-2,4;-1,-2;-1,1;-1,2;-1,3;-1,4;0,-2;0,-1;0,1;0,2;0,3;0,4;1,-2;1,-1;1,2;1,3;1,4;2,4;3,-2;3,-1;3,1;3,2;3,4;4,-2;4,-1;4,1;4,2;4,3;
B 1 2 1 0 0 3 -2 4 147496 -2,-1;-2,0;-2,1;-2,2;-2,3;-2,4;-1,-2;-1,0;-1,1;-1,2;-1,3;-1,4;0,-2;0,-1;0,1;0,2;0,3;0,4;1,-2;1,-1;1,3;1,4;2,-2;2,-1;2,1;2,3;2,4;4,-2;4,-1;4,1;4,2;4,3;
B 1 2 1 1 0 1 0 1 525155 0,1;
B 1 2 1 1 0 1 0 2 182672 0,1;0,2;1,2;2,1;
B 1 2 1 1 0 1 0 3 388211 0,1;0,2;0,3;1,2;1,3;2,1;2,3;3,1;3,2;
B 1 2 1 1 0 2 -1 2 309960 -1,1;-1,2;0,-1;0,1;0,2;1,-1;1,2;
B 1 2 1 1 0 2 -1 4 388211 -1,1;-1,2;-1,3;-1,4;0,-1;0,1;0,2;0,3;0,4;1,-1;1,2;1,3;1,4;2,4;3,-1;3,1;3,2;3,4;4,-1;4,1;4,2;4,3;
B 1 2 1 1 0 3 -2 5 215195 -2,-1;-2,0;-2,1;-2,2;-2,3;-2,4;-2,5;-1,-2;-1,0;-1,1;-1,2;-1,3;-1,4;-1,5;0,-2;0,-1;0,1;0,2;0,3;0,4;0,5;1,-2;1,-1;1,3;1,4;1,5;2,-2;2,-1;2,1;2,3;2,4;2,5;3,4;3,5;4,-2;4,-1;4,1;4,2;4,3;4,5;5,-2;5,-1;5,1;5,2;5,3;5,4;
B 1 2 1 1 0 3 -1 5 182672 -1,1;-1,2;-1,3;-1,4;-1,5;0,-1;0,1;0,2;0,3;0,4;0,5;1,-1;1,3;1,4;1,5;2,-1;2,1;2,3;2,4;2,5;3,4;3,5;4,-1;4,1;4,2;4,3;4,5;5,-1;5,1;5,2;5,3;5,4;
B 1 2 1 2 0 1 0 1 428757 0,1;
B 1 2 1 2 0 2 0 3 258483 0,1;0,2;0,3;1,2;1,3;3,1;3,2;
B 1 3 1 0 0 1 -2 1 560965 -2,-1;-2,0;-2,1;-1,-2;-1,0;-1,1;0,-2;0,-1;0,1;
B 1 3 1 0 0 1 -1 1 252830 -1,0;-1,1;0,-1;0,1;
B 1 3 1 0 0 2 -2 2 560965 -2,-1;-2,0;-2,1;-2,2;-1,-2;-1,1;-1,2;0,-2;0,-1;0,1;0,2;1,-2;1,-1;1,2;
B 1 3 1 0 0 3 -2 3 221558 -2,-1;-2,0;-2,1;-2,2;-2,3;-1,-2;-1,0;-1,1;-1,2;-1,3;0,-2;0,-1;0,1;0,2;0,3;1,-2;1,-1;1,3;2,-2;2,-1;2,1;2,3;
B 1 3 1 0 0 3 -2 4 31272 -2,-1;-2,1;-2,2;-2,3;-2,4;-1,-2;-1,0;-1,1;-1,2;-1,3;-1,4;0,-2;0,-1;0,1;0,2;0,3;0,4;1,-2;1,-1;1,3;1,4;2,-2;2,-1;2,1;2,3;2,4;3,4;
B 1 3 1 0 1 1 -2 1 1152743 -2,-1;-2,0;-2,1;-1,-2;-1,0;-1,1;0,-2;0,-1;0,1;
B 1 3 1 0 1 1 -2 2 110105 -2,-1;-2,0;-2,1;-2,2;-1,-2;-1,1;-1,2;0,-2;0,-1;0,1;0,2;1,2;
B 1 3 1 0 1 1 -2 3 12423 -2,-1;-2,0;-2,1;-2,2;-2,3;-1,-2;-1,1;-1,2;-1,3;0,-2;0,-1;0,1;0,2;0,3;1,2;1,3;3,2;
B 1 3 1 0 1 1 -1 3 6649 -1,1;-1,2;-1,3;0,-1;0,1;0,2;0,3;1,2;1,3;3,2;
B 1 3 1 1 0 1 0 1 596484 0,1;
B 1 3 1 1 0 1 0 2 538 0,1;0,2;1,2;
B 1 3 1 1 0 2 -1 2 350296 -1,1;-1,2;0,-1;0,1;0,2;1,-1;1,2;
B 1 3 1 1 0 3 -2 5 1540 -2,-1;-2,1;-2,2;-2,3;-2,4;-2,5;-1,-2;-1,3;-1,4;-1,5;0,-2;0,-1;0,1;0,2;0,3;0,4;0,5;1,-2;1,-1;1,3;1,4;1,5;2,-2;2,-1;2,1;2,3;2,4;2,5;3,4;3,5;5,4;
B 1 3 1 1 0 3 -1 5 538 -1,3;-1,4;-1,5;0,-1;0,1;0,2;0,3;0,4;0,5;1,-1;1,3;1,4;1,5;2,-1;2,1;2,3;2,4;2,5;3,4;3,5;5,4;
B 1 3 1 2 0 1 0 1 96282 0,1;
B 1 3 1 2 0 2 0 2 85756 0,1;0,2;1,2;
B 1 3 1 2 0 3 0 3 85756 0,1;0,2;0,3;1,3;2,1;2,3;
B 2 0 0 0 0 1 -2 1 681430 -2,-1;-2,0;-2,1;-1,-2;-1,0;-1,1;1,-2;1,-1;1,0;
B 2 0 0 0 0 1 -2 2 697782 -2,-1;-2,0;-2,1;-2,2;-1,-2;-1,0;-1,1;-1,2;1,-2;1,-1;1,0;2,-2;2,-1;2,0;2,1;
B 2 0 0 0 0 1 -2 3 5538298 -2,-1;-2,0;-2,1;-2,2;-2,3;-1,-2;-1,0;-1,1;-1,2;-1,3;0,2;0,3;1,-2;1,-1;1,0;1,2;1,3;2,-2;2,-1;2,0;2,1;2,3;3,-2;3,-1;3,0;3,1;3,2;
B 2 0 0 0 0 1 -1 1 1115142 -1,0;-1,1;1,-1;1,0;
B 2 0 0 0 0 1 -1 2 3237969 -1,0;-1,1;-1,2;0,2;1,-1;1,0;1,2;2,-1;2,0;2,1;
B 2 0 0 0 0 1 -1 3 3012305 -1,0;-1,1;-1,2;-1,3;0,2;0,3;1,-1;1,0;1,2;1,3;2,-1;2,0;2,1;2,3;3,-1;3,0;3,1;3,2;
B 2 0 0 0 0 2 -2 3 681430 -2,-1;-2,0;-2,1;-2,2;-2,3;-1,-2;-1,0;-1,1;-1,2;-1,3;0,1;1,-2;1,-1;1,0;1,2;1,3;2,-2;2,-1;2,0;2,1;3,-2;3,-1;3,0;3,1;3,2;
B 2 0 0 0 0 2 -2 4 3237969 -2,-1;-2,0;-2,1;-2,2;-2,3;-2,4;-1,-2;-1,0;-1,1;-1,2;-1,3;-1,4;0,1;0,3;0,4;1,-2;1,-1;1,0;1,2;1,3;1,4;2,-2;2,-1;2,0;2,1;2,3;2,4;3,-2;3,-1;3,0;3,1;3,2;3,4;4,-2;4,-1;4,0;4,1;4,2;4,3;
B 2 0 0 0 0 3 -2 4 1115142 -2,-1;-2,0;-2,1;-2,2;-2,3;-2,4;-1,-2;-1,0;-1,1;-1,2;-1,3;-1,4;0,1;0,2;1,-2;1,-1;1,0;1,2;1,3;1,4;2,-2;2,-1;2,0;2,1;2,3;2,4;3,-2;3,-1;3,0;3,1;3,2;4,-2;4,-1;4,0;4,1;4,2;4,3;
B 2 0 0 1 0 1 0 1 3100886 1,0;
B 2 0 0 1 0 1 0 2 2403845 0,2;1,0;1,2;2,0;2,1;
B 2 0 0 1 0 1 0 3 7162604 0,2;0,3;1,0;1,2;1,3;2,0;2,1;2,3;3,0;3,1;3,2;
B 2 0 0 1 0 2 -1 2 1211860 -1,0;-1,1;-1,2;0,1;1,-1;1,0;1,2;2,-1;2,0;2,1;
B 2 0 0 1 0 2 -1 4 2730167 -1,0;-1,1;-1,2;-1,3;-1,4;0,1;0,3;0,4;1,-1;1,0;1,2;1,3;1,4;2,-1;2,0;2,1;2,3;2,4;3,-1;3,0;3,1;3,2;3,4;4,-1;4,0;4,1;4,2;4,3;
B 2 0 0 1 0 3 -2 5 1889026 -2,-1;-2,0;-2,1;-2,2;-2,3;-2,4;-2,5;-1,-2;-1,0;-1,1;-1,2;-1,3;-1,4;-1,5;0,1;0,2;0,4;0,5;1,-2;1,-1;1,0;1,2;1,3;1,4;1,5;2,-2;2,-1;2,0;2,1;2,3;2,4;2,5;3,-2;3,-1;3,0;3,1;3,2;3,4;3,5;4,-2;4,-1;4,0;4,1;4,2;4,3;4,5;5,-2;5,-1;5,0;5,1;5,2;5,3;5,4;
B 2 0 0 1 0 3 -1 5 2403845 -1,0;-1,1;-1,2;-1,3;-1,4;-1,5;0,1;0,2;0,4;0,5;1,-1;1,0;1,2;1,3;1,4;1,5;2,-1;2,0;2,1;2,3;2,4;2,5;3,-1;3,0;3,1;3,2;3,4;3,5;4,-1;4,0;4,1;4,2;4,3;4,5;5,-1;5,0;5,1;5,2;5,3;5,4;
B 2 0 0 2 0 1 0 1 10732043 1,0;
B 2 0 0 2 0 1 0 2 3813833 0,2;1,0;1,2;2,0;2,1;
B 2 0 0 2 0 1 0 3 3939109 0,2;0,3;1,0;1,2;1,3;2,0;2,1;2,3;3,0;3,1;3,2;
B 2 0 0 2 0 2 0 2 1776421 0,1;1,0;1,2;2,0;2,1;
B 2 0 0 2 0 2 0 3 5204401 0,1;0,3;1,0;1,2;1,3;2,0;2,1;2,3;3,0;3,1;3,2;
B 2 0 0 2 0 2 0 4 3939109 0,1;0,3;0,4;1,0;1,2;1,3;1,4;2,0;2,1;2,3;2,4;3,0;3,1;3,2;3,4;4,0;4,1;4,2;4,3;
B 2 0 0 2 0 3 0 3 1776421 0,1;0,2;1,0;1,2;1,3;2,0;2,1;2,3;3,0;3,1;3,2;
B 2 0 0 2 0 3 0 5 3813833 0,1;0,2;0,4;0,5;1,0;1,2;1,3;1,4;1,5;2,0;2,1;2,3;2,4;2,5;3,0;3,1;3,2;3,4;3,5;4,0;4,1;4,2;4,3;4,5;5,0;5,1;5,2;5,3;5,4;
B 2 0 1 0 0 1 -2 1 5715 -2,0;-2,1;-1,-2;-1,0;-1,1;0,1;
B 2 0 1 0 0 1 -1 1 62431 -1,0;-1,1;0,1;
B 2 0 1 0 0 1 -1 2 113680 -1,0;-1,1;-1,2;0,1;0,2;2,-1;2,0;2,1;
B 2 0 1 0 0 2 -2 3 5715 -2,0;-2,1;-2,2;-2,3;-1,-2;-1,0;-1,1;-1,2;-1,3;0,1;0,2;2,1;3,-2;3,-1;3,0;3,1;3,2;
B 2 0 1 0 0 2 -2 4 113680 -2,0;-2,1;-2,2;-2,3;-2,4;-1,-2;-1,0;-1,1;-1,2;-1,3;-1,4;0,1;0,2;0,3;0,4;1,3;2,1;2,3;3,-2;3,-1;3,0;3,1;3,2;3,4;4,-2;4,-1;4,0;4,1;4,2;4,3;
B 2 0 1 0 0 3 -2 4 62431 -2,-1;-2,0;-2,1;-2,2;-2,3;-2,4;-1,-2;-1,0;-1,1;-1,2;-1,3;-1,4;0,1;0,2;0,3;0,4;1,-2;1,-1;1,0;1,2;1,3;1,4;2,-2;2,-1;2,0;2,1;2,3;2,4;3,1;3,2;4,-2;4,-1;4,0;4,1;4,2;4,3;
B 2 0 1 1 0 1 0 1 396065 0,1;
B 2 0 1 1 0 1 0 2 540459 0,1;0,2;1,2;2,0;2,1;
B 2 0 1 1 0 1 0 3 433468 0,1;0,2;0,3;1,2;1,3;2,0;2,1;2,3;3,0;3,1;3,2;
B 2 0 1 1 0 2 -1 2 228310 -1,0;-1,1;-1,2;0,1;0,2;1,-1;1,0;1,2;2,1;
B 2 0 1 1 0 2 -1 4 433468 -1,0;-1,1;-1,2;-1,3;-1,4;0,1;0,2;0,3;0,4;1,3;1,4;2,1;2,3;2,4;3,-1;3,0;3,1;3,2;3,4;4,-1;4,0;4,1;4,2;4,3;
B 2 0 1 1 0 3 -2 5 167755 -2,-1;-2,0;-2,1;-2,2;-2,3;-2,4;-2,5;-1,-2;-1,0;-1,1;-1,2;-1,3;-1,4;-1,5;0,1;0,2;0,3;0,4;0,5;1,-2;1,-1;1,0;1,2;1,3;1,4;1,5;2,-2;2,-1;2,0;2,1;2,3;2,4;2,5;3,1;3,2;3,4;3,5;4,-2;4,-1;4,0;4,1;4,2;4,3;4,5;5,-2;5,-1;5,0;5,1;5,2;5,3;5,4;
B 2 0 1 1 0 3 -1 5 540459 -1,0;-1,1;-1,2;-1,3;-1,4;-1,5;0,1;0,2;0,3;0,4;0,5;1,-1;1,0;1,2;1,3;1,4;1,5;2,-1;2,0;2,1;2,3;2,4;2,5;3,1;3,2;3,4;3,5;4,-1;4,0;4,1;4,2;4,3;4,5;5,-1;5,0;5,1;5,2;5,3;5,4;
B 2 0 1 2 0 1 0 1 8134922 0,1;
B 2 0 1 2 0 1 0 2 1905682 0,1;0,2;1,2;2,0;2,1;
B 2 0 1 2 0 1 0 3 1193313 0,1;0,2;0,3;1,2;1,3;2,0;2,1;2,3;3,0;3,1;3,2;
B 2 0 1 2 0 2 0 2 1966665 0,1;0,2;1,0;1,2;2,1;
B 2 0 1 2 0 2 0 3 3099696 0,1;0,2;0,3;1,0;1,2;1,3;2,1;2,3;3,0;3,1;3,2;
B 2 0 1 2 0 2 0 4 1193313 0,1;0,2;0,3;0,4;1,3;1,4;2,1;2,3;2,4;3,0;3,1;3,2;3,4;4,0;4,1;4,2;4,3;
B 2 0 1 2 0 3 0 3 1966665 0,1;0,2;0,3;1,0;1,2;1,3;2,0;2,1;2,3;3,1;3,2;
B 2 0 1 2 0 3 0 5 1905682 0,1;0,2;0,3;0,4;0,5;1,0;1,2;1,3;1,4;1,5;2,0;2,1;2,3;2,4;2,5;3,1;3,2;3,4;3,5;4,0;4,1;4,2;4,3;4,5;5,0;5,1;5,2;5,3;5,4;
B 2 1 0 0 0 1 -2 1 4759744 -2,-1;-2,0;-2,1;-1,-2;-1,0;-1,1;1,-2;1,-1;1,0;
B 2 1 0 0 0 1 -2 2 1062772 -2,-1;-2,0;-2,1;-2,2;-1,-2;-1,0;-1,1;-1,2;0,2;1,-2;1,-1;1,0;1,2;2,-2;2,-1;2,0;
B 2 1 0 0 0 1 -2 3 2266781 -2,-1;-2,0;-2,1;-2,2;-2,3;-1,-2;-1,0;-1,1;-1,2;-1,3;0,2;0,3;1,-2;1,-1;1,0;1,2;1,3;2,-2;2,-1;2,0;2,3;3,-2;3,-1;3,0;3,2;
B 2 1 0 0 0 1 -1 1 3173517 -1,0;-1,1;1,-1;1,0;
B 2 1 0 0 0 1 -1 2 2044576 -1,0;-1,1;-1,2;0,2;1,-1;1,0;1,2;2,-1;2,0;
B 2 1 0 0 0 1 -1 3 860782 -1,0;-1,1;-1,2;-1,3;0,2;0,3;1,-1;1,0;1,2;1,3;2,-1;2,0;2,3;3,-1;3,0;3,2;
B 2 1 0 0 0 2 -2 2 1822372 -2,-1;-2,0;-2,1;-2,2;-1,-2;-1,0;-1,1;-1,2;0,1;1,-2;1,-1;1,0;1,2;2,-2;2,-1;2,0;2,1;
B 2 1 0 0 0 2 -2 3 1468810 -2,-1;-2,0;-2,1;-2,2;-2,3;-1,-2;-1,0;-1,1;-1,2;-1,3;0,1;0,3;1,-2;1,-1;1,0;1,2;1,3;2,-2;2,-1;2,0;2,1;2,3;3,-2;3,-1;3,0;3,1;
B 2 1 0 0 0 2 -2 4 2044576 -2,-1;-2,0;-2,1;-2,2;-2,3;-2,4;-1,-2;-1,0;-1,1;-1,2;-1,3;-1,4;0,1;0,3;0,4;1,-2;1,-1;1,0;1,2;1,3;1,4;2,-2;2,-1;2,0;2,1;2,3;2,4;3,-2;3,-1;3,0;3,1;3,4;4,-2;4,-1;4,0;4,1;4,3;
B 2 1 0 0 0 3 -2 3 2004094 -2,-1;-2,0;-2,1;-2,2;-2,3;-1,-2;-1,0;-1,1;-1,2;-1,3;0,1;0,2;1,-2;1,-1;1,0;1,2;1,3;2,-2;2,-1;2,0;2,1;2,3;3,-2;3,-1;3,0;3,1;3,2;
B 2 1 0 0 0 3 -2 4 1169423 -2,-1;-2,0;-2,1;-2,2;-2,3;-2,4;-1,-2;-1,0;-1,1;-1,2;-1,3;-1,4;0,1;0,2;0,4;1,-2;1,-1;1,0;1,2;1,3;1,4;2,-2;2,-1;2,0;2,1;2,3;2,4;3,-2;3,-1;3,0;3,1;3,2;3,4;4,-2;4,-1;4,0;4,1;4,2;
B 2 1 0 1 0 1 0 1 8061151 1,0;
B 2 1 0 1 0 1 0 2 1185612 0,2;1,0;1,2;2,0;
B 2 1 0 1 0 1 0 3 2196686 0,2;0,3;1,0;1,2;1,3;2,0;2,3;3,0;3,2;
B 2 1 0 1 0 2 -1 2 4130992 -1,0;-1,1;-1,2;0,1;1,-1;1,0;1,2;2,-1;2,0;2,1;
B 2 1 0 1 0 2 -1 4 1095740 -1,0;-1,1;-1,2;-1,3;-1,4;0,1;0,3;0,4;1,-1;1,0;1,2;1,3;1,4;2,-1;2,0;2,1;2,3;2,4;3,-1;3,0;3,1;3,4;4,-1;4,0;4,1;4,3;
B 2 1 0 1 0 3 -2 5 910025 -2,-1;-2,0;-2,1;-2,2;-2,3;-2,4;-2,5;-1,-2;-1,0;-1,1;-1,2;-1,3;-1,4;-1,5;0,1;0,2;0,4;0,5;1,-2;1,-1;1,0;1,2;1,3;1,4;1,5;2,-2;2,-1;2,0;2,1;2,3;2,4;2,5;3,-2;3,-1;3,0;3,1;3,2;3,4;3,5;4,-2;4,-1;4,0;4,1;4,2;4,5;5,-2;5,-1;5,0;5,1;5,2;5,4;
B 2 1 0 1 0 3 -1 5 1185612 -1,0;-1,1;-1,2;-1,3;-1,4;-1,5;0,1;0,2;0,4;0,5;1,-1;1,0;1,2;1,3;1,4;1,5;2,-1;2,0;2,1;2,3;2,4;2,5;3,-1;3,0;3,1;3,2;3,4;3,5;4,-1;4,0;4,1;4,2;4,5;5,-1;5,0;5,1;5,2;5,4;
B 2 1 0 2 0 1 0 1 22587206 1,0;
B 2 1 0 2 0 1 0 2 1719550 0,2;1,0;1,2;2,0;
B 2 1 0 2 0 1 0 3 1594274 0,2;0,3;1,0;1,2;1,3;2,0;2,3;3,0;3,2;
B 2 1 0 2 0 2 0 2 7358652 0,1;1,0;1,2;2,0;2,1;
B 2 1 0 2 0 2 0 3 3990973 0,1;0,3;1,0;1,2;1,3;2,0;2,1;2,3;3,0;3,1;
B 2 1 0 2 0 2 0 4 1594274 0,1;0,3;0,4;1,0;1,2;1,3;1,4;2,0;2,1;2,3;2,4;3,0;3,1;3,4;4,0;4,1;4,3;
B 2 1 0 2 0 3 0 3 7358652 0,1;0,2;1,0;1,2;1,3;2,0;2,1;2,3;3,0;3,1;3,2;
B 2 1 0 2 0 3 0 5 1719550 0,1;0,2;0,4;0,5;1,0;1,2;1,3;1,4;1,5;2,0;2,1;2,3;2,4;2,5;3,0;3,1;3,2;3,4;3,5;4,0;4,1;4,2;4,5;5,0;5,1;5,2;5,4;
B 2 1 1 0 0 1 -1 1 58699 -1,0;-1,1;0,1;
B 2 1 1 0 0 3 -2 3 43226 -2,-1;-2,0;-2,1;-2,2;-2,3;-1,-2;-1,0;-1,1;-1,2;-1,3;0,1;0,2;0,3;1,-2;1,-1;1,0;1,2;1,3;2,-2;2,-1;2,0;2,1;2,3;3,1;3,2;
B 2 1 1 0 0 3 -2 4 15473 -2,-1;-2,0;-2,1;-2,2;-2,3;-2,4;-1,-2;-1,0;-1,1;-1,2;-1,3;-1,4;0,1;0,2;0,3;0,4;1,-2;1,-1;1,0;1,2;1,3;1,4;2,-2;2,-1;2,0;2,1;2,3;2,4;3,1;3,2;3,4;4,1;4,2;
B 2 1 1 1 0 1 0 1 644245 0,1;
B 2 1 1 1 0 1 0 2 13730 0,1;0,2;1,2;
B 2 1 1 1 0 2 -1 2 260320 -1,0;-1,1;-1,2;0,1;0,2;1,-1;1,0;1,2;2,1;
B 2 1 1 1 0 3 -2 5 7968 -2,-1;-2,0;-2,1;-2,2;-2,3;-2,4;-2,5;-1,-2;-1,0;-1,1;-1,2;-1,3;-1,4;-1,5;0,1;0,2;0,3;0,4;0,5;1,-2;1,-1;1,0;1,2;1,3;1,4;1,5;2,-2;2,-1;2,0;2,1;2,3;2,4;2,5;3,1;3,2;3,4;3,5;4,1;4,2;4,5;5,1;5,2;5,4;
B 2 1 1 1 0 3 -1 5 13730 -1,0;-1,1;-1,2;-1,3;-1,4;-1,5;0,1;0,2;0,3;0,4;0,5;1,-1;1,0;1,2;1,3;1,4;1,5;2,-1;2,0;2,1;2,3;2,4;2,5;3,1;3,2;3,4;3,5;4,1;4,2;4,5;5,1;5,2;5,4;
B 2 1 1 2 0 1 0 1 6333328 0,1;
B 2 1 1 2 0 1 0 2 30740 0,1;0,2;1,2;
B 2 1 1 2 0 2 0 2 2180576 0,1;0,2;1,0;1,2;2,1;
B 2 1 1 2 0 2 0 3 195781 0,1;0,2;0,3;1,0;1,2;1,3;2,1;2,3;3,1;
B 2 1 1 2 0 3 0 3 2180576 0,1;0,2;0,3;1,0;1,2;1,3;2,0;2,1;2,3;3,1;3,2;
B 2 1 1 2 0 3 0 5 30740 0,1;0,2;0,3;0,4;0,5;1,0;1,2;1,3;1,4;1,5;2,0;2,1;2,3;2,4;2,5;3,1;3,2;3,4;3,5;4,1;4,2;4,5;5,1;5,2;5,4;
B 2 2 1 0 0 1 -2 1 168427 -2,0;-2,1;-1,-2;-1,0;-1,1;0,1;
B 2 2 1 0 0 1 -2 2 183750 -2,0;-2,1;-2,2;-1,-2;-1,0;-1,1;-1,2;0,1;2,-2;2,-1;2,0;2,1;
B 2 2 1 0 0 1 -2 3 1098390 -2,0;-2,1;-2,2;-2,3;-1,-2;-1,0;-1,1;-1,2;-1,3;0,1;0,2;0,3;1,3;2,-2;2,-1;2,0;2,1;2,3;3,-2;3,-1;3,0;3,1;3,2;
B 2 2 1 0 0 1 -1 1 405403 -1,0;-1,1;0,1;
B 2 2 1 0 0 1 -1 2 1162331 -1,0;-1,1;-1,2;0,1;0,2;2,-1;2,0;2,1;
B 2 2 1 0 0 1 -1 3 1584981 -1,0;-1,1;-1,2;-1,3;0,1;0,2;0,3;1,3;2,-1;2,0;2,1;2,3;3,-1;3,0;3,1;3,2;
B 2 2 1 0 0 2 -2 3 168427 -2,-1;-2,0;-2,1;-2,2;-2,3;-1,-2;-1,0;-1,1;-1,2;-1,3;0,2;0,3;1,-2;1,-1;1,0;1,2;1,3;3,-2;3,-1;3,0;3,1;3,2;
B 2 2 1 0 0 2 -2 4 1162331 -2,-1;-2,0;-2,1;-2,2;-2,3;-2,4;-1,-2;-1,0;-1,1;-1,2;-1,3;-1,4;0,2;0,3;0,4;1,-2;1,-1;1,0;1,2;1,3;1,4;2,3;3,-2;3,-1;3,0;3,1;3,2;3,4;4,-2;4,-1;4,0;4,1;4,2;4,3;
B 2 2 1 0 0 3 -2 4 405403 -2,-1;-2,0;-2,1;-2,2;-2,3;-2,4;-1,-2;-1,0;-1,1;-1,2;-1,3;-1,4;0,1;0,2;0,3;0,4;1,-2;1,-1;1,0;1,2;1,3;1,4;2,-2;2,-1;2,0;2,1;2,3;2,4;4,-2;4,-1;4,0;4,1;4,2;4,3;
B 2 2 1 1 0 1 0 1 1208374 0,1;
B 2 2 1 1 0 1 0 2 1313400 0,1;0,2;1,2;2,0;2,1;
B 2 2 1 1 0 1 0 3 5701458 0,1;0,2;0,3;1,2;1,3;2,0;2,1;2,3;3,0;3,1;3,2;
B 2 2 1 1 0 2 -1 2 417930 -1,0;-1,1;-1,2;0,2;1,-1;1,0;1,2;
B 2 2 1 1 0 2 -1 4 1196396 -1,0;-1,1;-1,2;-1,3;-1,4;0,2;0,3;0,4;1,-1;1,0;1,2;1,3;1,4;2,3;2,4;3,-1;3,0;3,1;3,2;3,4;4,-1;4,0;4,1;4,2;4,3;
B 2 2 1 1 0 3 -2 5 790444 -2,-1;-2,0;-2,1;-2,2;-2,3;-2,4;-2,5;-1,-2;-1,0;-1,1;-1,2;-1,3;-1,4;-1,5;0,1;0,2;0,3;0,4;0,5;1,-2;1,-1;1,0;1,2;1,3;1,4;1,5;2,-2;2,-1;2,0;2,1;2,3;2,4;2,5;3,4;3,5;4,-2;4,-1;4,0;4,1;4,2;4,3;4,5;5,-2;5,-1;5,0;5,1;5,2;5,3;5,4;
B 2 2 1 1 0 3 -1 5 1313400 -1,0;-1,1;-1,2;-1,3;-1,4;-1,5;0,1;0,2;0,3;0,4;0,5;1,-1;1,0;1,2;1,3;1,4;1,5;2,-1;2,0;2,1;2,3;2,4;2,5;3,4;3,5;4,-1;4,0;4,1;4,2;4,3;4,5;5,-1;5,0;5,1;5,2;5,3;5,4;
B 2 2 1 2 0 1 0 1 6711791 0,1;
B 2 2 1 2 0 1 0 2 2565732 0,1;0,2;1,2;2,0;2,1;
B 2 2 1 2 0 1 0 3 3305100 0,1;0,2;0,3;1,2;1,3;2,0;2,1;2,3;3,0;3,1;3,2;
B 2 2 1 2 0 2 0 2 1374138 0,1;0,2;1,0;1,2;
B 2 2 1 2 0 2 0 3 2998740 0,1;0,2;0,3;1,0;1,2;1,3;2,3;3,0;3,1;3,2;
B 2 2 1 2 0 2 0 4 3305100 0,1;0,2;0,3;0,4;1,0;1,2;1,3;1,4;2,3;2,4;3,0;3,1;3,2;3,4;4,0;4,1;4,2;4,3;
B 2 2 1 2 0 3 0 3 1374138 0,1;0,2;0,3;1,0;1,2;1,3;2,0;2,1;2,3;
B 2 2 1 2 0 3 0 5 2565732 0,1;0,2;0,3;0,4;0,5;1,0;1,2;1,3;1,4;1,5;2,0;2,1;2,3;2,4;2,5;3,4;3,5;4,0;4,1;4,2;4,3;4,5;5,0;5,1;5,2;5,3;5,4;
B 2 3 1 0 0 1 -2 1 142463 -2,0;-2,1;-1,-2;-1,0;-1,1;0,1;
B 2 3 1 0 0 1 -1 1 321239 -1,0;-1,1;0,1;
B 2 3 1 0 0 2 -2 2 121932 -2,-1;-2,0;-2,1;-2,2;-1,-2;-1,0;-1,1;-1,2;0,2;1,-2;1,-1;1,0;1,2;
B 2 3 1 0 0 2 -2 3 20531 -2,-1;-2,0;-2,1;-2,2;-2,3;-1,-2;-1,0;-1,1;-1,2;-1,3;0,2;0,3;1,-2;1,-1;1,0;1,2;1,3;2,3;
B 2 3 1 0 0 3 -2 3 297593 -2,-1;-2,0;-2,1;-2,2;-2,3;-1,-2;-1,0;-1,1;-1,2;-1,3;0,1;0,2;0,3;1,-2;1,-1;1,0;1,2;1,3;2,-2;2,-1;2,0;2,1;2,3;
B 2 3 1 0 0 3 -2 4 23646 -2,-1;-2,0;-2,1;-2,2;-2,3;-2,4;-1,-2;-1,0;-1,1;-1,2;-1,3;-1,4;0,1;0,3;0,4;1,-2;1,-1;1,0;1,3;1,4;2,-2;2,-1;2,0;2,1;2,3;2,4;3,4;
B 2 3 1 1 0 1 0 1 681911 0,1;
B 2 3 1 1 0 1 0 2 1022 0,1;0,2;1,2;
B 2 3 1 1 0 1 0 3 2297 0,1;0,2;0,3;1,2;1,3;3,2;
B 2 3 1 1 0 2 -1 2 309144 -1,0;-1,1;-1,2;0,2;1,-1;1,0;1,2;
B 2 3 1 1 0 2 -1 4 2297 -1,0;-1,1;-1,2;-1,3;-1,4;0,2;0,3;0,4;1,-1;1,0;1,2;1,3;1,4;2,3;2,4;4,3;
B 2 3 1 1 0 3 -2 5 1820 -2,-1;-2,0;-2,1;-2,2;-2,3;-2,4;-2,5;-1,-2;-1,0;-1,3;-1,4;-1,5;0,3;0,4;0,5;1,-2;1,-1;1,0;1,3;1,4;1,5;2,-2;2,-1;2,0;2,1;2,3;2,4;2,5;3,4;3,5;5,4;
B 2 3 1 1 0 3 -1 5 1022 -1,0;-1,3;-1,4;-1,5;0,3;0,4;0,5;1,-1;1,0;1,3;1,4;1,5;2,-1;2,0;2,1;2,3;2,4;2,5;3,4;3,5;5,4;
B 2 3 1 2 0 1 0 1 2028694 0,1;
B 2 3 1 2 0 1 0 2 2908 0,1;0,2;1,2;
B 2 3 1 2 0 1 0 3 6649 0,1;0,2;0,3;1,2;1,3;3,2;
B 2 3 1 2 0 2 0 2 840061 0,1;0,2;1,0;1,2;
B 2 3 1 2 0 2 0 3 6922 0,2;0,3;1,0;1,2;1,3;2,3;
B 2 3 1 2 0 2 0 4 6649 0,2;0,3;0,4;1,0;1,2;1,3;1,4;2,3;2,4;4,3;
B 2 3 1 2 0 3 0 3 840061 0,1;0,2;0,3;1,0;1,2;1,3;2,0;2,1;2,3;
B 2 3 1 2 0 3 0 5 2908 0,1;0,3;0,4;0,5;1,0;1,3;1,4;1,5;2,0;2,1;2,3;2,4;2,5;3,4;3,5;5,4;
B 3 0 1 0 0 1 -2 1 198 -2,0;-2,1;-1,-2;-1,0;-1,1;0,1;
B 3 0 1 0 0 1 -1 1 1239 -1,0;-1,1;0,1;
B 3 0 1 0 0 1 -1 2 10400 -1,0;-1,1;-1,2;0,1;0,2;2,1;
B 3 0 1 0 0 2 -2 3 198 -2,0;-2,1;-2,2;-2,3;-1,-2;-1,0;-1,1;-1,2;-1,3;0,1;0,2;0,3;2,1;3,1;3,2;
B 3 0 1 0 0 2 -2 4 10400 -2,0;-2,1;-2,2;-2,3;-2,4;-1,-2;-1,0;-1,1;-1,2;-1,3;-1,4;0,1;0,2;0,3;0,4;1,3;2,1;2,3;3,1;3,2;3,4;4,1;4,2;4,3;
B 3 0 1 0 0 3 -2 4 1239 -2,0;-2,1;-2,2;-2,3;-2,4;-1,-2;-1,0;-1,1;-1,2;-1,3;-1,4;0,1;0,2;0,3;0,4;2,1;2,3;3,1;4,1;4,2;4,3;
B 3 0 1 1 0 1 0 1 4083 0,1;
B 3 0 1 1 0 1 0 2 34436 0,1;0,2;1,2;2,1;
B 3 0 1 1 0 1 0 3 63593 0,1;0,2;0,3;1,2;1,3;2,1;2,3;3,1;3,2;
B 3 0 1 1 0 2 -1 2 1764 -1,0;-1,1;-1,2;0,1;0,2;2,1;
B 3 0 1 1 0 2 -1 4 63593 -1,0;-1,1;-1,2;-1,3;-1,4;0,1;0,2;0,3;0,4;1,3;1,4;2,1;2,3;2,4;3,1;3,2;3,4;4,1;4,2;4,3;
B 3 0 1 1 0 3 -2 5 2319 -2,0;-2,1;-2,2;-2,3;-2,4;-2,5;-1,-2;-1,0;-1,1;-1,2;-1,3;-1,4;-1,5;0,1;0,2;0,3;0,4;0,5;1,5;2,1;2,3;2,5;3,1;3,2;3,4;3,5;4,1;4,2;4,3;4,5;5,1;5,2;5,3;5,4;
B 3 0 1 1 0 3 -1 5 34436 -1,0;-1,1;-1,2;-1,3;-1,4;-1,5;0,1;0,2;0,3;0,4;0,5;1,4;1,5;2,1;2,3;2,4;2,5;3,1;3,2;3,4;3,5;4,1;4,2;4,3;4,5;5,1;5,2;5,3;5,4;
B 3 0 1 2 0 1 0 1 1408941 0,1;
B 3 0 1 2 0 1 0 2 645885 0,1;0,2;1,2;2,1;
B 3 0 1 2 0 1 0 3 455961 0,1;0,2;0,3;1,2;1,3;2,1;2,3;3,1;3,2;
B 3 0 1 2 0 2 0 2 321735 0,1;0,2;1,2;2,1;
B 3 0 1 2 0 2 0 3 538826 0,1;0,2;0,3;1,2;1,3;2,1;2,3;3,1;3,2;
B 3 0 1 2 0 2 0 4 455961 0,1;0,2;0,3;0,4;1,3;1,4;2,1;2,3;2,4;3,1;3,2;3,4;4,1;4,2;4,3;
B 3 0 1 2 0 3 0 3 321735 0,1;0,2;0,3;1,2;1,3;2,1;2,3;3,1;3,2;
B 3 0 1 2 0 3 0 5 645885 0,1;0,2;0,3;0,4;0,5;1,2;1,3;1,4;1,5;2,1;2,3;2,4;2,5;3,1;3,2;3,4;3,5;4,1;4,2;4,3;4,5;5,1;5,2;5,3;5,4;
B 3 1 1 0 0 1 -1 1 1416 -1,0;-1,1;0,1;
B 3 1 1 0 0 3 -2 3 1416 -2,0;-2,1;-2,2;-2,3;-1,-2;-1,0;-1,1;-1,2;-1,3;0,1;0,2;0,3;2,1;2,3;3,1;
B 3 1 1 0 1 1 -2 1 8474 -2,0;-2,1;-1,-2;-1,0;-1,1;0,1;
B 3 1 1 0 1 1 -1 1 1488 -1,0;-1,1;0,1;
B 3 1 1 0 1 2 -2 2 6090 -2,0;-2,1;-2,2;-1,-2;-1,0;-1,1;-1,2;0,1;0,2;2,1;
B 3 1 1 0 1 2 -2 3 2384 -2,0;-2,1;-2,2;-2,3;-1,-2;-1,0;-1,1;-1,2;-1,3;0,1;0,2;0,3;1,3;2,1;2,3;3,1;
B 3 1 1 0 1 3 -2 3 198 -2,0;-2,1;-2,2;-2,3;-1,-2;-1,0;-1,1;-1,2;-1,3;0,1;0,2;0,3;2,1;3,1;3,2;
B 3 1 1 0 1 3 -2 4 1290 -2,0;-2,1;-2,2;-2,3;-2,4;-1,-2;-1,0;-1,1;-1,2;-1,3;-1,4;0,1;0,2;0,3;0,4;2,1;3,1;3,2;3,4;4,1;4,2;
B 3 1 1 1 0 1 0 1 7033 0,1;
B 3 1 1 1 0 1 0 2 2075 0,1;0,2;1,2;
B 3 1 1 1 0 2 -1 2 2708 -1,0;-1,1;-1,2;0,1;0,2;2,1;
B 3 1 1 1 0 3 -1 5 2075 -1,0;-1,1;-1,2;-1,3;-1,4;-1,5;0,1;0,2;0,3;0,4;0,5;1,4;1,5;2,1;2,3;2,4;2,5;3,1;3,4;3,5;4,1;5,1;5,4;
B 3 1 1 1 1 1 0 1 9110 0,1;
B 3 1 1 1 1 1 0 2 13052 0,1;0,2;1,2;
B 3 1 1 1 1 1 0 3 11722 0,1;0,2;0,3;1,2;1,3;3,2;
B 3 1 1 1 1 2 -1 2 5928 -1,0;-1,1;-1,2;0,1;0,2;2,1;
B 3 1 1 1 1 2 -1 4 11722 -1,0;-1,1;-1,2;-1,3;-1,4;0,1;0,2;0,3;0,4;1,3;1,4;2,1;2,3;2,4;3,1;3,4;4,1;4,3;
B 3 1 1 1 1 3 -2 5 2062 -2,0;-2,1;-2,2;-2,3;-2,4;-2,5;-1,-2;-1,0;-1,1;-1,2;-1,3;-1,4;-1,5;0,1;0,2;0,3;0,4;0,5;1,5;2,1;2,5;3,1;3,2;3,4;3,5;4,1;4,2;4,5;5,1;5,2;5,4;
B 3 1 1 1 1 3 -1 5 13052 -1,0;-1,1;-1,2;-1,3;-1,4;-1,5;0,1;0,2;0,3;0,4;0,5;1,4;1,5;2,1;2,4;2,5;3,1;3,2;3,4;3,5;4,1;4,2;4,5;5,1;5,2;5,4;
B 3 1 1 2 0 1 0 1 1389045 0,1;
B 3 1 1 2 0 1 0 2 22959 0,1;0,2;1,2;
B 3 1 1 2 0 2 0 2 411718 0,1;0,2;1,2;2,1;
B 3 1 1 2 0 2 0 3 41935 0,1;0,2;0,3;1,3;2,1;2,3;3,1;
B 3 1 1 2 0 3 0 3 411718 0,1;0,2;0,3;1,2;1,3;2,1;2,3;3,1;3,2;
B 3 1 1 2 0 3 0 5 22959 0,1;0,2;0,3;0,4;0,5;1,2;1,3;1,4;1,5;2,1;2,3;2,4;2,5;3,1;3,2;3,4;3,5;4,1;4,2;4,5;5,1;5,2;5,4;
B 3 1 1 2 1 1 0 1 760277 0,1;
B 3 1 1 2 1 1 0 2 132848 0,1;0,2;1,2;
B 3 1 1 2 1 1 0 3 110422 0,1;0,2;0,3;1,2;1,3;3,2;
B 3 1 1 2 1 2 0 2 264986 0,1;0,2;2,1;
B 3 1 1 2 1 2 0 3 204730 0,1;0,2;0,3;1,3;2,1;2,3;3,1;
B 3 1 1 2 1 2 0 4 110422 0,1;0,2;0,3;0,4;1,3;1,4;2,1;2,3;2,4;3,1;3,4;4,1;4,3;
B 3 1 1 2 1 3 0 3 264986 0,1;0,2;0,3;1,2;2,1;3,1;3,2;
B 3 1 1 2 1 3 0 5 132848 0,1;0,2;0,3;0,4;0,5;1,2;1,4;1,5;2,1;2,4;2,5;3,1;3,2;3,4;3,5;4,1;4,2;4,5;5,1;5,2;5,4;
B 3 2 1 0 0 1 -2 2 6090 -2,0;-2,1;-2,2;-1,-2;-1,0;-1,1;-1,2;0,1;0,2;2,1;
B 3 2 1 0 0 1 -2 3 12982 -2,0;-2,1;-2,2;-2,3;-1,-2;-1,0;-1,1;-1,2;-1,3;0,1;0,2;0,3;1,3;2,1;2,3;3,1;3,2;
B 3 2 1 0 0 1 -1 1 1222 -1,0;-1,1;0,1;
B 3 2 1 0 0 1 -1 3 75315 -1,0;-1,1;-1,2;-1,3;0,1;0,2;0,3;1,3;2,1;2,3;3,1;3,2;
B 3 2 1 0 0 3 -2 4 1222 -2,0;-2,1;-2,2;-2,3;-2,4;-1,-2;-1,0;-1,1;-1,2;-1,3;-1,4;0,1;0,2;0,3;0,4;1,3;2,1;2,3;4,1;4,2;4,3;
B 3 2 1 1 0 1 0 1 2268 0,1;
B 3 2 1 1 0 1 0 2 25752 0,1;0,2;1,2;2,1;
B 3 2 1 1 0 1 0 3 953006 0,1;0,2;0,3;1,2;1,3;2,1;2,3;3,1;3,2;
B 3 2 1 1 0 3 -2 5 2268 -2,0;-2,1;-2,2;-2,3;-2,4;-2,5;-1,-2;-1,0;-1,1;-1,2;-1,3;-1,4;-1,5;0,1;0,2;0,3;0,4;0,5;1,3;1,5;2,1;2,3;2,5;4,1;4,2;4,3;4,5;5,1;5,2;5,3;5,4;
B 3 2 1 1 0 3 -1 5 25752 -1,0;-1,1;-1,2;-1,3;-1,4;-1,5;0,1;0,2;0,3;0,4;0,5;1,3;1,4;1,5;2,1;2,3;2,4;2,5;3,4;4,1;4,2;4,3;4,5;5,1;5,2;5,3;5,4;
B 3 2 1 2 0 1 0 1 630376 0,1;
B 3 2 1 2 0 1 0 2 225786 0,1;0,2;1,2;2,1;
B 3 2 1 2 0 1 0 3 461938 0,1;0,2;0,3;1,2;1,3;2,1;2,3;3,1;3,2;
B 3 2 1 2 0 2 0 2 94424 0,1;0,2;1,2;
B 3 2 1 2 0 2 0 3 318145 0,1;0,2;0,3;1,2;1,3;3,1;3,2;
B 3 2 1 2 0 2 0 4 461938 0,1;0,2;0,3;0,4;1,2;1,3;1,4;2,4;3,1;3,2;3,4;4,1;4,2;4,3;
B 3 2 1 2 0 3 0 3 94424 0,1;0,2;0,3;1,3;2,1;2,3;
B 3 2 1 2 0 3 0 5 225786 0,1;0,2;0,3;0,4;0,5;1,3;1,4;1,5;2,1;2,3;2,4;2,5;3,4;3,5;4,1;4,2;4,3;4,5;5,1;5,2;5,3;5,4;
B 3 3 1 0 0 1 -1 1 968 -1,0;-1,1;0,1;
B 3 3 1 0 0 3 -2 3 968 -2,0;-2,1;-2,2;-2,3;-1,-2;-1,0;-1,1;-1,2;-1,3;0,1;0,2;0,3;1,3;2,1;2,3;
B 3 3 1 0 1 1 -2 1 110105 -2,0;-2,1;-1,-2;-1,0;-1,1;0,1;
B 3 3 1 1 0 1 0 1 1204 0,1;
B 3 3 1 1 1 1 0 3 75315 0,1;0,2;0,3;1,2;1,3;3,2;
B 3 3 1 2 0 1 0 1 150590 0,1;
B 3 3 1 2 0 1 0 2 843 0,1;0,2;1,2;
B 3 3 1 2 0 2 0 2 10773 0,1;0,2;1,2;
B 3 3 1 2 0 3 0 3 10773 0,1;0,2;0,3;1,3;2,1;2,3;
B 3 3 1 2 0 3 0 5 843 0,1;0,2;0,3;0,4;0,5;1,3;1,4;1,5;2,1;2,3;2,4;2,5;3,4;3,5;5,4;
