#M 9 N 8 boards 168864
B 0 0 0 0 0 1 -2 1 13653 -2,-1;-2,0;-2,1;-1,-2;-1,0;-1,1;0,-2;0,-1;1,-2;1,-1;1,0;
B 0 0 0 0 0 1 -2 2 10602 -2,-1;-2,0;-2,1;-2,2;-1,-2;-1,0;-1,1;-1,2;0,-2;1,-2;1,-1;1,0;2,-2;2,-1;2,0;2,1;
B 0 0 0 0 0 1 -2 3 60541 -2,-1;-2,0;-2,1;-2,2;-2,3;-1,-2;-1,0;-1,1;-1,2;-1,3;0,-2;0,-1;0,2;0,3;1,-2;1,-1;1,0;1,2;1,3;2,-2;2,-1;2,0;2,1;2,3;3,-2;3,-1;3,0;3,1;3,2;
B 0 0 0 0 0 1 -1 1 11793 -1,0;-1,1;0,-1;1,-1;1,0;
B 0 0 0 0 0 1 -1 2 36765 -1,0;-1,1;-1,2;0,-1;0,2;1,-1;1,0;1,2;2,-1;2,0;2,1;
B 0 0 0 0 0 1 -1 3 13796 -1,2;-1,3;0,-1;0,2;0,3;1,-1;1,0;1,2;1,3;2,-1;2,0;2,3;3,-1;3,0;3,1;3,2;
B 0 0 0 0 0 2 -2 3 13653 -2,-1;-2,0;-2,1;-2,2;-2,3;-1,-2;-1,0;-1,1;-1,2;-1,3;0,-2;0,-1;0,1;1,-2;1,-1;1,0;1,2;1,3;2,-2;2,-1;2,0;2,1;3,-2;3,-1;3,0;3,1;3,2;
B 0 0 0 0 0 2 -2 4 36765 -2,-1;-2,0;-2,1;-2,2;-2,3;-2,4;-1,-2;-1,0;-1,1;-1,2;-1,3;-1,4;0,-2;0,-1;0,1;0,3;0,4;1,-2;1,-1;1,0;1,2;1,3;1,4;2,-2;2,-1;2,0;2,1;2,3;2,4;3,-2;3,-1;3,0;3,1;3,2;3,4;4,-2;4,-1;4,0;4,1;4,2;4,3;
B 0 0 0 0 0 3 -2 4 11793 -2,-1;-2,0;-2,1;-2,2;-2,3;-2,4;-1,-2;-1,0;-1,1;-1,2;-1,3;-1,4;0,-2;0,-1;0,1;0,2;1,-2;1,-1;1,0;1,2;1,3;1,4;2,-2;2,-1;2,0;2,1;2,3;2,4;3,-2;3,-1;3,0;3,1;3,2;4,-2;4,-1;4,0;4,1;4,2;4,3;
B 0 0 0 1 0 1 0 1 23832 1,0;
B 0 0 0 1 0 1 0 2 12384 0,2;1,0;1,2;2,0;2,1;
B 0 0 0 1 0 1 0 3 15097 0,2;0,3;1,0;1,2;1,3;2,0;2,1;2,3;3,0;3,1;3,2;
B 0 0 0 1 0 2 -1 2 9259 -1,0;-1,1;-1,2;0,-1;0,1;1,-1;1,0;1,2;2,-1;2,0;2,1;
B 0 0 0 1 0 2 -1 4 15097 -1,1;-1,3;-1,4;0,-1;0,1;0,3;0,4;1,-1;1,0;1,2;1,3;1,4;2,-1;2,0;2,1;2,3;2,4;3,-1;3,0;3,1;3,2;3,4;4,-1;4,0;4,1;4,2;4,3;
B 0 0 0 1 0 3 -2 5 14573 -2,-1;-2,0;-2,1;-2,2;-2,3;-2,4;-2,5;-1,-2;-1,0;-1,1;-1,2;-1,3;-1,4;-1,5;0,-2;0,-1;0,1;0,2;0,4;0,5;1,-2;1,-1;1,0;1,2;1,3;1,4;1,5;2,-2;2,-1;2,0;2,1;2,3;2,4;2,5;3,-2;3,-1;3,0;3,1;3,2;3,4;3,5;4,-2;4,-1;4,0;4,1;4,2;4,3;4,5;5,-2;5,-1;5,0;5,1;5,2;5,3;5,4;
B 0 0 0 1 0 3 -1 5 12384 -1,1;-1,2;-1,4;-1,5;0,-1;0,1;0,2;0,4;0,5;1,-1;1,0;1,2;1,3;1,4;1,5;2,-1;2,0;2,1;2,3;2,4;2,5;3,-1;3,0;3,1;3,2;3,4;3,5;4,-1;4,0;4,1;4,2;4,3;4,5;5,-1;5,0;5,1;5,2;5,3;5,4;
B 0 0 0 2 0 1 0 1 15179 1,0;
B 0 0 0 2 0 2 0 3 9779 0,1;0,3;1,0;1,2;1,3;2,0;2,1;2,3;3,0;3,1;3,2;
B 0 0 1 0 0 1 -2 1 22356 -2,-1;-2,0;-2,1;-1,-2;-1,0;-1,1;0,-2;0,-1;0,1;1,-2;1,-1;
B 0 0 1 0 0 1 -2 2 19094 -2,-1;-2,0;-2,1;-2,2;-1,-2;-1,0;-1,1;-1,2;0,-2;0,-1;0,1;1,-2;1,-1;2,-2;2,-1;2,0;2,1;
B 0 0 1 0 0 1 -2 3 81765 -2,-1;-2,0;-2,1;-2,2;-2,3;-1,-2;-1,0;-1,1;-1,2;-1,3;0,-2;0,-1;0,1;0,2;0,3;1,-2;1,-1;1,2;1,3;2,-2;2,-1;2,0;2,1;2,3;3,-2;3,-1;3,0;3,1;3,2;
B 0 0 1 0 0 1 -1 1 23866 -1,0;-1,1;0,-1;0,1;1,-1;
B 0 0 1 0 0 1 -1 2 58856 -1,0;-1,1;-1,2;0,-1;0,1;0,2;1,-1;1,2;2,-1;2,0;2,1;
B 0 0 1 0 0 1 -1 3 18700 -1,2;-1,3;0,-1;0,1;0,2;0,3;1,-1;1,2;1,3;2,-1;2,0;2,1;2,3;3,-1;3,0;3,1;3,2;
B 0 0 1 0 0 2 -2 3 22356 -2,-1;-2,0;-2,1;-2,2;-2,3;-1,-2;-1,0;-1,1;-1,2;-1,3;0,-2;0,-1;0,1;0,2;0,3;1,-2;1,-1;1,0;1,2;1,3;2,-2;2,-1;2,1;3,-2;3,-1;3,0;3,1;3,2;
B 0 0 1 0 0 2 -2 4 58856 -2,-1;-2,0;-2,1;-2,2;-2,3;-2,4;-1,-2;-1,0;-1,1;-1,2;-1,3;-1,4;0,-2;0,-1;0,1;0,2;0,3;0,4;1,-2;1,-1;1,0;1,2;1,3;1,4;2,-2;2,-1;2,1;2,3;2,4;3,-2;3,-1;3,0;3,1;3,2;3,4;4,-2;4,-1;4,0;4,1;4,2;4,3;
B 0 0 1 0 0 3 -2 4 23866 -2,-1;-2,0;-2,1;-2,2;-2,3;-2,4;-1,-2;-1,0;-1,1;-1,2;-1,3;-1,4;0,-2;0,-1;0,1;0,2;0,3;0,4;1,-2;1,-1;1,0;1,2;1,3;1,4;2,-2;2,-1;2,0;2,1;2,3;2,4;3,-2;3,-1;3,1;3,2;4,-2;4,-1;4,0;4,1;4,2;4,3;
B 0 0 1 1 0 1 0 1 50965 0,1;
B 0 0 1 1 0 1 0 2 23450 0,1;0,2;1,2;2,0;2,1;
B 0 0 1 1 0 1 0 3 23197 0,1;0,2;0,3;1,2;1,3;2,0;2,1;2,3;3,0;3,1;3,2;
B 0 0 1 1 0 2 -1 2 23537 -1,0;-1,1;-1,2;0,-1;0,1;0,2;1,-1;1,0;1,2;2,-1;2,1;
B 0 0 1 1 0 2 -1 4 23197 -1,1;-1,2;-1,3;-1,4;0,-1;0,1;0,2;0,3;0,4;1,-1;1,0;1,2;1,3;1,4;2,-1;2,1;2,3;2,4;3,-1;3,0;3,1;3,2;3,4;4,-1;4,0;4,1;4,2;4,3;
B 0 0 1 1 0 3 -2 5 27428 -2,-1;-2,0;-2,1;-2,2;-2,3;-2,4;-2,5;-1,-2;-1,0;-1,1;-1,2;-1,3;-1,4;-1,5;0,-2;0,-1;0,1;0,2;0,3;0,4;0,5;1,-2;1,-1;1,0;1,2;1,3;1,4;1,5;2,-2;2,-1;2,0;2,1;2,3;2,4;2,5;3,-2;3,-1;3,1;3,2;3,4;3,5;4,-2;4,-1;4,0;4,1;4,2;4,3;4,5;5,-2;5,-1;5,0;5,1;5,2;5,3;5,4;
B 0 0 1 1 0 3 -1 5 23450 -1,1;-1,2;-1,3;-1,4;-1,5;0,-1;0,1;0,2;0,3;0,4;0,5;1,-1;1,0;1,2;1,3;1,4;1,5;2,-1;2,0;2,1;2,3;2,4;2,5;3,-1;3,1;3,2;3,4;3,5;4,-1;4,0;4,1;4,2;4,3;4,5;5,-1;5,0;5,1;5,2;5,3;5,4;
B 0 0 1 2 0 1 0 1 45402 0,1;
B 0 0 1 2 0 2 0 3 24552 0,1;0,2;0,3;1,0;1,2;1,3;2,1;2,3;3,0;3,1;3,2;
B 0 1 0 0 0 1 -2 1 160062 -2,-1;-2,0;-2,1;-1,-2;-1,0;-1,1;0,-2;0,-1;1,-2;1,-1;1,0;
B 0 1 0 0 0 1 -2 2 48925 -2,-1;-2,0;-2,1;-2,2;-1,-2;-1,0;-1,1;-1,2;0,-2;0,-1;0,2;1,-2;1,-1;1,0;1,2;2,-2;2,-1;2,0;
B 0 1 0 0 0 1 -2 3 75204 -2,-1;-2,0;-2,1;-2,2;-2,3;-1,-2;-1,0;-1,1;-1,2;-1,3;0,-2;0,-1;0,2;0,3;1,-2;1,-1;1,0;1,2;1,3;2,-2;2,-1;2,0;2,3;3,-2;3,-1;3,0;3,2;
B 0 1 0 0 0 1 -1 1 94102 -1,0;-1,1;0,-1;1,-1;1,0;
B 0 1 0 0 0 1 -1 2 51819 -1,0;-1,1;-1,2;0,-1;0,2;1,-1;1,0;1,2;2,-1;2,0;
B 0 1 0 0 0 1 -1 3 11591 -1,2;-1,3;0,-1;0,2;0,3;1,-1;1,0;1,2;1,3;2,-1;2,0;2,3;3,-1;3,0;3,2;
B 0 1 0 0 0 2 -2 2 58909 -2,-1;-2,0;-2,1;-2,2;-1,-2;-1,0;-1,1;-1,2;0,-2;0,-1;0,1;1,-2;1,-1;1,0;1,2;2,-2;2,-1;2,0;2,1;
B 0 1 0 0 0 2 -2 3 38282 -2,-1;-2,0;-2,1;-2,2;-2,3;-1,-2;-1,0;-1,1;-1,2;-1,3;0,-2;0,-1;0,1;0,3;1,-2;1,-1;1,0;1,2;1,3;2,-2;2,-1;2,0;2,1;2,3;3,-2;3,-1;3,0;3,1;
B 0 1 0 0 0 2 -2 4 51819 -2,-1;-2,0;-2,1;-2,2;-2,3;-2,4;-1,-2;-1,0;-1,1;-1,2;-1,3;-1,4;0,-2;0,-1;0,1;0,3;0,4;1,-2;1,-1;1,0;1,2;1,3;1,4;2,-2;2,-1;2,0;2,1;2,3;2,4;3,-2;3,-1;3,0;3,1;3,4;4,-2;4,-1;4,0;4,1;4,3;
B 0 1 0 0 0 3 -2 3 54784 -2,-1;-2,0;-2,1;-2,2;-2,3;-1,-2;-1,0;-1,1;-1,2;-1,3;0,-2;0,-1;0,1;0,2;1,-2;1,-1;1,0;1,2;1,3;2,-2;2,-1;2,0;2,1;2,3;3,-2;3,-1;3,0;3,1;3,2;
B 0 1 0 0 0 3 -2 4 39318 -2,-1;-2,0;-2,1;-2,2;-2,3;-2,4;-1,-2;-1,0;-1,1;-1,2;-1,3;-1,4;0,-2;0,-1;0,1;0,2;0,4;1,-2;1,-1;1,0;1,2;1,3;1,4;2,-2;2,-1;2,0;2,1;2,3;2,4;3,-2;3,-1;3,0;3,1;3,2;3,4;4,-2;4,-1;4,0;4,1;4,2;
B 0 1 0 1 0 1 0 1 144577 1,0;
B 0 1 0 1 0 1 0 2 16897 0,2;1,0;1,2;2,0;
B 0 1 0 1 0 1 0 3 10018 0,2;0,3;1,0;1,2;1,3;2,0;2,3;3,0;3,2;
B 0 1 0 1 0 2 -1 2 78807 -1,0;-1,1;-1,2;0,-1;0,1;1,-1;1,0;1,2;2,-1;2,0;2,1;
B 0 1 0 1 0 2 -1 4 10018 -1,1;-1,3;-1,4;0,-1;0,1;0,3;0,4;1,-1;1,0;1,2;1,3;1,4;2,-1;2,0;2,1;2,3;2,4;3,-1;3,0;3,1;3,4;4,-1;4,0;4,1;4,3;
B 0 1 0 1 0 3 -2 5 27057 -2,-1;-2,0;-2,1;-2,2;-2,3;-2,4;-2,5;-1,-2;-1,0;-1,1;-1,2;-1,3;-1,4;-1,5;0,-2;0,-1;0,1;0,2;0,4;0,5;1,-2;1,-1;1,0;1,2;1,3;1,4;1,5;2,-2;2,-1;2,0;2,1;2,3;2,4;2,5;3,-2;3,-1;3,0;3,1;3,2;3,4;3,5;4,-2;4,-1;4,0;4,1;4,2;4,5;5,-2;5,-1;5,0;5,1;5,2;5,4;
B 0 1 0 1 0 3 -1 5 16897 -1,1;-1,2;-1,4;-1,5;0,-1;0,1;0,2;0,4;0,5;1,-1;1,0;1,2;1,3;1,4;1,5;2,-1;2,0;2,1;2,3;2,4;2,5;3,-1;3,0;3,1;3,2;3,4;3,5;4,-1;4,0;4,1;4,2;4,5;5,-1;5,0;5,1;5,2;5,4;
B 0 1 0 2 0 1 0 1 66173 1,0;
B 0 1 0 2 0 2 0 2 28328 0,1;1,0;1,2;2,0;2,1;
B 0 1 0 2 0 2 0 3 18026 0,1;0,3;1,0;1,2;1,3;2,0;2,1;2,3;3,0;3,1;
B 0 1 0 2 0 3 0 3 28328 0,1;0,2;1,0;1,2;1,3;2,0;2,1;2,3;3,0;3,1;3,2;
B 0 1 1 0 0 1 -2 1 24151 -2,-1;-2,0;-2,1;-1,-2;-1,0;-1,1;0,-2;0,-1;0,1;1,-2;1,-1;
B 0 1 1 0 0 1 -1 1 35031 -1,0;-1,1;0,-1;0,1;1,-1;
B 0 1 1 0 0 1 -1 2 1323 -1,1;-1,2;0,-1;0,1;0,2;1,-1;1,2;2,-1;
B 0 1 1 0 0 2 -2 2 19010 -2,-1;-2,0;-2,1;-2,2;-1,-2;-1,0;-1,1;-1,2;0,-2;0,-1;0,2;1,-2;1,-1;1,0;1,2;2,-2;2,-1;
B 0 1 1 0 0 2 -2 3 5141 -2,-1;-2,0;-2,1;-2,2;-2,3;-1,-2;-1,0;-1,1;-1,2;-1,3;0,-2;0,-1;0,2;0,3;1,-2;1,-1;1,0;1,2;1,3;2,-2;2,-1;2,3;3,-2;3,-1;
B 0 1 1 0 0 2 -2 4 1323 -2,-1;-2,2;-2,3;-2,4;-1,-2;-1,0;-1,1;-1,2;-1,3;-1,4;0,-2;0,-1;0,2;0,3;0,4;1,-2;1,-1;1,0;1,2;1,3;1,4;2,-2;2,-1;2,3;2,4;3,-2;3,-1;4,-2;4,-1;4,3;
B 0 1 1 0 0 3 -2 3 27281 -2,-1;-2,0;-2,1;-2,2;-2,3;-1,-2;-1,0;-1,1;-1,2;-1,3;0,-2;0,-1;0,1;0,2;0,3;1,-2;1,-1;1,0;1,2;1,3;2,-2;2,-1;2,0;2,1;2,3;3,-2;3,-1;3,1;3,2;
B 0 1 1 0 0 3 -2 4 7750 -2,-1;-2,0;-2,1;-2,2;-2,3;-2,4;-1,-2;-1,0;-1,1;-1,2;-1,3;-1,4;0,-2;0,-1;0,1;0,2;0,3;0,4;1,-2;1,-1;1,0;1,2;1,3;1,4;2,-2;2,-1;2,0;2,1;2,3;2,4;3,-2;3,-1;3,1;3,2;3,4;4,-2;4,-1;4,1;4,2;
B 0 1 1 1 0 1 0 1 88425 0,1;
B 0 1 1 1 0 1 0 2 1097 0,1;0,2;1,2;
B 0 1 1 1 0 1 0 3 129 0,1;0,2;0,3;1,2;1,3;3,2;
B 0 1 1 1 0 2 -1 2 48523 -1,0;-1,1;-1,2;0,-1;0,1;0,2;1,-1;1,0;1,2;2,-1;2,1;
B 0 1 1 1 0 2 -1 4 129 -1,3;-1,4;0,-1;0,2;0,3;0,4;1,-1;1,0;1,2;1,3;1,4;2,-1;2,3;2,4;3,-1;4,-1;4,3;
B 0 1 1 1 0 3 -2 5 2745 -2,-1;-2,0;-2,1;-2,2;-2,3;-2,4;-2,5;-1,-2;-1,0;-1,1;-1,2;-1,3;-1,4;-1,5;0,-2;0,-1;0,1;0,2;0,3;0,4;0,5;1,-2;1,-1;1,0;1,2;1,3;1,4;1,5;2,-2;2,-1;2,0;2,1;2,3;2,4;2,5;3,-2;3,-1;3,1;3,2;3,4;3,5;4,-2;4,-1;4,1;4,2;4,5;5,-2;5,-1;5,1;5,2;5,4;
B 0 1 1 1 0 3 -1 5 1097 -1,1;-1,2;-1,3;-1,4;-1,5;0,-1;0,1;0,2;0,3;0,4;0,5;1,-1;1,0;1,2;1,3;1,4;1,5;2,-1;2,0;2,1;2,3;2,4;2,5;3,-1;3,1;3,2;3,4;3,5;4,-1;4,1;4,2;4,5;5,-1;5,1;5,2;5,4;
B 0 1 1 2 0 1 0 1 45062 0,1;
B 0 1 1 2 0 2 0 2 31347 0,1;0,2;1,0;1,2;2,1;
B 0 1 1 2 0 2 0 3 3866 0,1;0,2;0,3;1,0;1,2;1,3;2,1;2,3;3,1;
B 0 1 1 2 0 3 0 3 31347 0,1;0,2;0,3;1,0;1,2;1,3;2,0;2,1;2,3;3,1;3,2;
B 0 2 1 0 0 1 -2 1 11339 -2,-1;-2,0;-2,1;-1,-2;-1,0;-1,1;0,-2;0,-1;0,1;
B 0 2 1 0 0 1 -2 2 7476 -2,-1;-2,0;-2,1;-2,2;-1,-2;-1,0;-1,1;-1,2;0,-2;0,-1;0,1;2,-2;2,-1;2,0;2,1;
B 0 2 1 0 0 1 -2 3 55124 -2,-1;-2,0;-2,1;-2,2;-2,3;-1,-2;-1,0;-1,1;-1,2;-1,3;0,-2;0,-1;0,1;0,2;0,3;1,2;1,3;2,-2;2,-1;2,0;2,1;2,3;3,-2;3,-1;3,0;3,1;3,2;
B 0 2 1 0 0 1 -1 1 12371 -1,0;-1,1;0,-1;0,1;
B 0 2 1 0 0 1 -1 2 31805 -1,0;-1,1;-1,2;0,-1;0,1;0,2;1,2;2,-1;2,0;2,1;
B 0 2 1 0 0 1 -1 3 21846 -1,1;-1,2;-1,3;0,-1;0,1;0,2;0,3;1,2;1,3;2,-1;2,0;2,1;2,3;3,-1;3,0;3,1;3,2;
B 0 2 1 0 0 2 -2 3 11339 -2,-1;-2,0;-2,1;-2,2;-2,3;-1,-2;-1,0;-1,1;-1,2;-1,3;0,-2;0,-1;0,1;0,2;0,3;1,-2;1,-1;1,0;1,2;1,3;3,-2;3,-1;3,0;3,1;3,2;
B 0 2 1 0 0 2 -2 4 31805 -2,-1;-2,0;-2,1;-2,2;-2,3;-2,4;-1,-2;-1,0;-1,1;-1,2;-1,3;-1,4;0,-2;0,-1;0,1;0,2;0,3;0,4;1,-2;1,-1;1,0;1,2;1,3;1,4;2,3;2,4;3,-2;3,-1;3,0;3,1;3,2;3,4;4,-2;4,-1;4,0;4,1;4,2;4,3;
B 0 2 1 0 0 3 -2 4 12371 -2,-1;-2,0;-2,1;-2,2;-2,3;-2,4;-1,-2;-1,0;-1,1;-1,2;-1,3;-1,4;0,-2;0,-1;0,1;0,2;0,3;0,4;1,-2;1,-1;1,0;1,2;1,3;1,4;2,-2;2,-1;2,0;2,1;2,3;2,4;4,-2;4,-1;4,0;4,1;4,2;4,3;
B 0 2 1 1 0 1 0 1 23595 0,1;
B 0 2 1 1 0 1 0 2 12092 0,1;0,2;1,2;2,0;2,1;
B 0 2 1 1 0 1 0 3 17466 0,1;0,2;0,3;1,2;1,3;2,0;2,1;2,3;3,0;3,1;3,2;
B 0 2 1 1 0 2 -1 2 10489 -1,0;-1,1;-1,2;0,-1;0,1;0,2;1,-1;1,0;1,2;
B 0 2 1 1 0 2 -1 4 17466 -1,1;-1,2;-1,3;-1,4;0,-1;0,1;0,2;0,3;0,4;1,-1;1,0;1,2;1,3;1,4;2,3;2,4;3,-1;3,0;3,1;3,2;3,4;4,-1;4,0;4,1;4,2;4,3;
B 0 2 1 1 0 3 -2 5 13106 -2,-1;-2,0;-2,1;-2,2;-2,3;-2,4;-2,5;-1,-2;-1,0;-1,1;-1,2;-1,3;-1,4;-1,5;0,-2;0,-1;0,1;0,2;0,3;0,4;0,5;1,-2;1,-1;1,0;1,2;1,3;1,4;1,5;2,-2;2,-1;2,0;2,1;2,3;2,4;2,5;3,4;3,5;4,-2;4,-1;4,0;4,1;4,2;4,3;4,5;5,-2;5,-1;5,0;5,1;5,2;5,3;5,4;
B 0 2 1 1 0 3 -1 5 12092 -1,1;-1,2;-1,3;-1,4;-1,5;0,-1;0,1;0,2;0,3;0,4;0,5;1,-1;1,0;1,2;1,3;1,4;1,5;2,-1;2,0;2,1;2,3;2,4;2,5;3,4;3,5;4,-1;4,0;4,1;4,2;4,3;4,5;5,-1;5,0;5,1;5,2;5,3;5,4;
B 0 2 1 2 0 1 0 1 19102 0,1;
B 0 2 1 2 0 2 0 3 9675 0,1;0,2;0,3;1,0;1,2;1,3;2,3;3,0;3,1;3,2;
B 0 3 1 0 0 1 -2 1 9318 -2,-1;-2,0;-2,1;-1,-2;-1,0;-1,1;0,-2;0,-1;0,1;
B 0 3 1 0 0 1 -1 1 10508 -1,0;-1,1;0,-1;0,1;
B 0 3 1 0 0 1 -1 2 155 -1,1;-1,2;0,-1;0,1;0,2;1,2;
B 0 3 1 0 0 2 -2 2 8178 -2,-1;-2,0;-2,1;-2,2;-1,-2;-1,0;-1,1;-1,2;0,-2;0,-1;0,2;1,-2;1,-1;1,0;1,2;
B 0 3 1 0 0 2 -2 3 1140 -2,-1;-2,0;-2,1;-2,2;-2,3;-1,-2;-1,0;-1,1;-1,2;-1,3;0,-2;0,-1;0,2;0,3;1,-2;1,-1;1,0;1,2;1,3;2,3;
B 0 3 1 0 0 2 -2 4 155 -2,-1;-2,2;-2,3;-2,4;-1,-2;-1,0;-1,1;-1,2;-1,3;-1,4;0,-2;0,-1;0,2;0,3;0,4;1,-2;1,-1;1,0;1,2;1,3;1,4;2,3;2,4;4,3;
B 0 3 1 0 0 3 -2 3 9846 -2,-1;-2,0;-2,1;-2,2;-2,3;-1,-2;-1,0;-1,1;-1,2;-1,3;0,-2;0,-1;0,1;0,2;0,3;1,-2;1,-1;1,0;1,2;1,3;2,-2;2,-1;2,0;2,1;2,3;
B 0 3 1 0 0 3 -2 4 662 -2,-1;-2,0;-2,1;-2,2;-2,3;-2,4;-1,-2;-1,0;-1,1;-1,2;-1,3;-1,4;0,-2;0,-1;0,1;0,3;0,4;1,-2;1,-1;1,0;1,3;1,4;2,-2;2,-1;2,0;2,1;2,3;2,4;3,4;
B 0 3 1 1 0 1 0 1 19255 0,1;
B 0 3 1 1 0 1 0 2 13 0,1;0,2;1,2;
B 0 3 1 1 0 1 0 3 26 0,1;0,2;0,3;1,2;1,3;3,2;
B 0 3 1 1 0 2 -1 2 10108 -1,0;-1,1;-1,2;0,-1;0,1;0,2;1,-1;1,0;1,2;
B 0 3 1 1 0 2 -1 4 26 -1,2;-1,3;-1,4;0,-1;0,2;0,3;0,4;1,-1;1,0;1,2;1,3;1,4;2,3;2,4;4,3;
B 0 3 1 1 0 3 -2 5 54 -2,-1;-2,0;-2,1;-2,2;-2,3;-2,4;-2,5;-1,-2;-1,0;-1,3;-1,4;-1,5;0,-2;0,-1;0,1;0,3;0,4;0,5;1,-2;1,-1;1,0;1,3;1,4;1,5;2,-2;2,-1;2,0;2,1;2,3;2,4;2,5;3,4;3,5;5,4;
B 0 3 1 1 0 3 -1 5 13 -1,3;-1,4;-1,5;0,-1;0,1;0,3;0,4;0,5;1,-1;1,3;1,4;1,5;2,-1;2,0;2,1;2,3;2,4;2,5;3,4;3,5;5,4;
B 0 3 1 2 0 1 0 1 6881 0,1;
B 0 3 1 2 0 2 0 2 6258 0,1;0,2;1,0;1,2;
B 0 3 1 2 0 2 0 3 35 0,2;0,3;1,0;1,2;1,3;2,3;
B 0 3 1 2 0 3 0 3 6258 0,1;0,2;0,3;1,0;1,2;1,3;2,0;2,1;2,3;
B 1 0 1 0 0 1 -2 1 15133 -2,-1;-2,0;-2,1;-1,-2;-1,0;-1,1;0,-2;0,-1;0,1;1,-2;1,-1;
B 1 0 1 0 0 1 -2 2 23687 -2,-1;-2,0;-2,1;-2,2;-1,-2;-1,0;-1,1;-1,2;0,-2;0,-1;0,1;0,2;1,-2;1,-1;2,-2;2,-1;2,1;
B 1 0 1 0 0 1 -2 3 50700 -2,-1;-2,0;-2,1;-2,2;-2,3;-1,-2;-1,0;-1,1;-1,2;-1,3;0,-2;0,-1;0,1;0,2;0,3;1,-2;1,-1;1,2;1,3;2,-2;2,-1;2,1;2,3;3,-2;3,-1;3,1;3,2;
B 1 0 1 0 0 1 -1 1 9975 -1,0;-1,1;0,-1;0,1;1,-1;
B 1 0 1 0 0 1 -1 2 30876 -1,0;-1,1;-1,2;0,-1;0,1;0,2;1,-1;1,2;2,-1;2,1;
B 1 0 1 0 0 1 -1 3 6777 -1,2;-1,3;0,-1;0,1;0,2;0,3;1,-1;1,2;1,3;2,-1;2,1;2,3;3,-1;3,1;3,2;
B 1 0 1 0 0 2 -2 3 15133 -2,-1;-2,0;-2,1;-2,2;-2,3;-1,-2;-1,0;-1,1;-1,2;-1,3;0,-2;0,-1;0,1;0,2;0,3;1,-2;1,-1;1,2;1,3;2,-2;2,-1;2,1;3,-2;3,-1;3,1;3,2;
B 1 0 1 0 0 2 -2 4 30876 -2,-1;-2,0;-2,1;-2,2;-2,3;-2,4;-1,-2;-1,0;-1,1;-1,2;-1,3;-1,4;0,-2;0,-1;0,1;0,2;0,3;0,4;1,-2;1,-1;1,2;1,3;1,4;2,-2;2,-1;2,1;2,3;2,4;3,-2;3,-1;3,1;3,2;3,4;4,-2;4,-1;4,1;4,2;4,3;
B 1 0 1 0 0 3 -2 4 9975 -2,-1;-2,0;-2,1;-2,2;-2,3;-2,4;-1,-2;-1,0;-1,1;-1,2;-1,3;-1,4;0,-2;0,-1;0,1;0,2;0,3;0,4;1,-2;1,-1;1,2;1,3;1,4;2,-2;2,-1;2,1;2,3;2,4;3,-2;3,-1;3,1;3,2;4,-2;4,-1;4,1;4,2;4,3;
B 1 0 1 1 0 1 0 1 21213 0,1;
B 1 0 1 1 0 1 0 2 10118 0,1;0,2;1,2;2,1;
B 1 0 1 1 0 1 0 3 9846 0,1;0,2;0,3;1,2;1,3;2,1;2,3;3,1;3,2;
B 1 0 1 1 0 2 -1 2 8487 -1,0;-1,1;-1,2;0,-1;0,1;0,2;1,-1;1,2;2,-1;2,1;
B 1 0 1 1 0 2 -1 4 9846 -1,1;-1,2;-1,3;-1,4;0,-1;0,1;0,2;0,3;0,4;1,-1;1,2;1,3;1,4;2,-1;2,1;2,3;2,4;3,-1;3,1;3,2;3,4;4,-1;4,1;4,2;4,3;
B 1 0 1 1 0 3 -2 5 12726 -2,-1;-2,0;-2,1;-2,2;-2,3;-2,4;-2,5;-1,-2;-1,0;-1,1;-1,2;-1,3;-1,4;-1,5;0,-2;0,-1;0,1;0,2;0,3;0,4;0,5;1,-2;1,-1;1,2;1,3;1,4;1,5;2,-2;2,-1;2,1;2,3;2,4;2,5;3,-2;3,-1;3,1;3,2;3,4;3,5;4,-2;4,-1;4,1;4,2;4,3;4,5;5,-2;5,-1;5,1;5,2;5,3;5,4;
B 1 0 1 1 0 3 -1 5 10118 -1,1;-1,2;-1,3;-1,4;-1,5;0,-1;0,1;0,2;0,3;0,4;0,5;1,-1;1,2;1,3;1,4;1,5;2,-1;2,1;2,3;2,4;2,5;3,-1;3,1;3,2;3,4;3,5;4,-1;4,1;4,2;4,3;4,5;5,-1;5,1;5,2;5,3;5,4;
B 1 0 1 2 0 1 0 1 16893 0,1;
B 1 0 1 2 0 2 0 3 9345 0,1;0,2;0,3;1,2;1,3;2,1;2,3;3,1;3,2;
B 1 1 1 0 0 1 -2 1 12135 -2,-1;-2,0;-2,1;-1,-2;-1,0;-1,1;0,-2;0,-1;0,1;1,-2;1,-1;
B 1 1 1 0 0 1 -1 1 31154 -1,0;-1,1;0,-1;0,1;1,-1;
B 1 1 1 0 0 2 -2 2 12135 -2,-1;-2,0;-2,1;-2,2;-1,-2;-1,1;-1,2;0,-2;0,-1;0,1;0,2;1,-2;1,-1;1,2;2,-2;2,-1;
B 1 1 1 0 0 3 -2 3 23823 -2,-1;-2,0;-2,1;-2,2;-2,3;-1,-2;-1,0;-1,1;-1,2;-1,3;0,-2;0,-1;0,1;0,2;0,3;1,-2;1,-1;1,2;1,3;2,-2;2,-1;2,1;2,3;3,-2;3,-1;3,1;3,2;
B 1 1 1 0 0 3 -2 4 7331 -2,-1;-2,0;-2,1;-2,2;-2,3;-2,4;-1,-2;-1,0;-1,1;-1,2;-1,3;-1,4;0,-2;0,-1;0,1;0,2;0,3;0,4;1,-2;1,-1;1,2;1,3;1,4;2,-2;2,-1;2,1;2,3;2,4;3,-2;3,-1;3,1;3,2;3,4;4,-2;4,-1;4,1;4,2;
B 1 1 1 0 1 1 -2 1 120413 -2,-1;-2,0;-2,1;-1,-2;-1,0;-1,1;0,-2;0,-1;0,1;1,-2;1,-1;
B 1 1 1 0 1 1 -2 2 18684 -2,-1;-2,0;-2,1;-2,2;-1,-2;-1,1;-1,2;0,-2;0,-1;0,1;0,2;1,-2;1,-1;1,2;2,-2;2,-1;
B 1 1 1 0 1 1 -2 3 16515 -2,-1;-2,0;-2,1;-2,2;-2,3;-1,-2;-1,1;-1,2;-1,3;0,-2;0,-1;0,1;0,2;0,3;1,-2;1,-1;1,2;1,3;2,-2;2,-1;3,-2;3,-1;3,2;
B 1 1 1 0 1 1 -1 1 25504 -1,0;-1,1;0,-1;0,1;1,-1;
B 1 1 1 0 1 1 -1 2 13479 -1,1;-1,2;0,-1;0,1;0,2;1,-1;1,2;2,-1;
B 1 1 1 0 1 1 -1 3 1786 -1,2;-1,3;0,-1;0,1;0,2;0,3;1,-1;1,2;1,3;2,-1;3,-1;3,2;
B 1 1 1 0 1 2 -2 2 35202 -2,-1;-2,0;-2,1;-2,2;-1,-2;-1,0;-1,1;-1,2;0,-2;0,-1;0,1;0,2;1,-2;1,-1;2,-2;2,-1;2,1;
B 1 1 1 0 1 2 -2 3 18742 -2,-1;-2,0;-2,1;-2,2;-2,3;-1,-2;-1,0;-1,1;-1,2;-1,3;0,-2;0,-1;0,1;0,2;0,3;1,-2;1,-1;1,3;2,-2;2,-1;2,1;2,3;3,-2;3,-1;3,1;
B 1 1 1 0 1 2 -2 4 13479 -2,-1;-2,1;-2,2;-2,3;-2,4;-1,-2;-1,0;-1,1;-1,2;-1,3;-1,4;0,-2;0,-1;0,1;0,2;0,3;0,4;1,-2;1,-1;1,3;1,4;2,-2;2,-1;2,1;2,3;2,4;3,-2;3,-1;3,1;3,4;4,-2;4,-1;4,1;4,3;
B 1 1 1 0 1 3 -2 3 14545 -2,-1;-2,0;-2,1;-2,2;-2,3;-1,-2;-1,0;-1,1;-1,2;-1,3;0,-2;0,-1;0,1;0,2;0,3;1,-2;1,-1;1,2;2,-2;2,-1;2,1;3,-2;3,-1;3,1;3,2;
B 1 1 1 0 1 3 -2 4 10959 -2,-1;-2,0;-2,1;-2,2;-2,3;-2,4;-1,-2;-1,0;-1,1;-1,2;-1,3;-1,4;0,-2;0,-1;0,1;0,2;0,3;0,4;1,-2;1,-1;1,2;1,4;2,-2;2,-1;2,1;2,4;3,-2;3,-1;3,1;3,2;3,4;4,-2;4,-1;4,1;4,2;
B 1 1 1 1 0 1 0 1 48487 0,1;
B 1 1 1 1 0 1 0 2 911 0,1;0,2;1,2;
B 1 1 1 1 0 2 -1 2 26586 -1,0;-1,1;-1,2;0,-1;0,1;0,2;1,-1;1,2;2,-1;2,1;
B 1 1 1 1 0 3 -2 5 2895 -2,-1;-2,0;-2,1;-2,2;-2,3;-2,4;-2,5;-1,-2;-1,0;-1,1;-1,2;-1,3;-1,4;-1,5;0,-2;0,-1;0,1;0,2;0,3;0,4;0,5;1,-2;1,-1;1,2;1,3;1,4;1,5;2,-2;2,-1;2,1;2,3;2,4;2,5;3,-2;3,-1;3,1;3,2;3,4;3,5;4,-2;4,-1;4,1;4,2;4,5;5,-2;5,-1;5,1;5,2;5,4;
B 1 1 1 1 0 3 -1 5 911 -1,1;-1,2;-1,3;-1,4;-1,5;0,-1;0,1;0,2;0,3;0,4;0,5;1,-1;1,2;1,3;1,4;1,5;2,-1;2,1;2,3;2,4;2,5;3,-1;3,1;3,2;3,4;3,5;4,-1;4,1;4,2;4,5;5,-1;5,1;5,2;5,4;
B 1 1 1 1 1 1 0 1 25483 0,1;
B 1 1 1 1 1 1 0 2 4815 0,1;0,2;1,2;
B 1 1 1 1 1 1 0 3 1950 0,1;0,2;0,3;1,2;1,3;3,2;
B 1 1 1 1 1 2 -1 2 12982 -1,0;-1,1;-1,2;0,-1;0,1;0,2;1,-1;2,-1;2,1;
B 1 1 1 1 1 2 -1 4 1950 -1,1;-1,2;-1,3;-1,4;0,-1;0,1;0,2;0,3;0,4;1,-1;1,3;1,4;2,-1;2,1;2,3;2,4;3,-1;3,1;3,4;4,-1;4,1;4,3;
B 1 1 1 1 1 3 -2 5 8156 -2,-1;-2,0;-2,1;-2,2;-2,3;-2,4;-2,5;-1,-2;-1,0;-1,1;-1,2;-1,3;-1,4;-1,5;0,-2;0,-1;0,1;0,2;0,3;0,4;0,5;1,-2;1,-1;1,2;1,4;1,5;2,-2;2,-1;2,1;2,4;2,5;3,-2;3,-1;3,1;3,2;3,4;3,5;4,-2;4,-1;4,1;4,2;4,5;5,-2;5,-1;5,1;5,2;5,4;
B 1 1 1 1 1 3 -1 5 4815 -1,1;-1,2;-1,3;-1,4;-1,5;0,-1;0,1;0,2;0,3;0,4;0,5;1,-1;1,2;1,4;1,5;2,-1;2,1;2,4;2,5;3,-1;3,1;3,2;3,4;3,5;4,-1;4,1;4,2;4,5;5,-1;5,1;5,2;5,4;
B 1 1 1 2 0 1 0 1 20370 0,1;
B 1 1 1 2 0 2 0 2 13687 0,1;0,2;1,2;2,1;
B 1 1 1 2 0 2 0 3 1610 0,1;0,2;0,3;1,3;2,1;2,3;3,1;
B 1 1 1 2 0 3 0 3 13687 0,1;0,2;0,3;1,2;1,3;2,1;2,3;3,1;3,2;
B 1 1 1 2 1 1 0 1 9836 0,1;
B 1 1 1 2 1 2 0 2 3580 0,1;0,2;2,1;
B 1 1 1 2 1 2 0 3 3461 0,1;0,2;0,3;1,3;2,1;2,3;3,1;
B 1 1 1 2 1 3 0 3 3580 0,1;0,2;0,3;1,2;2,1;3,1;3,2;
B 1 2 1 0 0 1 -2 1 7958 -2,-1;-2,0;-2,1;-1,-2;-1,0;-1,1;0,-2;0,-1;0,1;
B 1 2 1 0 0 1 -2 2 11515 -2,-1;-2,0;-2,1;-2,2;-1,-2;-1,0;-1,1;-1,2;0,-2;0,-1;0,1;0,2;2,-2;2,-1;2,1;
B 1 2 1 0 0 1 -2 3 32508 -2,-1;-2,0;-2,1;-2,2;-2,3;-1,-2;-1,0;-1,1;-1,2;-1,3;0,-2;0,-1;0,1;0,2;0,3;1,2;1,3;2,-2;2,-1;2,1;2,3;3,-2;3,-1;3,1;3,2;
B 1 2 1 0 0 1 -1 1 2717 -1,0;-1,1;0,-1;0,1;
B 1 2 1 0 0 1 -1 2 13760 -1,0;-1,1;-1,2;0,-1;0,1;0,2;1,2;2,-1;2,1;
B 1 2 1 0 0 1 -1 3 9824 -1,1;-1,2;-1,3;0,-1;0,1;0,2;0,3;1,2;1,3;2,-1;2,1;2,3;3,-1;3,1;3,2;
B 1 2 1 0 0 2 -2 3 7958 -2,-1;-2,0;-2,1;-2,2;-2,3;-1,-2;-1,1;-1,2;-1,3;0,-2;0,-1;0,1;0,2;0,3;1,-2;1,-1;1,2;1,3;3,-2;3,-1;3,1;3,2;
B 1 2 1 0 0 2 -2 4 13760 -2,-1;-2,0;-2,1;-2,2;-2,3;-2,4;-1,-2;-1,1;-1,2;-1,3;-1,4;0,-2;0,-1;0,1;0,2;0,3;0,4;1,-2;1,-1;1,2;1,3;1,4;2,4;3,-2;3,-1;3,1;3,2;3,4;4,-2;4,-1;4,1;4,2;4,3;
B 1 2 1 0 0 3 -2 4 2717 -2,-1;-2,0;-2,1;-2,2;-2,3;-2,4;-1,-2;-1,0;-1,1;-1,2;-1,3;-1,4;0,-2;0,-1;0,1;0,2;0,3;0,4;1,-2;1,-1;1,3;1,4;2,-2;2,-1;2,1;2,3;2,4;4,-2;4,-1;4,1;4,2;4,3;
B 1 2 1 1 0 1 0 1 7731 0,1;
B 1 2 1 1 0 1 0 2 2648 0,1;0,2;1,2;2,1;
B 1 2 1 1 0 1 0 3 6703 0,1;0,2;0,3;1,2;1,3;2,1;2,3;3,1;3,2;
B 1 2 1 1 0 2 -1 2 4808 -1,1;-1,2;0,-1;0,1;0,2;1,-1;1,2;
B 1 2 1 1 0 2 -1 4 6703 -1,1;-1,2;-1,3;-1,4;0,-1;0,1;0,2;0,3;0,4;1,-1;1,2;1,3;1,4;2,4;3,-1;3,1;3,2;3,4;4,-1;4,1;4,2;4,3;
B 1 2 1 1 0 3 -2 5 2923 -2,-1;-2,0;-2,1;-2,2;-2,3;-2,4;-2,5;-1,-2;-1,0;-1,1;-1,2;-1,3;-1,4;-1,5;0,-2;0,-1;0,1;0,2;0,3;0,4;0,5;1,-2;1,-1;1,3;1,4;1,5;2,-2;2,-1;2,1;2,3;2,4;2,5;3,4;3,5;4,-2;4,-1;4,1;4,2;4,3;4,5;5,-2;5,-1;5,1;5,2;5,3;5,4;
B 1 2 1 1 0 3 -1 5 2648 -1,1;-1,2;-1,3;-1,4;-1,5;0,-1;0,1;0,2;0,3;0,4;0,5;1,-1;1,3;1,4;1,5;2,-1;2,1;2,3;2,4;2,5;3,4;3,5;4,-1;4,1;4,2;4,3;4,5;5,-1;5,1;5,2;5,3;5,4;
B 1 2 1 2 0 1 0 1 7023 0,1;
B 1 2 1 2 0 2 0 3 4083 0,1;0,2;0,3;1,2;1,3;3,1;3,2;
B 1 3 1 0 0 1 -2 1 7955 -2,-1;-2,0;-2,1;-1,-2;-1,0;-1,1;0,-2;0,-1;0,1;
B 1 3 1 0 0 1 -1 1 3866 -1,0;-1,1;0,-1;0,1;
B 1 3 1 0 0 2 -2 2 7955 -2,-1;-2,0;-2,1;-2,2;-1,-2;-1,1;-1,2;0,-2;0,-1;0,1;0,2;1,-2;1,-1;1,2;
B 1 3 1 0 0 3 -2 3 3465 -2,-1;-2,0;-2,1;-2,2;-2,3;-1,-2;-1,0;-1,1;-1,2;-1,3;0,-2;0,-1;0,1;0,2;0,3;1,-2;1,-1;1,3;2,-2;2,-1;2,1;2,3;
B 1 3 1 0 0 3 -2 4 401 -2,-1;-2,1;-2,2;-2,3;-2,4;-1,-2;-1,0;-1,1;-1,2;-1,3;-1,4;0,-2;0,-1;0,1;0,2;0,3;0,4;1,-2;1,-1;1,3;1,4;2,-2;2,-1;2,1;2,3;2,4;3,4;
B 1 3 1 0 1 1 -2 1 16557 -2,-1;-2,0;-2,1;-1,-2;-1,0;-1,1;0,-2;0,-1;0,1;
B 1 3 1 0 1 1 -2 2 1406 -2,-1;-2,0;-2,1;-2,2;-1,-2;-1,1;-1,2;0,-2;0,-1;0,1;0,2;1,2;
B 1 3 1 0 1 1 -2 3 225 -2,-1;-2,0;-2,1;-2,2;-2,3;-1,-2;-1,1;-1,2;-1,3;0,-2;0,-1;0,1;0,2;0,3;1,2;1,3;3,2;
B 1 3 1 0 1 1 -1 3 112 -1,1;-1,2;-1,3;0,-1;0,1;0,2;0,3;1,2;1,3;3,2;
B 1 3 1 1 0 1 0 1 8665 0,1;
B 1 3 1 1 0 1 0 2 7 0,1;0,2;1,2;
B 1 3 1 1 0 2 -1 2 5252 -1,1;-1,2;0,-1;0,1;0,2;1,-1;1,2;
B 1 3 1 1 0 3 -2 5 32 -2,-1;-2,1;-2,2;-2,3;-2,4;-2,5;-1,-2;-1,3;-1,4;-1,5;0,-2;0,-1;0,1;0,2;0,3;0,4;0,5;1,-2;1,-1;1,3;1,4;1,5;2,-2;2,-1;2,1;2,3;2,4;2,5;3,4;3,5;5,4;
B 1 3 1 1 0 3 -1 5 7 -1,3;-1,4;-1,5;0,-1;0,1;0,2;0,3;0,4;0,5;1,-1;1,3;1,4;1,5;2,-1;2,1;2,3;2,4;2,5;3,4;3,5;5,4;
B 1 3 1 2 0 1 0 1 1375 0,1;
B 1 3 1 2 0 2 0 2 1232 0,1;0,2;1,2;
B 1 3 1 2 0 3 0 3 1232 0,1;0,2;0,3;1,3;2,1;2,3;
B 2 0 0 0 0 1 -2 1 11666 -2,-1;-2,0;-2,1;-1,-2;-1,0;-1,1;1,-2;1,-1;1,0;
B 2 0 0 0 0 1 -2 2 9488 -2,-1;-2,0;-2,1;-2,2;-1,-2;-1,0;-1,1;-1,2;1,-2;1,-1;1,0;2,-2;2,-1;2,0;2,1;
B 2 0 0 0 0 1 -2 3 80762 -2,-1;-2,0;-2,1;-2,2;-2,3;-1,-2;-1,0;-1,1;-1,2;-1,3;0,2;0,3;1,-2;1,-1;1,0;1,2;1,3;2,-2;2,-1;2,0;2,1;2,3;3,-2;3,-1;3,0;3,1;3,2;
B 2 0 0 0 0 1 -1 1 15989 -1,0;-1,1;1,-1;1,0;
B 2 0 0 0 0 1 -1 2 49776 -1,0;-1,1;-1,2;0,2;1,-1;1,0;1,2;2,-1;2,0;2,1;
B 2 0 0 0 0 1 -1 3 45690 -1,0;-1,1;-1,2;-1,3;0,2;0,3;1,-1;1,0;1,2;1,3;2,-1;2,0;2,1;2,3;3,-1;3,0;3,1;3,2;
B 2 0 0 0 0 2 -2 3 11666 -2,-1;-2,0;-2,1;-2,2;-2,3;-1,-2;-1,0;-1,1;-1,2;-1,3;0,1;1,-2;1,-1;1,0;1,2;1,3;2,-2;2,-1;2,0;2,1;3,-2;3,-1;3,0;3,1;3,2;
B 2 0 0 0 0 2 -2 4 49776 -2,-1;-2,0;-2,1;-2,2;-2,3;-2,4;-1,-2;-1,0;-1,1;-1,2;-1,3;-1,4;0,1;0,3;0,4;1,-2;1,-1;1,0;1,2;1,3;1,4;2,-2;2,-1;2,0;2,1;2,3;2,4;3,-2;3,-1;3,0;3,1;3,2;3,4;4,-2;4,-1;4,0;4,1;4,2;4,3;
B 2 0 0 0 0 3 -2 4 15989 -2,-1;-2,0;-2,1;-2,2;-2,3;-2,4;-1,-2;-1,0;-1,1;-1,2;-1,3;-1,4;0,1;0,2;1,-2;1,-1;1,0;1,2;1,3;1,4;2,-2;2,-1;2,0;2,1;2,3;2,4;3,-2;3,-1;3,0;3,1;3,2;4,-2;4,-1;4,0;4,1;4,2;4,3;
B 2 0 0 1 0 1 0 1 46374 1,0;
B 2 0 0 1 0 1 0 2 37659 0,2;1,0;1,2;2,0;2,1;
B 2 0 0 1 0 1 0 3 106220 0,2;0,3;1,0;1,2;1,3;2,0;2,1;2,3;3,0;3,1;3,2;
B 2 0 0 1 0 2 -1 2 17828 -1,0;-1,1;-1,2;0,1;1,-1;1,0;1,2;2,-1;2,0;2,1;
B 2 0 0 1 0 2 -1 4 40287 -1,0;-1,1;-1,2;-1,3;-1,4;0,1;0,3;0,4;1,-1;1,0;1,2;1,3;1,4;2,-1;2,0;2,1;2,3;2,4;3,-1;3,0;3,1;3,2;3,4;4,-1;4,0;4,1;4,2;4,3;
B 2 0 0 1 0 3 -2 5 28546 -2,-1;-2,0;-2,1;-2,2;-2,3;-2,4;-2,5;-1,-2;-1,0;-1,1;-1,2;-1,3;-1,4;-1,5;0,1;0,2;0,4;0,5;1,-2;1,-1;1,0;1,2;1,3;1,4;1,5;2,-2;2,-1;2,0;2,1;2,3;2,4;2,5;3,-2;3,-1;3,0;3,1;3,2;3,4;3,5;4,-2;4,-1;4,0;4,1;4,2;4,3;4,5;5,-2;5,-1;5,0;5,1;5,2;5,3;5,4;
B 2 0 0 1 0 3 -1 5 37659 -1,0;-1,1;-1,2;-1,3;-1,4;-1,5;0,1;0,2;0,4;0,5;1,-1;1,0;1,2;1,3;1,4;1,5;2,-1;2,0;2,1;2,3;2,4;2,5;3,-1;3,0;3,1;3,2;3,4;3,5;4,-1;4,0;4,1;4,2;4,3;4,5;5,-1;5,0;5,1;5,2;5,3;5,4;
B 2 0 0 2 0 1 0 1 163568 1,0;
B 2 0 0 2 0 1 0 2 57815 0,2;1,0;1,2;2,0;2,1;
B 2 0 0 2 0 1 0 3 59549 0,2;0,3;1,0;1,2;1,3;2,0;2,1;2,3;3,0;3,1;3,2;
B 2 0 0 2 0 2 0 2 26896 0,1;1,0;1,2;2,0;2,1;
B 2 0 0 2 0 2 0 3 78335 0,1;0,3;1,0;1,2;1,3;2,0;2,1;2,3;3,0;3,1;3,2;
B 2 0 0 2 0 2 0 4 59549 0,1;0,3;0,4;1,0;1,2;1,3;1,4;2,0;2,1;2,3;2,4;3,0;3,1;3,2;3,4;4,0;4,1;4,2;4,3;
B 2 0 0 2 0 3 0 3 26896 0,1;0,2;1,0;1,2;1,3;2,0;2,1;2,3;3,0;3,1;3,2;
B 2 0 0 2 0 3 0 5 57815 0,1;0,2;0,4;0,5;1,0;1,2;1,3;1,4;1,5;2,0;2,1;2,3;2,4;2,5;3,0;3,1;3,2;3,4;3,5;4,0;4,1;4,2;4,3;4,5;5,0;5,1;5,2;5,3;5,4;
B 2 0 1 0 0 1 -2 1 60 -2,0;-2,1;-1,-2;-1,0;-1,1;0,1;
B 2 0 1 0 0 1 -1 1 1221 -1,0;-1,1;0,1;
B 2 0 1 0 0 1 -1 2 1553 -1,0;-1,1;-1,2;0,1;0,2;2,-1;2,0;2,1;
B 2 0 1 0 0 2 -2 3 60 -2,0;-2,1;-2,2;-2,3;-1,-2;-1,0;-1,1;-1,2;-1,3;0,1;0,2;2,1;3,-2;3,-1;3,0;3,1;3,2;
B 2 0 1 0 0 2 -2 4 1553 -2,0;-2,1;-2,2;-2,3;-2,4;-1,-2;-1,0;-1,1;-1,2;-1,3;-1,4;0,1;0,2;0,3;0,4;1,3;2,1;2,3;3,-2;3,-1;3,0;3,1;3,2;3,4;4,-2;4,-1;4,0;4,1;4,2;4,3;
B 2 0 1 0 0 3 -2 4 1221 -2,-1;-2,0;-2,1;-2,2;-2,3;-2,4;-1,-2;-1,0;-1,1;-1,2;-1,3;-1,4;0,1;0,2;0,3;0,4;1,-2;1,-1;1,0;1,2;1,3;1,4;2,-2;2,-1;2,0;2,1;2,3;2,4;3,1;3,2;4,-2;4,-1;4,0;4,1;4,2;4,3;
B 2 0 1 1 0 1 0 1 6506 0,1;
B 2 0 1 1 0 1 0 2 7771 0,1;0,2;1,2;2,0;2,1;
B 2 0 1 1 0 1 0 3 6258 0,1;0,2;0,3;1,2;1,3;2,0;2,1;2,3;3,0;3,1;3,2;
B 2 0 1 1 0 2 -1 2 3732 -1,0;-1,1;-1,2;0,1;0,2;1,-1;1,0;1,2;2,1;
B 2 0 1 1 0 2 -1 4 6258 -1,0;-1,1;-1,2;-1,3;-1,4;0,1;0,2;0,3;0,4;1,3;1,4;2,1;2,3;2,4;3,-1;3,0;3,1;3,2;3,4;4,-1;4,0;4,1;4,2;4,3;
B 2 0 1 1 0 3 -2 5 2774 -2,-1;-2,0;-2,1;-2,2;-2,3;-2,4;-2,5;-1,-2;-1,0;-1,1;-1,2;-1,3;-1,4;-1,5;0,1;0,2;0,3;0,4;0,5;1,-2;1,-1;1,0;1,2;1,3;1,4;1,5;2,-2;2,-1;2,0;2,1;2,3;2,4;2,5;3,1;3,2;3,4;3,5;4,-2;4,-1;4,0;4,1;4,2;4,3;4,5;5,-2;5,-1;5,0;5,1;5,2;5,3;5,4;
B 2 0 1 1 0 3 -1 5 7771 -1,0;-1,1;-1,2;-1,3;-1,4;-1,5;0,1;0,2;0,3;0,4;0,5;1,-1;1,0;1,2;1,3;1,4;1,5;2,-1;2,0;2,1;2,3;2,4;2,5;3,1;3,2;3,4;3,5;4,-1;4,0;4,1;4,2;4,3;4,5;5,-1;5,0;5,1;5,2;5,3;5,4;
B 2 0 1 2 0 1 0 1 124371 0,1;
B 2 0 1 2 0 1 0 2 27980 0,1;0,2;1,2;2,0;2,1;
B 2 0 1 2 0 1 0 3 17719 0,1;0,2;0,3;1,2;1,3;2,0;2,1;2,3;3,0;3,1;3,2;
B 2 0 1 2 0 2 0 2 30116 0,1;0,2;1,0;1,2;2,1;
B 2 0 1 2 0 2 0 3 46846 0,1;0,2;0,3;1,0;1,2;1,3;2,1;2,3;3,0;3,1;3,2;
B 2 0 1 2 0 2 0 4 17719 0,1;0,2;0,3;0,4;1,3;1,4;2,1;2,3;2,4;3,0;3,1;3,2;3,4;4,0;4,1;4,2;4,3;
B 2 0 1 2 0 3 0 3 30116 0,1;0,2;0,3;1,0;1,2;1,3;2,0;2,1;2,3;3,1;3,2;
B 2 0 1 2 0 3 0 5 27980 0,1;0,2;0,3;0,4;0,5;1,0;1,2;1,3;1,4;1,5;2,0;2,1;2,3;2,4;2,5;3,1;3,2;3,4;3,5;4,0;4,1;4,2;4,3;4,5;5,0;5,1;5,2;5,3;5,4;
B 2 1 0 0 0 1 -2 1 67915 -2,-1;-2,0;-2,1;-1,-2;-1,0;-1,1;1,-2;1,-1;1,0;
B 2 1 0 0 0 1 -2 2 15417 -2,-1;-2,0;-2,1;-2,2;-1,-2;-1,0;-1,1;-1,2;0,2;1,-2;1,-1;1,0;1,2;2,-2;2,-1;2,0;
B 2 1 0 0 0 1 -2 3 36789 -2,-1;-2,0;-2,1;-2,2;-2,3;-1,-2;-1,0;-1,1;-1,2;-1,3;0,2;0,3;1,-2;1,-1;1,0;1,2;1,3;2,-2;2,-1;2,0;2,3;3,-2;3,-1;3,0;3,2;
B 2 1 0 0 0 1 -1 1 46980 -1,0;-1,1;1,-1;1,0;
B 2 1 0 0 0 1 -1 2 30504 -1,0;-1,1;-1,2;0,2;1,-1;1,0;1,2;2,-1;2,0;
B 2 1 0 0 0 1 -1 3 13355 -1,0;-1,1;-1,2;-1,3;0,2;0,3;1,-1;1,0;1,2;1,3;2,-1;2,0;2,3;3,-1;3,0;3,2;
B 2 1 0 0 0 2 -2 2 25523 -2,-1;-2,0;-2,1;-2,2;-1,-2;-1,0;-1,1;-1,2;0,1;1,-2;1,-1;1,0;1,2;2,-2;2,-1;2,0;2,1;
B 2 1 0 0 0 2 -2 3 20831 -2,-1;-2,0;-2,1;-2,2;-2,3;-1,-2;-1,0;-1,1;-1,2;-1,3;0,1;0,3;1,-2;1,-1;1,0;1,2;1,3;2,-2;2,-1;2,0;2,1;2,3;3,-2;3,-1;3,0;3,1;
B 2 1 0 0 0 2 -2 4 30504 -2,-1;-2,0;-2,1;-2,2;-2,3;-2,4;-1,-2;-1,0;-1,1;-1,2;-1,3;-1,4;0,1;0,3;0,4;1,-2;1,-1;1,0;1,2;1,3;1,4;2,-2;2,-1;2,0;2,1;2,3;2,4;3,-2;3,-1;3,0;3,1;3,4;4,-2;4,-1;4,0;4,1;4,3;
B 2 1 0 0 0 3 -2 3 29648 -2,-1;-2,0;-2,1;-2,2;-2,3;-1,-2;-1,0;-1,1;-1,2;-1,3;0,1;0,2;1,-2;1,-1;1,0;1,2;1,3;2,-2;2,-1;2,0;2,1;2,3;3,-2;3,-1;3,0;3,1;3,2;
B 2 1 0 0 0 3 -2 4 17332 -2,-1;-2,0;-2,1;-2,2;-2,3;-2,4;-1,-2;-1,0;-1,1;-1,2;-1,3;-1,4;0,1;0,2;0,4;1,-2;1,-1;1,0;1,2;1,3;1,4;2,-2;2,-1;2,0;2,1;2,3;2,4;3,-2;3,-1;3,0;3,1;3,2;3,4;4,-2;4,-1;4,0;4,1;4,2;
B 2 1 0 1 0 1 0 1 122945 1,0;
B 2 1 0 1 0 1 0 2 17492 0,2;1,0;1,2;2,0;
B 2 1 0 1 0 1 0 3 37529 0,2;0,3;1,0;1,2;1,3;2,0;2,3;3,0;3,2;
B 2 1 0 1 0 2 -1 2 62970 -1,0;-1,1;-1,2;0,1;1,-1;1,0;1,2;2,-1;2,0;2,1;
B 2 1 0 1 0 2 -1 4 19030 -1,0;-1,1;-1,2;-1,3;-1,4;0,1;0,3;0,4;1,-1;1,0;1,2;1,3;1,4;2,-1;2,0;2,1;2,3;2,4;3,-1;3,0;3,1;3,4;4,-1;4,0;4,1;4,3;
B 2 1 0 1 0 3 -2 5 14256 -2,-1;-2,0;-2,1;-2,2;-2,3;-2,4;-2,5;-1,-2;-1,0;-1,1;-1,2;-1,3;-1,4;-1,5;0,1;0,2;0,4;0,5;1,-2;1,-1;1,0;1,2;1,3;1,4;1,5;2,-2;2,-1;2,0;2,1;2,3;2,4;2,5;3,-2;3,-1;3,0;3,1;3,2;3,4;3,5;4,-2;4,-1;4,0;4,1;4,2;4,5;5,-2;5,-1;5,0;5,1;5,2;5,4;
B 2 1 0 1 0 3 -1 5 17492 -1,0;-1,1;-1,2;-1,3;-1,4;-1,5;0,1;0,2;0,4;0,5;1,-1;1,0;1,2;1,3;1,4;1,5;2,-1;2,0;2,1;2,3;2,4;2,5;3,-1;3,0;3,1;3,2;3,4;3,5;4,-1;4,0;4,1;4,2;4,5;5,-1;5,0;5,1;5,2;5,4;
B 2 1 0 2 0 1 0 1 346104 1,0;
B 2 1 0 2 0 1 0 2 26617 0,2;1,0;1,2;2,0;
B 2 1 0 2 0 1 0 3 24883 0,2;0,3;1,0;1,2;1,3;2,0;2,3;3,0;3,2;
B 2 1 0 2 0 2 0 2 113640 0,1;1,0;1,2;2,0;2,1;
B 2 1 0 2 0 2 0 3 62724 0,1;0,3;1,0;1,2;1,3;2,0;2,1;2,3;3,0;3,1;
B 2 1 0 2 0 2 0 4 24883 0,1;0,3;0,4;1,0;1,2;1,3;1,4;2,0;2,1;2,3;2,4;3,0;3,1;3,4;4,0;4,1;4,3;
B 2 1 0 2 0 3 0 3 113640 0,1;0,2;1,0;1,2;1,3;2,0;2,1;2,3;3,0;3,1;3,2;
B 2 1 0 2 0 3 0 5 26617 0,1;0,2;0,4;0,5;1,0;1,2;1,3;1,4;1,5;2,0;2,1;2,3;2,4;2,5;3,0;3,1;3,2;3,4;3,5;4,0;4,1;4,2;4,5;5,0;5,1;5,2;5,4;
B 2 1 1 0 0 1 -1 1 1108 -1,0;-1,1;0,1;
B 2 1 1 0 0 3 -2 3 799 -2,-1;-2,0;-2,1;-2,2;-2,3;-1,-2;-1,0;-1,1;-1,2;-1,3;0,1;0,2;0,3;1,-2;1,-1;1,0;1,2;1,3;2,-2;2,-1;2,0;2,1;2,3;3,1;3,2;
B 2 1 1 0 0 3 -2 4 309 -2,-1;-2,0;-2,1;-2,2;-2,3;-2,4;-1,-2;-1,0;-1,1;-1,2;-1,3;-1,4;0,1;0,2;0,3;0,4;1,-2;1,-1;1,0;1,2;1,3;1,4;2,-2;2,-1;2,0;2,1;2,3;2,4;3,1;3,2;3,4;4,1;4,2;
B 2 1 1 1 0 1 0 1 9924 0,1;
B 2 1 1 1 0 1 0 2 264 0,1;0,2;1,2;
B 2 1 1 1 0 2 -1 2 3905 -1,0;-1,1;-1,2;0,1;0,2;1,-1;1,0;1,2;2,1;
B 2 1 1 1 0 3 -2 5 153 -2,-1;-2,0;-2,1;-2,2;-2,3;-2,4;-2,5;-1,-2;-1,0;-1,1;-1,2;-1,3;-1,4;-1,5;0,1;0,2;0,3;0,4;0,5;1,-2;1,-1;1,0;1,2;1,3;1,4;1,5;2,-2;2,-1;2,0;2,1;2,3;2,4;2,5;3,1;3,2;3,4;3,5;4,1;4,2;4,5;5,1;5,2;5,4;
B 2 1 1 1 0 3 -1 5 264 -1,0;-1,1;-1,2;-1,3;-1,4;-1,5;0,1;0,2;0,3;0,4;0,5;1,-1;1,0;1,2;1,3;1,4;1,5;2,-1;2,0;2,1;2,3;2,4;2,5;3,1;3,2;3,4;3,5;4,1;4,2;4,5;5,1;5,2;5,4;
B 2 1 1 2 0 1 0 1 96357 0,1;
B 2 1 1 2 0 1 0 2 703 0,1;0,2;1,2;
B 2 1 1 2 0 2 0 2 32057 0,1;0,2;1,0;1,2;2,1;
B 2 1 1 2 0 2 0 3 3333 0,1;0,2;0,3;1,0;1,2;1,3;2,1;2,3;3,1;
B 2 1 1 2 0 3 0 3 32057 0,1;0,2;0,3;1,0;1,2;1,3;2,0;2,1;2,3;3,1;3,2;
B 2 1 1 2 0 3 0 5 703 0,1;0,2;0,3;0,4;0,5;1,0;1,2;1,3;1,4;1,5;2,0;2,1;2,3;2,4;2,5;3,1;3,2;3,4;3,5;4,1;4,2;4,5;5,1;5,2;5,4;
B 2 2 1 0 0 1 -2 1 2264 -2,0;-2,1;-1,-2;-1,0;-1,1;0,1;
B 2 2 1 0 0 1 -2 2 2448 -2,0;-2,1;-2,2;-1,-2;-1,0;-1,1;-1,2;0,1;2,-2;2,-1;2,0;2,1;
B 2 2 1 0 0 1 -2 3 16244 -2,0;-2,1;-2,2;-2,3;-1,-2;-1,0;-1,1;-1,2;-1,3;0,1;0,2;0,3;1,3;2,-2;2,-1;2,0;2,1;2,3;3,-2;3,-1;3,0;3,1;3,2;
B 2 2 1 0 0 1 -1 1 6457 -1,0;-1,1;0,1;
B 2 2 1 0 0 1 -1 2 16875 -1,0;-1,1;-1,2;0,1;0,2;2,-1;2,0;2,1;
B 2 2 1 0 0 1 -1 3 24056 -1,0;-1,1;-1,2;-1,3;0,1;0,2;0,3;1,3;2,-1;2,0;2,1;2,3;3,-1;3,0;3,1;3,2;
B 2 2 1 0 0 2 -2 3 2264 -2,-1;-2,0;-2,1;-2,2;-2,3;-1,-2;-1,0;-1,1;-1,2;-1,3;0,2;0,3;1,-2;1,-1;1,0;1,2;1,3;3,-2;3,-1;3,0;3,1;3,2;
B 2 2 1 0 0 2 -2 4 16875 -2,-1;-2,0;-2,1;-2,2;-2,3;-2,4;-1,-2;-1,0;-1,1;-1,2;-1,3;-1,4;0,2;0,3;0,4;1,-2;1,-1;1,0;1,2;1,3;1,4;2,3;3,-2;3,-1;3,0;3,1;3,2;3,4;4,-2;4,-1;4,0;4,1;4,2;4,3;
B 2 2 1 0 0 3 -2 4 6457 -2,-1;-2,0;-2,1;-2,2;-2,3;-2,4;-1,-2;-1,0;-1,1;-1,2;-1,3;-1,4;0,1;0,2;0,3;0,4;1,-2;1,-1;1,0;1,2;1,3;1,4;2,-2;2,-1;2,0;2,1;2,3;2,4;4,-2;4,-1;4,0;4,1;4,2;4,3;
B 2 2 1 1 0 1 0 1 17556 0,1;
B 2 2 1 1 0 1 0 2 19902 0,1;0,2;1,2;2,0;2,1;
B 2 2 1 1 0 1 0 3 84448 0,1;0,2;0,3;1,2;1,3;2,0;2,1;2,3;3,0;3,1;3,2;
B 2 2 1 1 0 2 -1 2 6264 -1,0;-1,1;-1,2;0,2;1,-1;1,0;1,2;
B 2 2 1 1 0 2 -1 4 17482 -1,0;-1,1;-1,2;-1,3;-1,4;0,2;0,3;0,4;1,-1;1,0;1,2;1,3;1,4;2,3;2,4;3,-1;3,0;3,1;3,2;3,4;4,-1;4,0;4,1;4,2;4,3;
B 2 2 1 1 0 3 -2 5 11292 -2,-1;-2,0;-2,1;-2,2;-2,3;-2,4;-2,5;-1,-2;-1,0;-1,1;-1,2;-1,3;-1,4;-1,5;0,1;0,2;0,3;0,4;0,5;1,-2;1,-1;1,0;1,2;1,3;1,4;1,5;2,-2;2,-1;2,0;2,1;2,3;2,4;2,5;3,4;3,5;4,-2;4,-1;4,0;4,1;4,2;4,3;4,5;5,-2;5,-1;5,0;5,1;5,2;5,3;5,4;
B 2 2 1 1 0 3 -1 5 19902 -1,0;-1,1;-1,2;-1,3;-1,4;-1,5;0,1;0,2;0,3;0,4;0,5;1,-1;1,0;1,2;1,3;1,4;1,5;2,-1;2,0;2,1;2,3;2,4;2,5;3,4;3,5;4,-1;4,0;4,1;4,2;4,3;4,5;5,-1;5,0;5,1;5,2;5,3;5,4;
B 2 2 1 2 0 1 0 1 96227 0,1;
B 2 2 1 2 0 1 0 2 38231 0,1;0,2;1,2;2,0;2,1;
B 2 2 1 2 0 1 0 3 49135 0,1;0,2;0,3;1,2;1,3;2,0;2,1;2,3;3,0;3,1;3,2;
B 2 2 1 2 0 2 0 2 20076 0,1;0,2;1,0;1,2;
B 2 2 1 2 0 2 0 3 43141 0,1;0,2;0,3;1,0;1,2;1,3;2,3;3,0;3,1;3,2;
B 2 2 1 2 0 2 0 4 49135 0,1;0,2;0,3;0,4;1,0;1,2;1,3;1,4;2,3;2,4;3,0;3,1;3,2;3,4;4,0;4,1;4,2;4,3;
B 2 2 1 2 0 3 0 3 20076 0,1;0,2;0,3;1,0;1,2;1,3;2,0;2,1;2,3;
B 2 2 1 2 0 3 0 5 38231 0,1;0,2;0,3;0,4;0,5;1,0;1,2;1,3;1,4;1,5;2,0;2,1;2,3;2,4;2,5;3,4;3,5;4,0;4,1;4,2;4,3;4,5;5,0;5,1;5,2;5,3;5,4;
B 2 3 1 0 0 1 -2 1 2096 -2,0;-2,1;-1,-2;-1,0;-1,1;0,1;
B 2 3 1 0 0 1 -1 1 4983 -1,0;-1,1;0,1;
B 2 3 1 0 0 2 -2 2 1830 -2,-1;-2,0;-2,1;-2,2;-1,-2;-1,0;-1,1;-1,2;0,2;1,-2;1,-1;1,0;1,2;
B 2 3 1 0 0 2 -2 3 266 -2,-1;-2,0;-2,1;-2,2;-2,3;-1,-2;-1,0;-1,1;-1,2;-1,3;0,2;0,3;1,-2;1,-1;1,0;1,2;1,3;2,3;
B 2 3 1 0 0 3 -2 3 4640 -2,-1;-2,0;-2,1;-2,2;-2,3;-1,-2;-1,0;-1,1;-1,2;-1,3;0,1;0,2;0,3;1,-2;1,-1;1,0;1,2;1,3;2,-2;2,-1;2,0;2,1;2,3;
B 2 3 1 0 0 3 -2 4 343 -2,-1;-2,0;-2,1;-2,2;-2,3;-2,4;-1,-2;-1,0;-1,1;-1,2;-1,3;-1,4;0,1;0,3;0,4;1,-2;1,-1;1,0;1,3;1,4;2,-2;2,-1;2,0;2,1;2,3;2,4;3,4;
B 2 3 1 1 0 1 0 1 9517 0,1;
B 2 3 1 1 0 1 0 2 13 0,1;0,2;1,2;
B 2 3 1 1 0 1 0 3 44 0,1;0,2;0,3;1,2;1,3;3,2;
B 2 3 1 1 0 2 -1 2 4009 -1,0;-1,1;-1,2;0,2;1,-1;1,0;1,2;
B 2 3 1 1 0 2 -1 4 44 -1,0;-1,1;-1,2;-1,3;-1,4;0,2;0,3;0,4;1,-1;1,0;1,2;1,3;1,4;2,3;2,4;4,3;
B 2 3 1 1 0 3 -2 5 36 -2,-1;-2,0;-2,1;-2,2;-2,3;-2,4;-2,5;-1,-2;-1,0;-1,3;-1,4;-1,5;0,3;0,4;0,5;1,-2;1,-1;1,0;1,3;1,4;1,5;2,-2;2,-1;2,0;2,1;2,3;2,4;2,5;3,4;3,5;5,4;
B 2 3 1 1 0 3 -1 5 13 -1,0;-1,3;-1,4;-1,5;0,3;0,4;0,5;1,-1;1,0;1,3;1,4;1,5;2,-1;2,0;2,1;2,3;2,4;2,5;3,4;3,5;5,4;
B 2 3 1 2 0 1 0 1 28268 0,1;
B 2 3 1 2 0 1 0 2 52 0,1;0,2;1,2;
B 2 3 1 2 0 1 0 3 112 0,1;0,2;0,3;1,2;1,3;3,2;
B 2 3 1 2 0 2 0 2 11714 0,1;0,2;1,0;1,2;
B 2 3 1 2 0 2 0 3 120 0,2;0,3;1,0;1,2;1,3;2,3;
B 2 3 1 2 0 2 0 4 112 0,2;0,3;0,4;1,0;1,2;1,3;1,4;2,3;2,4;4,3;
B 2 3 1 2 0 3 0 3 11714 0,1;0,2;0,3;1,0;1,2;1,3;2,0;2,1;2,3;
B 2 3 1 2 0 3 0 5 52 0,1;0,3;0,4;0,5;1,0;1,3;1,4;1,5;2,0;2,1;2,3;2,4;2,5;3,4;3,5;5,4;
B 3 0 1 0 0 1 -2 1 3 -2,0;-2,1;-1,-2;-1,0;-1,1;0,1;
B 3 0 1 0 0 1 -1 1 27 -1,0;-1,1;0,1;
B 3 0 1 0 0 1 -1 2 182 -1,0;-1,1;-1,2;0,1;0,2;2,1;
B 3 0 1 0 0 2 -2 3 3 -2,0;-2,1;-2,2;-2,3;-1,-2;-1,0;-1,1;-1,2;-1,3;0,1;0,2;0,3;2,1;3,1;3,2;
B 3 0 1 0 0 2 -2 4 182 -2,0;-2,1;-2,2;-2,3;-2,4;-1,-2;-1,0;-1,1;-1,2;-1,3;-1,4;0,1;0,2;0,3;0,4;1,3;2,1;2,3;3,1;3,2;3,4;4,1;4,2;4,3;
B 3 0 1 0 0 3 -2 4 27 -2,0;-2,1;-2,2;-2,3;-2,4;-1,-2;-1,0;-1,1;-1,2;-1,3;-1,4;0,1;0,2;0,3;0,4;2,1;2,3;3,1;4,1;4,2;4,3;
B 3 0 1 1 0 1 0 1 78 0,1;
B 3 0 1 1 0 1 0 2 529 0,1;0,2;1,2;2,1;
B 3 0 1 1 0 1 0 3 1075 0,1;0,2;0,3;1,2;1,3;2,1;2,3;3,1;3,2;
B 3 0 1 1 0 2 -1 2 28 -1,0;-1,1;-1,2;0,1;0,2;2,1;
B 3 0 1 1 0 2 -1 4 1075 -1,0;-1,1;-1,2;-1,3;-1,4;0,1;0,2;0,3;0,4;1,3;1,4;2,1;2,3;2,4;3,1;3,2;3,4;4,1;4,2;4,3;
B 3 0 1 1 0 3 -2 5 50 -2,0;-2,1;-2,2;-2,3;-2,4;-2,5;-1,-2;-1,0;-1,1;-1,2;-1,3;-1,4;-1,5;0,1;0,2;0,3;0,4;0,5;1,5;2,1;2,3;2,5;3,1;3,2;3,4;3,5;4,1;4,2;4,3;4,5;5,1;5,2;5,3;5,4;
B 3 0 1 1 0 3 -1 5 529 -1,0;-1,1;-1,2;-1,3;-1,4;-1,5;0,1;0,2;0,3;0,4;0,5;1,4;1,5;2,1;2,3;2,4;2,5;3,1;3,2;3,4;3,5;4,1;4,2;4,3;4,5;5,1;5,2;5,3;5,4;
B 3 0 1 2 0 1 0 1 24434 0,1;
B 3 0 1 2 0 1 0 2 9965 0,1;0,2;1,2;2,1;
B 3 0 1 2 0 1 0 3 7695 0,1;0,2;0,3;1,2;1,3;2,1;2,3;3,1;3,2;
B 3 0 1 2 0 2 0 2 5859 0,1;0,2;1,2;2,1;
B 3 0 1 2 0 2 0 3 9151 0,1;0,2;0,3;1,2;1,3;2,1;2,3;3,1;3,2;
B 3 0 1 2 0 2 0 4 7695 0,1;0,2;0,3;0,4;1,3;1,4;2,1;2,3;2,4;3,1;3,2;3,4;4,1;4,2;4,3;
B 3 0 1 2 0 3 0 3 5859 0,1;0,2;0,3;1,2;1,3;2,1;2,3;3,1;3,2;
B 3 0 1 2 0 3 0 5 9965 0,1;0,2;0,3;0,4;0,5;1,2;1,3;1,4;1,5;2,1;2,3;2,4;2,5;3,1;3,2;3,4;3,5;4,1;4,2;4,3;4,5;5,1;5,2;5,3;5,4;
B 3 1 1 0 0 1 -1 1 18 -1,0;-1,1;0,1;
B 3 1 1 0 0 3 -2 3 18 -2,0;-2,1;-2,2;-2,3;-1,-2;-1,0;-1,1;-1,2;-1,3;0,1;0,2;0,3;2,1;2,3;3,1;
B 3 1 1 0 1 1 -2 1 152 -2,0;-2,1;-1,-2;-1,0;-1,1;0,1;
B 3 1 1 0 1 1 -1 1 30 -1,0;-1,1;0,1;
B 3 1 1 0 1 2 -2 2 122 -2,0;-2,1;-2,2;-1,-2;-1,0;-1,1;-1,2;0,1;0,2;2,1;
B 3 1 1 0 1 2 -2 3 30 -2,0;-2,1;-2,2;-2,3;-1,-2;-1,0;-1,1;-1,2;-1,3;0,1;0,2;0,3;1,3;2,1;2,3;3,1;
B 3 1 1 0 1 3 -2 3 3 -2,0;-2,1;-2,2;-2,3;-1,-2;-1,0;-1,1;-1,2;-1,3;0,1;0,2;0,3;2,1;3,1;3,2;
B 3 1 1 0 1 3 -2 4 27 -2,0;-2,1;-2,2;-2,3;-2,4;-1,-2;-1,0;-1,1;-1,2;-1,3;-1,4;0,1;0,2;0,3;0,4;2,1;3,1;3,2;3,4;4,1;4,2;
B 3 1 1 1 0 1 0 1 124 0,1;
B 3 1 1 1 0 1 0 2 51 0,1;0,2;1,2;
B 3 1 1 1 0 2 -1 2 48 -1,0;-1,1;-1,2;0,1;0,2;2,1;
B 3 1 1 1 0 3 -1 5 51 -1,0;-1,1;-1,2;-1,3;-1,4;-1,5;0,1;0,2;0,3;0,4;0,5;1,4;1,5;2,1;2,3;2,4;2,5;3,1;3,4;3,5;4,1;5,1;5,4;
B 3 1 1 1 1 1 0 1 155 0,1;
B 3 1 1 1 1 1 0 2 306 0,1;0,2;1,2;
B 3 1 1 1 1 1 0 3 256 0,1;0,2;0,3;1,2;1,3;3,2;
B 3 1 1 1 1 2 -1 2 106 -1,0;-1,1;-1,2;0,1;0,2;2,1;
B 3 1 1 1 1 2 -1 4 256 -1,0;-1,1;-1,2;-1,3;-1,4;0,1;0,2;0,3;0,4;1,3;1,4;2,1;2,3;2,4;3,1;3,4;4,1;4,3;
B 3 1 1 1 1 3 -2 5 30 -2,0;-2,1;-2,2;-2,3;-2,4;-2,5;-1,-2;-1,0;-1,1;-1,2;-1,3;-1,4;-1,5;0,1;0,2;0,3;0,4;0,5;1,5;2,1;2,5;3,1;3,2;3,4;3,5;4,1;4,2;4,5;5,1;5,2;5,4;
B 3 1 1 1 1 3 -1 5 306 -1,0;-1,1;-1,2;-1,3;-1,4;-1,5;0,1;0,2;0,3;0,4;0,5;1,4;1,5;2,1;2,4;2,5;3,1;3,2;3,4;3,5;4,1;4,2;4,5;5,1;5,2;5,4;
B 3 1 1 2 0 1 0 1 24824 0,1;
B 3 1 1 2 0 1 0 2 553 0,1;0,2;1,2;
B 3 1 1 2 0 2 0 2 7644 0,1;0,2;1,2;2,1;
B 3 1 1 2 0 2 0 3 948 0,1;0,2;0,3;1,3;2,1;2,3;3,1;
B 3 1 1 2 0 3 0 3 7644 0,1;0,2;0,3;1,2;1,3;2,1;2,3;3,1;3,2;
B 3 1 1 2 0 3 0 5 553 0,1;0,2;0,3;0,4;0,5;1,2;1,3;1,4;1,5;2,1;2,3;2,4;2,5;3,1;3,2;3,4;3,5;4,1;4,2;4,5;5,1;5,2;5,4;
B 3 1 1 2 1 1 0 1 11545 0,1;
B 3 1 1 2 1 1 0 2 3510 0,1;0,2;1,2;
B 3 1 1 2 1 1 0 3 1849 0,1;0,2;0,3;1,2;1,3;3,2;
B 3 1 1 2 1 2 0 2 3644 0,1;0,2;2,1;
B 3 1 1 2 1 2 0 3 3157 0,1;0,2;0,3;1,3;2,1;2,3;3,1;
B 3 1 1 2 1 2 0 4 1849 0,1;0,2;0,3;0,4;1,3;1,4;2,1;2,3;2,4;3,1;3,4;4,1;4,3;
B 3 1 1 2 1 3 0 3 3644 0,1;0,2;0,3;1,2;2,1;3,1;3,2;
B 3 1 1 2 1 3 0 5 3510 0,1;0,2;0,3;0,4;0,5;1,2;1,4;1,5;2,1;2,4;2,5;3,1;3,2;3,4;3,5;4,1;4,2;4,5;5,1;5,2;5,4;
B 3 2 1 0 0 1 -2 2 122 -2,0;-2,1;-2,2;-1,-2;-1,0;-1,1;-1,2;0,1;0,2;2,1;
B 3 2 1 0 0 1 -2 3 215 -2,0;-2,1;-2,2;-2,3;-1,-2;-1,0;-1,1;-1,2;-1,3;0,1;0,2;0,3;1,3;2,1;2,3;3,1;3,2;
B 3 2 1 0 0 1 -1 1 16 -1,0;-1,1;0,1;
B 3 2 1 0 0 1 -1 3 1331 -1,0;-1,1;-1,2;-1,3;0,1;0,2;0,3;1,3;2,1;2,3;3,1;3,2;
B 3 2 1 0 0 3 -2 4 16 -2,0;-2,1;-2,2;-2,3;-2,4;-1,-2;-1,0;-1,1;-1,2;-1,3;-1,4;0,1;0,2;0,3;0,4;1,3;2,1;2,3;4,1;4,2;4,3;
B 3 2 1 1 0 1 0 1 32 0,1;
B 3 2 1 1 0 1 0 2 445 0,1;0,2;1,2;2,1;
B 3 2 1 1 0 1 0 3 16135 0,1;0,2;0,3;1,2;1,3;2,1;2,3;3,1;3,2;
B 3 2 1 1 0 3 -2 5 32 -2,0;-2,1;-2,2;-2,3;-2,4;-2,5;-1,-2;-1,0;-1,1;-1,2;-1,3;-1,4;-1,5;0,1;0,2;0,3;0,4;0,5;1,3;1,5;2,1;2,3;2,5;4,1;4,2;4,3;4,5;5,1;5,2;5,3;5,4;
B 3 2 1 1 0 3 -1 5 445 -1,0;-1,1;-1,2;-1,3;-1,4;-1,5;0,1;0,2;0,3;0,4;0,5;1,3;1,4;1,5;2,1;2,3;2,4;2,5;3,4;4,1;4,2;4,3;4,5;5,1;5,2;5,3;5,4;
B 3 2 1 2 0 1 0 1 10563 0,1;
B 3 2 1 2 0 1 0 2 3420 0,1;0,2;1,2;2,1;
B 3 2 1 2 0 1 0 3 7922 0,1;0,2;0,3;1,2;1,3;2,1;2,3;3,1;3,2;
B 3 2 1 2 0 2 0 2 1485 0,1;0,2;1,2;
B 3 2 1 2 0 2 0 3 5541 0,1;0,2;0,3;1,2;1,3;3,1;3,2;
B 3 2 1 2 0 2 0 4 7922 0,1;0,2;0,3;0,4;1,2;1,3;1,4;2,4;3,1;3,2;3,4;4,1;4,2;4,3;
B 3 2 1 2 0 3 0 3 1485 0,1;0,2;0,3;1,3;2,1;2,3;
B 3 2 1 2 0 3 0 5 3420 0,1;0,2;0,3;0,4;0,5;1,3;1,4;1,5;2,1;2,3;2,4;2,5;3,4;3,5;4,1;4,2;4,3;4,5;5,1;5,2;5,3;5,4;
B 3 3 1 0 0 1 -1 1 12 -1,0;-1,1;0,1;
B 3 3 1 0 0 3 -2 3 12 -2,0;-2,1;-2,2;-2,3;-1,-2;-1,0;-1,1;-1,2;-1,3;0,1;0,2;0,3;1,3;2,1;2,3;
B 3 3 1 0 1 1 -2 1 1406 -2,0;-2,1;-1,-2;-1,0;-1,1;0,1;
B 3 3 1 1 0 1 0 1 17 0,1;
B 3 3 1 1 1 1 0 3 1331 0,1;0,2;0,3;1,2;1,3;3,2;
B 3 3 1 2 0 1 0 1 2491 0,1;
B 3 3 1 2 0 1 0 2 18 0,1;0,2;1,2;
B 3 3 1 2 0 2 0 2 165 0,1;0,2;1,2;
B 3 3 1 2 0 3 0 3 165 0,1;0,2;0,3;1,3;2,1;2,3;
B 3 3 1 2 0 3 0 5 18 0,1;0,2;0,3;0,4;0,5;1,3;1,4;1,5;2,1;2,3;2,4;2,5;3,4;3,5;5,4;
