#N 11 boards 11066766
B 0 0 0 0 0 1 -2 1 2421131 -2,-1;-2,0;-2,1;-1,-2;-1,0;-1,1;0,-2;0,-1;1,-2;1,-1;1,0;
B 0 0 0 0 0 1 -2 2 4740576 -2,-1;-2,0;-2,1;-2,2;-1,-2;-1,0;-1,1;-1,2;0,-2;0,-1;0,2;1,-2;1,-1;1,0;1,2;2,-2;2,-1;2,0;2,1;
B 0 0 0 0 0 1 -2 3 13427629 -2,-1;-2,0;-2,1;-2,2;-2,3;-1,-2;-1,0;-1,1;-1,2;-1,3;0,-2;0,-1;0,2;0,3;1,-2;1,-1;1,0;1,2;1,3;2,-2;2,-1;2,0;2,1;2,3;3,-2;3,-1;3,0;3,1;3,2;
B 0 0 0 0 0 1 -1 1 4100964 -1,0;-1,1;0,-1;1,-1;1,0;
B 0 0 0 0 0 1 -1 2 3355472 -1,0;-1,1;-1,2;0,-1;0,2;1,-1;1,0;1,2;2,-1;2,0;2,1;
B 0 0 0 0 0 1 -1 3 4740576 -1,0;-1,1;-1,2;-1,3;0,-1;0,2;0,3;1,-1;1,0;1,2;1,3;2,-1;2,0;2,1;2,3;3,-1;3,0;3,1;3,2;
B 0 0 0 0 0 2 -2 2 1082315 -2,-1;-2,0;-2,1;-2,2;-1,-2;-1,0;-1,1;-1,2;0,-2;0,-1;0,1;1,-2;1,-1;1,0;1,2;2,-2;2,-1;2,0;2,1;
B 0 0 0 0 0 2 -2 3 2697203 -2,-1;-2,0;-2,1;-2,2;-2,3;-1,-2;-1,0;-1,1;-1,2;-1,3;0,-2;0,-1;0,1;0,3;1,-2;1,-1;1,0;1,2;1,3;2,-2;2,-1;2,0;2,1;2,3;3,-2;3,-1;3,0;3,1;3,2;
B 0 0 0 0 0 2 -2 4 9157651 -2,-1;-2,0;-2,1;-2,2;-2,3;-2,4;-1,-2;-1,0;-1,1;-1,2;-1,3;-1,4;0,-2;0,-1;0,1;0,3;0,4;1,-2;1,-1;1,0;1,2;1,3;1,4;2,-2;2,-1;2,0;2,1;2,3;2,4;3,-2;3,-1;3,0;3,1;3,2;3,4;4,-2;4,-1;4,0;4,1;4,2;4,3;
B 0 0 0 0 0 3 -2 4 1163165 -2,-1;-2,0;-2,1;-2,2;-2,3;-2,4;-1,-2;-1,0;-1,1;-1,2;-1,3;-1,4;0,-2;0,-1;0,1;0,2;1,-2;1,-1;1,0;1,2;1,3;1,4;2,-2;2,-1;2,0;2,1;2,3;2,4;3,-2;3,-1;3,0;3,1;3,2;4,-2;4,-1;4,0;4,1;4,2;4,3;
B 0 0 0 0 0 3 -2 5 4934884 -2,-1;-2,0;-2,1;-2,2;-2,3;-2,4;-2,5;-1,-2;-1,0;-1,1;-1,2;-1,3;-1,4;-1,5;0,-2;0,-1;0,1;0,2;0,4;0,5;1,-2;1,-1;1,0;1,2;1,3;1,4;1,5;2,-2;2,-1;2,0;2,1;2,3;2,4;2,5;3,-2;3,-1;3,0;3,1;3,2;3,4;3,5;4,-2;4,-1;4,0;4,1;4,2;4,3;4,5;5,-2;5,-1;5,0;5,1;5,2;5,3;5,4;
B 0 0 0 1 0 1 0 1 5803946 1,0;
B 0 0 0 1 0 1 0 2 3018649 0,2;1,0;1,2;2,0;2,1;
B 0 0 0 1 0 1 0 3 2421131 0,2;0,3;1,0;1,2;1,3;2,0;2,1;2,3;3,0;3,1;3,2;
B 0 0 0 1 0 2 -1 2 848827 -1,0;-1,1;-1,2;0,-1;0,1;1,-1;1,0;1,2;2,-1;2,0;2,1;
B 0 0 0 1 0 2 -1 3 1701976 -1,0;-1,1;-1,2;-1,3;0,-1;0,1;0,3;1,-1;1,0;1,2;1,3;2,-1;2,0;2,1;2,3;3,-1;3,0;3,1;3,2;
B 0 0 0 1 0 2 -1 4 2697203 -1,0;-1,1;-1,2;-1,3;-1,4;0,-1;0,1;0,3;0,4;1,-1;1,0;1,2;1,3;1,4;2,-1;2,0;2,1;2,3;2,4;3,-1;3,0;3,1;3,2;3,4;4,-1;4,0;4,1;4,2;4,3;
B 0 0 0 1 0 3 -2 5 1579412 -2,-1;-2,0;-2,1;-2,2;-2,3;-2,4;-2,5;-1,-2;-1,0;-1,1;-1,2;-1,3;-1,4;-1,5;0,-2;0,-1;0,1;0,2;0,4;0,5;1,-2;1,-1;1,0;1,2;1,3;1,4;1,5;2,-2;2,-1;2,0;2,1;2,3;2,4;2,5;3,-2;3,-1;3,0;3,1;3,2;3,4;3,5;4,-2;4,-1;4,0;4,1;4,2;4,3;4,5;5,-2;5,-1;5,0;5,1;5,2;5,3;5,4;
B 0 0 0 1 0 3 -1 3 848827 -1,0;-1,1;-1,2;-1,3;0,-1;0,1;0,2;1,-1;1,0;1,2;1,3;2,-1;2,0;2,1;2,3;3,-1;3,0;3,1;3,2;
B 0 0 0 1 0 3 -1 5 1163165 -1,1;-1,2;-1,4;-1,5;0,-1;0,1;0,2;0,4;0,5;1,-1;1,0;1,2;1,3;1,4;1,5;2,-1;2,0;2,1;2,3;2,4;2,5;3,-1;3,0;3,1;3,2;3,4;3,5;4,-1;4,0;4,1;4,2;4,3;4,5;5,-1;5,0;5,1;5,2;5,3;5,4;
B 0 0 0 2 0 1 0 1 4106307 1,0;
B 0 0 0 2 0 1 0 2 1082315 0,2;1,0;1,2;2,0;2,1;
B 0 0 0 2 0 2 0 2 1291549 0,1;1,0;1,2;2,0;2,1;
B 0 0 0 2 0 2 0 3 848827 0,1;0,3;1,0;1,2;1,3;2,0;2,1;2,3;3,0;3,1;3,2;
B 0 0 0 2 0 2 0 4 1082315 0,1;0,3;0,4;1,0;1,2;1,3;1,4;2,0;2,1;2,3;2,4;3,0;3,1;3,2;3,4;4,0;4,1;4,2;4,3;
B 0 0 0 2 0 3 -1 4 920045 -1,0;-1,1;-1,2;-1,3;-1,4;0,-1;0,1;0,2;0,4;1,-1;1,0;1,2;1,3;1,4;2,-1;2,0;2,1;2,3;2,4;3,-1;3,0;3,1;3,2;3,4;4,-1;4,0;4,1;4,2;4,3;
B 0 0 0 2 0 3 0 4 848827 0,1;0,2;0,4;1,0;1,2;1,3;1,4;2,0;2,1;2,3;2,4;3,0;3,1;3,2;3,4;4,0;4,1;4,2;4,3;
B 0 0 1 0 0 1 -2 1 3585250 -2,-1;-2,0;-2,1;-1,-2;-1,0;-1,1;0,-2;0,-1;0,1;1,-2;1,-1;
B 0 0 1 0 0 1 -2 2 6200751 -2,-1;-2,0;-2,1;-2,2;-1,-2;-1,0;-1,1;-1,2;0,-2;0,-1;0,1;0,2;1,-2;1,-1;1,2;2,-2;2,-1;2,0;2,1;
B 0 0 1 0 0 1 -2 3 16258470 -2,-1;-2,0;-2,1;-2,2;-2,3;-1,-2;-1,0;-1,1;-1,2;-1,3;0,-2;0,-1;0,1;0,2;0,3;1,-2;1,-1;1,2;1,3;2,-2;2,-1;2,0;2,1;2,3;3,-2;3,-1;3,0;3,1;3,2;
B 0 0 1 0 0 1 -1 1 6893443 -1,0;-1,1;0,-1;0,1;1,-1;
B 0 0 1 0 0 1 -1 2 5353086 -1,0;-1,1;-1,2;0,-1;0,1;0,2;1,-1;1,2;2,-1;2,0;2,1;
B 0 0 1 0 0 1 -1 3 6200751 -1,0;-1,1;-1,2;-1,3;0,-1;0,1;0,2;0,3;1,-1;1,2;1,3;2,-1;2,0;2,1;2,3;3,-1;3,0;3,1;3,2;
B 0 0 1 0 0 2 -2 2 2006229 -2,-1;-2,0;-2,1;-2,2;-1,-2;-1,0;-1,1;-1,2;0,-2;0,-1;0,1;0,2;1,-2;1,-1;1,0;1,2;2,-2;2,-1;2,1;
B 0 0 1 0 0 2 -2 3 4276239 -2,-1;-2,0;-2,1;-2,2;-2,3;-1,-2;-1,0;-1,1;-1,2;-1,3;0,-2;0,-1;0,1;0,2;0,3;1,-2;1,-1;1,0;1,2;1,3;2,-2;2,-1;2,1;2,3;3,-2;3,-1;3,0;3,1;3,2;
B 0 0 1 0 0 2 -2 4 12313312 -2,-1;-2,0;-2,1;-2,2;-2,3;-2,4;-1,-2;-1,0;-1,1;-1,2;-1,3;-1,4;0,-2;0,-1;0,1;0,2;0,3;0,4;1,-2;1,-1;1,0;1,2;1,3;1,4;2,-2;2,-1;2,1;2,3;2,4;3,-2;3,-1;3,0;3,1;3,2;3,4;4,-2;4,-1;4,0;4,1;4,2;4,3;
B 0 0 1 0 0 3 -2 4 1891367 -2,-1;-2,0;-2,1;-2,2;-2,3;-2,4;-1,-2;-1,0;-1,1;-1,2;-1,3;-1,4;0,-2;0,-1;0,1;0,2;0,3;0,4;1,-2;1,-1;1,0;1,2;1,3;1,4;2,-2;2,-1;2,0;2,1;2,3;2,4;3,-2;3,-1;3,1;3,2;4,-2;4,-1;4,0;4,1;4,2;4,3;
B 0 0 1 0 0 3 -2 5 7657944 -2,-1;-2,0;-2,1;-2,2;-2,3;-2,4;-2,5;-1,-2;-1,0;-1,1;-1,2;-1,3;-1,4;-1,5;0,-2;0,-1;0,1;0,2;0,3;0,4;0,5;1,-2;1,-1;1,0;1,2;1,3;1,4;1,5;2,-2;2,-1;2,0;2,1;2,3;2,4;2,5;3,-2;3,-1;3,1;3,2;3,4;3,5;4,-2;4,-1;4,0;4,1;4,2;4,3;4,5;5,-2;5,-1;5,0;5,1;5,2;5,3;5,4;
B 0 0 1 1 0 1 0 1 12458947 0,1;
B 0 0 1 1 0 1 0 2 4887214 0,1;0,2;1,2;2,0;2,1;
B 0 0 1 1 0 1 0 3 3585250 0,1;0,2;0,3;1,2;1,3;2,0;2,1;2,3;3,0;3,1;3,2;
B 0 0 1 1 0 2 -1 2 2113917 -1,0;-1,1;-1,2;0,-1;0,1;0,2;1,-1;1,0;1,2;2,-1;2,1;
B 0 0 1 1 0 2 -1 3 2844112 -1,0;-1,1;-1,2;-1,3;0,-1;0,1;0,2;0,3;1,-1;1,0;1,2;1,3;2,-1;2,1;2,3;3,-1;3,0;3,1;3,2;
B 0 0 1 1 0 2 -1 4 4276239 -1,0;-1,1;-1,2;-1,3;-1,4;0,-1;0,1;0,2;0,3;0,4;1,-1;1,0;1,2;1,3;1,4;2,-1;2,1;2,3;2,4;3,-1;3,0;3,1;3,2;3,4;4,-1;4,0;4,1;4,2;4,3;
B 0 0 1 1 0 3 -2 5 2304858 -2,-1;-2,0;-2,1;-2,2;-2,3;-2,4;-2,5;-1,-2;-1,0;-1,1;-1,2;-1,3;-1,4;-1,5;0,-2;0,-1;0,1;0,2;0,3;0,4;0,5;1,-2;1,-1;1,0;1,2;1,3;1,4;1,5;2,-2;2,-1;2,0;2,1;2,3;2,4;2,5;3,-2;3,-1;3,1;3,2;3,4;3,5;4,-2;4,-1;4,0;4,1;4,2;4,3;4,5;5,-2;5,-1;5,0;5,1;5,2;5,3;5,4;
B 0 0 1 1 0 3 -1 3 2113917 -1,0;-1,1;-1,2;-1,3;0,-1;0,1;0,2;0,3;1,-1;1,0;1,2;1,3;2,-1;2,0;2,1;2,3;3,-1;3,1;3,2;
B 0 0 1 1 0 3 -1 5 1891367 -1,1;-1,2;-1,3;-1,4;-1,5;0,-1;0,1;0,2;0,3;0,4;0,5;1,-1;1,0;1,2;1,3;1,4;1,5;2,-1;2,0;2,1;2,3;2,4;2,5;3,-1;3,1;3,2;3,4;3,5;4,-1;4,0;4,1;4,2;4,3;4,5;5,-1;5,0;5,1;5,2;5,3;5,4;
B 0 0 1 2 0 1 0 1 12497734 0,1;
B 0 0 1 2 0 1 0 2 2006229 0,1;0,2;1,2;2,0;2,1;
B 0 0 1 2 0 2 0 2 4121091 0,1;0,2;1,0;1,2;2,1;
B 0 0 1 2 0 2 0 3 2113917 0,1;0,2;0,3;1,0;1,2;1,3;2,1;2,3;3,0;3,1;3,2;
B 0 0 1 2 0 2 0 4 2006229 0,1;0,2;0,3;0,4;1,0;1,2;1,3;1,4;2,1;2,3;2,4;3,0;3,1;3,2;3,4;4,0;4,1;4,2;4,3;
B 0 0 1 2 0 3 -1 4 2322417 -1,0;-1,1;-1,2;-1,3;-1,4;0,-1;0,1;0,2;0,3;0,4;1,-1;1,0;1,2;1,3;1,4;2,-1;2,0;2,1;2,3;2,4;3,-1;3,1;3,2;3,4;4,-1;4,0;4,1;4,2;4,3;
B 0 0 1 2 0 3 0 4 2113917 0,1;0,2;0,3;0,4;1,0;1,2;1,3;1,4;2,0;2,1;2,3;2,4;3,1;3,2;3,4;4,0;4,1;4,2;4,3;
B 0 1 0 0 0 1 -2 1 19410221 -2,-1;-2,0;-2,1;-1,-2;-1,0;-1,1;0,-2;0,-1;1,-2;1,-1;1,0;
B 0 1 0 0 0 1 -2 2 7402577 -2,-1;-2,0;-2,1;-2,2;-1,-2;-1,0;-1,1;-1,2;0,-2;0,-1;0,2;1,-2;1,-1;1,0;1,2;2,-2;2,-1;2,0;
B 0 1 0 0 0 1 -2 3 10944639 -2,-1;-2,0;-2,1;-2,2;-2,3;-1,-2;-1,0;-1,1;-1,2;-1,3;0,-2;0,-1;0,2;0,3;1,-2;1,-1;1,0;1,2;1,3;2,-2;2,-1;2,0;2,3;3,-2;3,-1;3,0;3,2;
B 0 1 0 0 0 1 -1 1 14945234 -1,0;-1,1;0,-1;1,-1;1,0;
B 0 1 0 0 0 1 -1 2 3422635 -1,0;-1,1;-1,2;0,-1;0,2;1,-1;1,0;1,2;2,-1;2,0;
B 0 1 0 0 0 1 -1 3 2703941 -1,0;-1,1;-1,2;-1,3;0,-1;0,2;0,3;1,-1;1,0;1,2;1,3;2,-1;2,0;2,3;3,-1;3,0;3,2;
B 0 1 0 0 0 2 -2 2 11159327 -2,-1;-2,0;-2,1;-2,2;-1,-2;-1,0;-1,1;-1,2;0,-2;0,-1;0,1;1,-2;1,-1;1,0;1,2;2,-2;2,-1;2,0;2,1;
B 0 1 0 0 0 2 -2 3 5183737 -2,-1;-2,0;-2,1;-2,2;-2,3;-1,-2;-1,0;-1,1;-1,2;-1,3;0,-2;0,-1;0,1;0,3;1,-2;1,-1;1,0;1,2;1,3;2,-2;2,-1;2,0;2,1;2,3;3,-2;3,-1;3,0;3,1;
B 0 1 0 0 0 2 -2 4 7783103 -2,-1;-2,0;-2,1;-2,2;-2,3;-2,4;-1,-2;-1,0;-1,1;-1,2;-1,3;-1,4;0,-2;0,-1;0,1;0,3;0,4;1,-2;1,-1;1,0;1,2;1,3;1,4;2,-2;2,-1;2,0;2,1;2,3;2,4;3,-2;3,-1;3,0;3,1;3,4;4,-2;4,-1;4,0;4,1;4,3;
B 0 1 0 0 0 3 -2 3 4337298 -2,-1;-2,0;-2,1;-2,2;-2,3;-1,-2;-1,0;-1,1;-1,2;-1,3;0,-2;0,-1;0,1;0,2;1,-2;1,-1;1,0;1,2;1,3;2,-2;2,-1;2,0;2,1;2,3;3,-2;3,-1;3,0;3,1;3,2;
B 0 1 0 0 0 3 -2 4 2887794 -2,-1;-2,0;-2,1;-2,2;-2,3;-2,4;-1,-2;-1,0;-1,1;-1,2;-1,3;-1,4;0,-2;0,-1;0,1;0,2;0,4;1,-2;1,-1;1,0;1,2;1,3;1,4;2,-2;2,-1;2,0;2,1;2,3;2,4;3,-2;3,-1;3,0;3,1;3,2;3,4;4,-2;4,-1;4,0;4,1;4,2;
B 0 1 0 0 0 3 -2 5 5725899 -2,-1;-2,0;-2,1;-2,2;-2,3;-2,4;-2,5;-1,-2;-1,0;-1,1;-1,2;-1,3;-1,4;-1,5;0,-2;0,-1;0,1;0,2;0,4;0,5;1,-2;1,-1;1,0;1,2;1,3;1,4;1,5;2,-2;2,-1;2,0;2,1;2,3;2,4;2,5;3,-2;3,-1;3,0;3,1;3,2;3,4;3,5;4,-2;4,-1;4,0;4,1;4,2;4,5;5,-2;5,-1;5,0;5,1;5,2;5,4;
B 0 1 0 1 0 1 0 1 16517072 1,0;
B 0 1 0 1 0 1 0 2 2228317 0,2;1,0;1,2;2,0;
B 0 1 0 1 0 1 0 3 1230271 0,2;0,3;1,0;1,2;1,3;2,0;2,3;3,0;3,2;
B 0 1 0 1 0 2 -1 2 5911051 -1,0;-1,1;-1,2;0,-1;0,1;1,-1;1,0;1,2;2,-1;2,0;2,1;
B 0 1 0 1 0 2 -1 3 1509304 -1,0;-1,1;-1,2;-1,3;0,-1;0,1;0,3;1,-1;1,0;1,2;1,3;2,-1;2,0;2,1;2,3;3,-1;3,0;3,1;
B 0 1 0 1 0 2 -1 4 1522907 -1,0;-1,1;-1,2;-1,3;-1,4;0,-1;0,1;0,3;0,4;1,-1;1,0;1,2;1,3;1,4;2,-1;2,0;2,1;2,3;2,4;3,-1;3,0;3,1;3,4;4,-1;4,0;4,1;4,3;
B 0 1 0 1 0 3 -2 3 3523485 -2,-1;-2,0;-2,1;-2,2;-2,3;-1,-2;-1,0;-1,1;-1,2;-1,3;0,-2;0,-1;0,1;0,2;1,-2;1,-1;1,0;1,2;1,3;2,-2;2,-1;2,0;2,1;2,3;3,-2;3,-1;3,0;3,1;3,2;
B 0 1 0 1 0 3 -2 5 1154920 -2,-1;-2,0;-2,1;-2,2;-2,3;-2,4;-2,5;-1,-2;-1,0;-1,1;-1,2;-1,3;-1,4;-1,5;0,-2;0,-1;0,1;0,2;0,4;0,5;1,-2;1,-1;1,0;1,2;1,3;1,4;1,5;2,-2;2,-1;2,0;2,1;2,3;2,4;2,5;3,-2;3,-1;3,0;3,1;3,2;3,4;3,5;4,-2;4,-1;4,0;4,1;4,2;4,5;5,-2;5,-1;5,0;5,1;5,2;5,4;
B 0 1 0 1 0 3 -1 3 2387566 -1,0;-1,1;-1,2;-1,3;0,-1;0,1;0,2;1,-1;1,0;1,2;1,3;2,-1;2,0;2,1;2,3;3,-1;3,0;3,1;3,2;
B 0 1 0 1 0 3 -1 5 780761 -1,1;-1,2;-1,4;-1,5;0,-1;0,1;0,2;0,4;0,5;1,-1;1,0;1,2;1,3;1,4;1,5;2,-1;2,0;2,1;2,3;2,4;2,5;3,-1;3,0;3,1;3,2;3,4;3,5;4,-1;4,0;4,1;4,2;4,5;5,-1;5,0;5,1;5,2;5,4;
B 0 1 0 2 0 1 0 1 12348309 1,0;
B 0 1 0 2 0 1 0 2 789077 0,2;1,0;1,2;2,0;
B 0 1 0 2 0 2 0 2 5502829 0,1;1,0;1,2;2,0;2,1;
B 0 1 0 2 0 2 0 3 1082866 0,1;0,3;1,0;1,2;1,3;2,0;2,1;2,3;3,0;3,1;
B 0 1 0 2 0 2 0 4 789077 0,1;0,3;0,4;1,0;1,2;1,3;1,4;2,0;2,1;2,3;2,4;3,0;3,1;3,4;4,0;4,1;4,3;
B 0 1 0 2 0 3 -1 4 1792206 -1,0;-1,1;-1,2;-1,3;-1,4;0,-1;0,1;0,2;0,4;1,-1;1,0;1,2;1,3;1,4;2,-1;2,0;2,1;2,3;2,4;3,-1;3,0;3,1;3,2;3,4;4,-1;4,0;4,1;4,2;
B 0 1 0 2 0 3 0 3 1828441 0,1;0,2;1,0;1,2;1,3;2,0;2,1;2,3;3,0;3,1;3,2;
B 0 1 0 2 0 3 0 4 1082866 0,1;0,2;0,4;1,0;1,2;1,3;1,4;2,0;2,1;2,3;2,4;3,0;3,1;3,2;3,4;4,0;4,1;4,2;
B 0 1 1 0 0 1 -2 1 4531117 -2,-1;-2,0;-2,1;-1,-2;-1,0;-1,1;0,-2;0,-1;0,1;1,-2;1,-1;
B 0 1 1 0 0 1 -2 2 120994 -2,-1;-2,0;-2,1;-2,2;-1,-2;-1,1;-1,2;0,-2;0,-1;0,1;0,2;1,-2;1,-1;1,2;2,-2;2,-1;
B 0 1 1 0 0 1 -2 3 8190 -2,-1;-2,0;-2,1;-2,2;-2,3;-1,-2;-1,1;-1,2;-1,3;0,-2;0,-1;0,1;0,2;0,3;1,-2;1,-1;1,2;1,3;2,-2;2,-1;3,-2;3,-1;3,2;
B 0 1 1 0 0 1 -1 1 6857954 -1,0;-1,1;0,-1;0,1;1,-1;
B 0 1 1 0 0 1 -1 2 124847 -1,1;-1,2;0,-1;0,1;0,2;1,-1;1,2;2,-1;
B 0 1 1 0 0 1 -1 3 9025 -1,1;-1,2;-1,3;0,-1;0,1;0,2;0,3;1,-1;1,2;1,3;2,-1;3,-1;3,2;
B 0 1 1 0 0 2 -2 2 4805803 -2,-1;-2,0;-2,1;-2,2;-1,-2;-1,0;-1,1;-1,2;0,-2;0,-1;0,1;0,2;1,-2;1,-1;1,0;1,2;2,-2;2,-1;2,1;
B 0 1 1 0 0 2 -2 3 776318 -2,-1;-2,0;-2,1;-2,2;-2,3;-1,-2;-1,0;-1,1;-1,2;-1,3;0,-2;0,-1;0,1;0,2;0,3;1,-2;1,-1;1,0;1,2;1,3;2,-2;2,-1;2,1;2,3;3,-2;3,-1;3,1;
B 0 1 1 0 0 2 -2 4 138209 -2,-1;-2,2;-2,3;-2,4;-1,-2;-1,0;-1,1;-1,2;-1,3;-1,4;0,-2;0,-1;0,2;0,3;0,4;1,-2;1,-1;1,0;1,2;1,3;1,4;2,-2;2,-1;2,3;2,4;3,-2;3,-1;4,-2;4,-1;4,3;
B 0 1 1 0 0 3 -2 3 2143624 -2,-1;-2,0;-2,1;-2,2;-2,3;-1,-2;-1,0;-1,1;-1,2;-1,3;0,-2;0,-1;0,1;0,2;0,3;1,-2;1,-1;1,0;1,2;1,3;2,-2;2,-1;2,0;2,1;2,3;3,-2;3,-1;3,1;3,2;
B 0 1 1 0 0 3 -2 4 576694 -2,-1;-2,0;-2,1;-2,2;-2,3;-2,4;-1,-2;-1,0;-1,1;-1,2;-1,3;-1,4;0,-2;0,-1;0,1;0,2;0,3;0,4;1,-2;1,-1;1,0;1,2;1,3;1,4;2,-2;2,-1;2,0;2,1;2,3;2,4;3,-2;3,-1;3,1;3,2;3,4;4,-2;4,-1;4,1;4,2;
B 0 1 1 0 0 3 -2 5 302610 -2,-1;-2,0;-2,1;-2,2;-2,3;-2,4;-2,5;-1,-2;-1,0;-1,1;-1,2;-1,3;-1,4;-1,5;0,-2;0,-1;0,1;0,2;0,3;0,4;0,5;1,-2;1,-1;1,0;1,2;1,3;1,4;1,5;2,-2;2,-1;2,0;2,1;2,3;2,4;2,5;3,-2;3,-1;3,1;3,2;3,4;3,5;4,-2;4,-1;4,1;4,2;4,5;5,-2;5,-1;5,1;5,2;5,4;
B 0 1 1 1 0 1 0 1 9264249 0,1;
B 0 1 1 1 0 1 0 2 126050 0,1;0,2;1,2;
B 0 1 1 1 0 1 0 3 14931 0,1;0,2;0,3;1,2;1,3;3,2;
B 0 1 1 1 0 2 -1 2 4243021 -1,0;-1,1;-1,2;0,-1;0,1;0,2;1,-1;1,0;1,2;2,-1;2,1;
B 0 1 1 1 0 2 -1 3 185393 -1,0;-1,1;-1,2;-1,3;0,-1;0,1;0,2;0,3;1,-1;1,0;1,2;1,3;2,-1;2,1;2,3;3,-1;3,1;
B 0 1 1 1 0 2 -1 4 94639 -1,0;-1,1;-1,2;-1,3;-1,4;0,-1;0,1;0,2;0,3;0,4;1,-1;1,0;1,2;1,3;1,4;2,-1;2,1;2,3;2,4;3,-1;3,1;3,4;4,-1;4,1;4,3;
B 0 1 1 1 0 3 -2 3 3128804 -2,-1;-2,0;-2,1;-2,2;-2,3;-1,-2;-1,0;-1,1;-1,2;-1,3;0,-2;0,-1;0,1;0,2;0,3;1,-2;1,-1;1,0;1,2;1,3;2,-2;2,-1;2,0;2,1;2,3;3,-2;3,-1;3,1;3,2;
B 0 1 1 1 0 3 -2 5 34955 -2,-1;-2,0;-2,1;-2,2;-2,3;-2,4;-2,5;-1,-2;-1,0;-1,1;-1,2;-1,3;-1,4;-1,5;0,-2;0,-1;0,1;0,2;0,3;0,4;0,5;1,-2;1,-1;1,0;1,2;1,3;1,4;1,5;2,-2;2,-1;2,0;2,1;2,3;2,4;2,5;3,-2;3,-1;3,1;3,2;3,4;3,5;4,-2;4,-1;4,1;4,2;4,5;5,-2;5,-1;5,1;5,2;5,4;
B 0 1 1 1 0 3 -1 3 1114217 -1,0;-1,1;-1,2;-1,3;0,-1;0,1;0,2;0,3;1,-1;1,0;1,2;1,3;2,-1;2,0;2,1;2,3;3,-1;3,1;3,2;
B 0 1 1 1 0 3 -1 5 11387 -1,1;-1,2;-1,3;-1,4;-1,5;0,-1;0,1;0,2;0,3;0,4;0,5;1,-1;1,0;1,2;1,3;1,4;1,5;2,-1;2,0;2,1;2,3;2,4;2,5;3,-1;3,1;3,2;3,4;3,5;4,-1;4,1;4,2;4,5;5,-1;5,1;5,2;5,4;
B 0 1 1 2 0 1 0 1 8877200 0,1;
B 0 1 1 2 0 1 0 2 55839 0,1;0,2;1,2;
B 0 1 1 2 0 2 0 2 4490748 0,1;0,2;1,0;1,2;2,1;
B 0 1 1 2 0 2 0 3 211350 0,1;0,2;0,3;1,0;1,2;1,3;2,1;2,3;3,1;
B 0 1 1 2 0 2 0 4 55839 0,1;0,2;0,3;0,4;1,0;1,2;1,3;1,4;2,1;2,3;2,4;3,1;3,4;4,1;4,3;
B 0 1 1 2 0 3 -1 4 423370 -1,0;-1,1;-1,2;-1,3;-1,4;0,-1;0,1;0,2;0,3;0,4;1,-1;1,0;1,2;1,3;1,4;2,-1;2,0;2,1;2,3;2,4;3,-1;3,1;3,2;3,4;4,-1;4,1;4,2;
B 0 1 1 2 0 3 0 3 2612224 0,1;0,2;0,3;1,0;1,2;1,3;2,0;2,1;2,3;3,1;3,2;
B 0 1 1 2 0 3 0 4 211350 0,1;0,2;0,3;0,4;1,0;1,2;1,3;1,4;2,0;2,1;2,3;2,4;3,1;3,2;3,4;4,1;4,2;
B 0 2 1 0 0 1 -2 1 1059419 -2,-1;-2,0;-2,1;-1,-2;-1,0;-1,1;0,-2;0,-1;0,1;
B 0 2 1 0 0 1 -2 2 1918193 -2,-1;-2,0;-2,1;-2,2;-1,-2;-1,0;-1,1;-1,2;0,-2;0,-1;0,1;0,2;1,2;2,-2;2,-1;2,0;2,1;
B 0 2 1 0 0 1 -2 3 8047044 -2,-1;-2,0;-2,1;-2,2;-2,3;-1,-2;-1,0;-1,1;-1,2;-1,3;0,-2;0,-1;0,1;0,2;0,3;1,2;1,3;2,-2;2,-1;2,0;2,1;2,3;3,-2;3,-1;3,0;3,1;3,2;
B 0 2 1 0 0 1 -1 1 2016641 -1,0;-1,1;0,-1;0,1;
B 0 2 1 0 0 1 -1 2 1893485 -1,0;-1,1;-1,2;0,-1;0,1;0,2;1,2;2,-1;2,0;2,1;
B 0 2 1 0 0 1 -1 3 4150534 -1,0;-1,1;-1,2;-1,3;0,-1;0,1;0,2;0,3;1,2;1,3;2,-1;2,0;2,1;2,3;3,-1;3,0;3,1;3,2;
B 0 2 1 0 0 2 -2 2 497893 -2,-1;-2,0;-2,1;-2,2;-1,-2;-1,0;-1,1;-1,2;0,-2;0,-1;0,1;0,2;1,-2;1,-1;1,0;1,2;
B 0 2 1 0 0 2 -2 3 1179505 -2,-1;-2,0;-2,1;-2,2;-2,3;-1,-2;-1,0;-1,1;-1,2;-1,3;0,-2;0,-1;0,1;0,2;0,3;1,-2;1,-1;1,0;1,2;1,3;2,3;3,-2;3,-1;3,0;3,1;3,2;
B 0 2 1 0 0 2 -2 4 5140373 -2,-1;-2,0;-2,1;-2,2;-2,3;-2,4;-1,-2;-1,0;-1,1;-1,2;-1,3;-1,4;0,-2;0,-1;0,1;0,2;0,3;0,4;1,-2;1,-1;1,0;1,2;1,3;1,4;2,3;2,4;3,-2;3,-1;3,0;3,1;3,2;3,4;4,-2;4,-1;4,0;4,1;4,2;4,3;
B 0 2 1 0 0 3 -2 4 599084 -2,-1;-2,0;-2,1;-2,2;-2,3;-2,4;-1,-2;-1,0;-1,1;-1,2;-1,3;-1,4;0,-2;0,-1;0,1;0,2;0,3;0,4;1,-2;1,-1;1,0;1,2;1,3;1,4;2,-2;2,-1;2,0;2,1;2,3;2,4;4,-2;4,-1;4,0;4,1;4,2;4,3;
B 0 2 1 0 0 3 -2 5 2693063 -2,-1;-2,0;-2,1;-2,2;-2,3;-2,4;-2,5;-1,-2;-1,0;-1,1;-1,2;-1,3;-1,4;-1,5;0,-2;0,-1;0,1;0,2;0,3;0,4;0,5;1,-2;1,-1;1,0;1,2;1,3;1,4;1,5;2,-2;2,-1;2,0;2,1;2,3;2,4;2,5;3,4;3,5;4,-2;4,-1;4,0;4,1;4,2;4,3;4,5;5,-2;5,-1;5,0;5,1;5,2;5,3;5,4;
B 0 2 1 1 0 1 0 1 3321984 0,1;
B 0 2 1 1 0 1 0 2 1898249 0,1;0,2;1,2;2,0;2,1;
B 0 2 1 1 0 1 0 3 2181271 0,1;0,2;0,3;1,2;1,3;2,0;2,1;2,3;3,0;3,1;3,2;
B 0 2 1 1 0 2 -1 2 519142 -1,0;-1,1;-1,2;0,-1;0,1;0,2;1,-1;1,0;1,2;
B 0 2 1 1 0 2 -1 3 768090 -1,0;-1,1;-1,2;-1,3;0,-1;0,1;0,2;0,3;1,-1;1,0;1,2;1,3;2,3;3,-1;3,0;3,1;3,2;
B 0 2 1 1 0 2 -1 4 2204597 -1,0;-1,1;-1,2;-1,3;-1,4;0,-1;0,1;0,2;0,3;0,4;1,-1;1,0;1,2;1,3;1,4;2,3;2,4;3,-1;3,0;3,1;3,2;3,4;4,-1;4,0;4,1;4,2;4,3;
B 0 2 1 1 0 3 -2 5 1005079 -2,-1;-2,0;-2,1;-2,2;-2,3;-2,4;-2,5;-1,-2;-1,0;-1,1;-1,2;-1,3;-1,4;-1,5;0,-2;0,-1;0,1;0,2;0,3;0,4;0,5;1,-2;1,-1;1,0;1,2;1,3;1,4;1,5;2,-2;2,-1;2,0;2,1;2,3;2,4;2,5;3,4;3,5;4,-2;4,-1;4,0;4,1;4,2;4,3;4,5;5,-2;5,-1;5,0;5,1;5,2;5,3;5,4;
B 0 2 1 1 0 3 -1 3 519142 -1,0;-1,1;-1,2;-1,3;0,-1;0,1;0,2;0,3;1,-1;1,0;1,2;1,3;2,-1;2,0;2,1;2,3;
B 0 2 1 1 0 3 -1 5 869844 -1,1;-1,2;-1,3;-1,4;-1,5;0,-1;0,1;0,2;0,3;0,4;0,5;1,-1;1,0;1,2;1,3;1,4;1,5;2,-1;2,0;2,1;2,3;2,4;2,5;3,4;3,5;4,-1;4,0;4,1;4,2;4,3;4,5;5,-1;5,0;5,1;5,2;5,3;5,4;
B 0 2 1 2 0 1 0 1 3245329 0,1;
B 0 2 1 2 0 1 0 2 783054 0,1;0,2;1,2;2,0;2,1;
B 0 2 1 2 0 2 0 2 1023361 0,1;0,2;1,0;1,2;
B 0 2 1 2 0 2 0 3 459410 0,1;0,2;0,3;1,0;1,2;1,3;2,3;3,0;3,1;3,2;
B 0 2 1 2 0 2 0 4 783054 0,1;0,2;0,3;0,4;1,0;1,2;1,3;1,4;2,3;2,4;3,0;3,1;3,2;3,4;4,0;4,1;4,2;4,3;
B 0 2 1 2 0 3 -1 4 620030 -1,0;-1,1;-1,2;-1,3;-1,4;0,-1;0,1;0,2;0,3;0,4;1,-1;1,0;1,2;1,3;1,4;2,-1;2,0;2,1;2,3;2,4;3,4;4,-1;4,0;4,1;4,2;4,3;
B 0 2 1 2 0 3 0 4 459410 0,1;0,2;0,3;0,4;1,0;1,2;1,3;1,4;2,0;2,1;2,3;2,4;3,4;4,0;4,1;4,2;4,3;
B 0 3 1 0 0 1 -2 1 947927 -2,-1;-2,0;-2,1;-1,-2;-1,0;-1,1;0,-2;0,-1;0,1;
B 0 3 1 0 0 1 -2 2 3086 -2,-1;-2,0;-2,1;-2,2;-1,-2;-1,1;-1,2;0,-2;0,-1;0,1;0,2;1,2;
B 0 3 1 0 0 1 -2 3 107 -2,-1;-2,0;-2,1;-2,2;-2,3;-1,-2;-1,1;-1,2;-1,3;0,-2;0,-1;0,1;0,2;0,3;1,2;1,3;3,2;
B 0 3 1 0 0 1 -1 1 965660 -1,0;-1,1;0,-1;0,1;
B 0 3 1 0 0 1 -1 2 426 -1,1;-1,2;0,-1;0,1;0,2;1,2;
B 0 3 1 0 0 1 -1 3 287 -1,1;-1,2;-1,3;0,-1;0,1;0,2;0,3;1,2;1,3;3,2;
B 0 3 1 0 0 2 -2 2 834610 -2,-1;-2,0;-2,1;-2,2;-1,-2;-1,0;-1,1;-1,2;0,-2;0,-1;0,1;0,2;1,-2;1,-1;1,0;1,2;
B 0 3 1 0 0 2 -2 3 36949 -2,-1;-2,0;-2,1;-2,2;-2,3;-1,-2;-1,0;-1,1;-1,2;-1,3;0,-2;0,-1;0,2;0,3;1,-2;1,-1;1,0;1,2;1,3;2,3;
B 0 3 1 0 0 2 -2 4 3480 -2,-1;-2,2;-2,3;-2,4;-1,-2;-1,0;-1,1;-1,2;-1,3;-1,4;0,-2;0,-1;0,2;0,3;0,4;1,-2;1,-1;1,0;1,2;1,3;1,4;2,3;2,4;4,3;
B 0 3 1 0 0 3 -2 3 528318 -2,-1;-2,0;-2,1;-2,2;-2,3;-1,-2;-1,0;-1,1;-1,2;-1,3;0,-2;0,-1;0,1;0,2;0,3;1,-2;1,-1;1,0;1,2;1,3;2,-2;2,-1;2,0;2,1;2,3;
B 0 3 1 0 0 3 -2 4 22607 -2,-1;-2,0;-2,1;-2,2;-2,3;-2,4;-1,-2;-1,0;-1,1;-1,2;-1,3;-1,4;0,-2;0,-1;0,1;0,3;0,4;1,-2;1,-1;1,0;1,3;1,4;2,-2;2,-1;2,0;2,1;2,3;2,4;3,4;
B 0 3 1 0 0 3 -2 5 1709 -2,-1;-2,0;-2,1;-2,2;-2,3;-2,4;-2,5;-1,-2;-1,0;-1,3;-1,4;-1,5;0,-2;0,-1;0,1;0,3;0,4;0,5;1,-2;1,-1;1,0;1,3;1,4;1,5;2,-2;2,-1;2,0;2,1;2,3;2,4;2,5;3,4;3,5;5,4;
B 0 3 1 1 0 1 0 1 1031492 0,1;
B 0 3 1 1 0 1 0 2 137 0,1;0,2;1,2;
B 0 3 1 1 0 1 0 3 278 0,1;0,2;0,3;1,2;1,3;3,2;
B 0 3 1 1 0 2 -1 2 513993 -1,0;-1,1;-1,2;0,-1;0,1;0,2;1,-1;1,0;1,2;
B 0 3 1 1 0 2 -1 3 365 -1,0;-1,1;-1,2;-1,3;0,-1;0,2;0,3;1,-1;1,0;1,2;1,3;2,3;
B 0 3 1 1 0 2 -1 4 289 -1,0;-1,1;-1,2;-1,3;-1,4;0,-1;0,2;0,3;0,4;1,-1;1,0;1,2;1,3;1,4;2,3;2,4;4,3;
B 0 3 1 1 0 3 -2 3 488422 -2,-1;-2,0;-2,1;-2,2;-2,3;-1,-2;-1,0;-1,1;-1,2;-1,3;0,-2;0,-1;0,1;0,2;0,3;1,-2;1,-1;1,0;1,2;1,3;2,-2;2,-1;2,0;2,1;2,3;
B 0 3 1 1 0 3 -2 5 84 -2,-1;-2,0;-2,1;-2,2;-2,3;-2,4;-2,5;-1,-2;-1,0;-1,3;-1,4;-1,5;0,-2;0,-1;0,1;0,3;0,4;0,5;1,-2;1,-1;1,0;1,3;1,4;1,5;2,-2;2,-1;2,0;2,1;2,3;2,4;2,5;3,4;3,5;5,4;
B 0 3 1 1 0 3 -1 3 25571 -1,0;-1,1;-1,2;-1,3;0,-1;0,1;0,2;0,3;1,-1;1,0;1,2;1,3;2,-1;2,0;2,1;2,3;
B 0 3 1 1 0 3 -1 5 42 -1,3;-1,4;-1,5;0,-1;0,1;0,3;0,4;0,5;1,-1;1,3;1,4;1,5;2,-1;2,0;2,1;2,3;2,4;2,5;3,4;3,5;5,4;
B 0 3 1 2 0 1 0 1 745875 0,1;
B 0 3 1 2 0 1 0 2 52 0,1;0,2;1,2;
B 0 3 1 2 0 2 0 2 445604 0,1;0,2;1,0;1,2;
B 0 3 1 2 0 2 0 3 196 0,2;0,3;1,0;1,2;1,3;2,3;
B 0 3 1 2 0 2 0 4 52 0,2;0,3;0,4;1,0;1,2;1,3;1,4;2,3;2,4;4,3;
B 0 3 1 2 0 3 -1 4 1240 -1,0;-1,1;-1,2;-1,3;-1,4;0,-1;0,1;0,2;0,3;0,4;1,-1;1,0;1,3;1,4;2,-1;2,0;2,1;2,3;2,4;3,4;
B 0 3 1 2 0 3 0 3 275901 0,1;0,2;0,3;1,0;1,2;1,3;2,0;2,1;2,3;
B 0 3 1 2 0 3 0 4 196 0,1;0,2;0,3;0,4;1,0;1,3;1,4;2,0;2,1;2,3;2,4;3,4;
B 1 0 1 0 0 1 -2 1 2181271 -2,-1;-2,0;-2,1;-1,-2;-1,0;-1,1;0,-2;0,-1;0,1;1,-2;1,-1;
B 1 0 1 0 0 1 -2 2 4150534 -2,-1;-2,0;-2,1;-2,2;-1,-2;-1,0;-1,1;-1,2;0,-2;0,-1;0,1;0,2;1,-2;1,-1;1,2;2,-2;2,-1;2,1;
B 1 0 1 0 0 1 -2 3 8047044 -2,-1;-2,0;-2,1;-2,2;-2,3;-1,-2;-1,0;-1,1;-1,2;-1,3;0,-2;0,-1;0,1;0,2;0,3;1,-2;1,-1;1,2;1,3;2,-2;2,-1;2,1;2,3;3,-2;3,-1;3,1;3,2;
B 1 0 1 0 0 1 -1 1 2681303 -1,0;-1,1;0,-1;0,1;1,-1;
B 1 0 1 0 0 1 -1 2 1893485 -1,0;-1,1;-1,2;0,-1;0,1;0,2;1,-1;1,2;2,-1;2,1;
B 1 0 1 0 0 1 -1 3 1918193 -1,0;-1,1;-1,2;-1,3;0,-1;0,1;0,2;0,3;1,-1;1,2;1,3;2,-1;2,1;2,3;3,-1;3,1;3,2;
B 1 0 1 0 0 2 -2 2 783054 -2,-1;-2,0;-2,1;-2,2;-1,-2;-1,0;-1,1;-1,2;0,-2;0,-1;0,1;0,2;1,-2;1,-1;1,2;2,-2;2,-1;2,1;
B 1 0 1 0 0 2 -2 3 2204597 -2,-1;-2,0;-2,1;-2,2;-2,3;-1,-2;-1,0;-1,1;-1,2;-1,3;0,-2;0,-1;0,1;0,2;0,3;1,-2;1,-1;1,2;1,3;2,-2;2,-1;2,1;2,3;3,-2;3,-1;3,1;3,2;
B 1 0 1 0 0 2 -2 4 5140373 -2,-1;-2,0;-2,1;-2,2;-2,3;-2,4;-1,-2;-1,0;-1,1;-1,2;-1,3;-1,4;0,-2;0,-1;0,1;0,2;0,3;0,4;1,-2;1,-1;1,2;1,3;1,4;2,-2;2,-1;2,1;2,3;2,4;3,-2;3,-1;3,1;3,2;3,4;4,-2;4,-1;4,1;4,2;4,3;
B 1 0 1 0 0 3 -2 4 869844 -2,-1;-2,0;-2,1;-2,2;-2,3;-2,4;-1,-2;-1,0;-1,1;-1,2;-1,3;-1,4;0,-2;0,-1;0,1;0,2;0,3;0,4;1,-2;1,-1;1,2;1,3;1,4;2,-2;2,-1;2,1;2,3;2,4;3,-2;3,-1;3,1;3,2;4,-2;4,-1;4,1;4,2;4,3;
B 1 0 1 0 0 3 -2 5 2898564 -2,-1;-2,0;-2,1;-2,2;-2,3;-2,4;-2,5;-1,-2;-1,0;-1,1;-1,2;-1,3;-1,4;-1,5;0,-2;0,-1;0,1;0,2;0,3;0,4;0,5;1,-2;1,-1;1,2;1,3;1,4;1,5;2,-2;2,-1;2,1;2,3;2,4;2,5;3,-2;3,-1;3,1;3,2;3,4;3,5;4,-2;4,-1;4,1;4,2;4,3;4,5;5,-2;5,-1;5,1;5,2;5,3;5,4;
B 1 0 1 1 0 1 0 1 3507605 0,1;
B 1 0 1 1 0 1 0 2 1518748 0,1;0,2;1,2;2,1;
B 1 0 1 1 0 1 0 3 1059419 0,1;0,2;0,3;1,2;1,3;2,1;2,3;3,1;3,2;
B 1 0 1 1 0 2 -1 2 459410 -1,0;-1,1;-1,2;0,-1;0,1;0,2;1,-1;1,2;2,-1;2,1;
B 1 0 1 1 0 2 -1 3 768090 -1,0;-1,1;-1,2;-1,3;0,-1;0,1;0,2;0,3;1,-1;1,2;1,3;2,-1;2,1;2,3;3,-1;3,1;3,2;
B 1 0 1 1 0 2 -1 4 1179505 -1,0;-1,1;-1,2;-1,3;-1,4;0,-1;0,1;0,2;0,3;0,4;1,-1;1,2;1,3;1,4;2,-1;2,1;2,3;2,4;3,-1;3,1;3,2;3,4;4,-1;4,1;4,2;4,3;
B 1 0 1 1 0 3 -2 5 799578 -2,-1;-2,0;-2,1;-2,2;-2,3;-2,4;-2,5;-1,-2;-1,0;-1,1;-1,2;-1,3;-1,4;-1,5;0,-2;0,-1;0,1;0,2;0,3;0,4;0,5;1,-2;1,-1;1,2;1,3;1,4;1,5;2,-2;2,-1;2,1;2,3;2,4;2,5;3,-2;3,-1;3,1;3,2;3,4;3,5;4,-2;4,-1;4,1;4,2;4,3;4,5;5,-2;5,-1;5,1;5,2;5,3;5,4;
B 1 0 1 1 0 3 -1 3 459410 -1,0;-1,1;-1,2;-1,3;0,-1;0,1;0,2;0,3;1,-1;1,2;1,3;2,-1;2,1;2,3;3,-1;3,1;3,2;
B 1 0 1 1 0 3 -1 5 599084 -1,1;-1,2;-1,3;-1,4;-1,5;0,-1;0,1;0,2;0,3;0,4;0,5;1,-1;1,2;1,3;1,4;1,5;2,-1;2,1;2,3;2,4;2,5;3,-1;3,1;3,2;3,4;3,5;4,-1;4,1;4,2;4,3;4,5;5,-1;5,1;5,2;5,3;5,4;
B 1 0 1 2 0 1 0 1 3059708 0,1;
B 1 0 1 2 0 1 0 2 497893 0,1;0,2;1,2;2,1;
B 1 0 1 2 0 2 0 2 1023361 0,1;0,2;1,2;2,1;
B 1 0 1 2 0 2 0 3 519142 0,1;0,2;0,3;1,2;1,3;2,1;2,3;3,1;3,2;
B 1 0 1 2 0 2 0 4 497893 0,1;0,2;0,3;0,4;1,2;1,3;1,4;2,1;2,3;2,4;3,1;3,2;3,4;4,1;4,2;4,3;
B 1 0 1 2 0 3 -1 4 620030 -1,0;-1,1;-1,2;-1,3;-1,4;0,-1;0,1;0,2;0,3;0,4;1,-1;1,2;1,3;1,4;2,-1;2,1;2,3;2,4;3,-1;3,1;3,2;3,4;4,-1;4,1;4,2;4,3;
B 1 0 1 2 0 3 0 4 519142 0,1;0,2;0,3;0,4;1,2;1,3;1,4;2,1;2,3;2,4;3,1;3,2;3,4;4,1;4,2;4,3;
B 1 1 1 0 0 1 -2 1 3418501 -2,-1;-2,0;-2,1;-1,-2;-1,0;-1,1;0,-2;0,-1;0,1;1,-2;1,-1;
B 1 1 1 0 0 1 -1 1 4040123 -1,0;-1,1;0,-1;0,1;1,-1;
B 1 1 1 0 0 1 -1 2 142794 -1,1;-1,2;0,-1;0,1;0,2;1,-1;1,2;2,-1;
B 1 1 1 0 0 2 -2 2 3533450 -2,-1;-2,0;-2,1;-2,2;-1,-2;-1,0;-1,1;-1,2;0,-2;0,-1;0,1;0,2;1,-2;1,-1;1,2;2,-2;2,-1;2,1;
B 1 1 1 0 0 2 -2 3 118376 -2,-1;-2,0;-2,1;-2,2;-2,3;-1,-2;-1,0;-1,1;-1,2;-1,3;0,-2;0,-1;0,1;0,2;0,3;1,-2;1,-1;1,3;2,-2;2,-1;2,1;2,3;3,-2;3,-1;3,1;
B 1 1 1 0 0 3 -2 3 1511213 -2,-1;-2,0;-2,1;-2,2;-2,3;-1,-2;-1,0;-1,1;-1,2;-1,3;0,-2;0,-1;0,1;0,2;0,3;1,-2;1,-1;1,2;1,3;2,-2;2,-1;2,1;2,3;3,-2;3,-1;3,1;3,2;
B 1 1 1 0 0 3 -2 4 587476 -2,-1;-2,0;-2,1;-2,2;-2,3;-2,4;-1,-2;-1,0;-1,1;-1,2;-1,3;-1,4;0,-2;0,-1;0,1;0,2;0,3;0,4;1,-2;1,-1;1,2;1,3;1,4;2,-2;2,-1;2,1;2,3;2,4;3,-2;3,-1;3,1;3,2;3,4;4,-2;4,-1;4,1;4,2;
B 1 1 1 0 0 3 -2 5 362710 -2,-1;-2,0;-2,1;-2,2;-2,3;-2,4;-2,5;-1,-2;-1,0;-1,1;-1,2;-1,3;-1,4;-1,5;0,-2;0,-1;0,1;0,2;0,3;0,4;0,5;1,-2;1,-1;1,2;1,3;1,4;1,5;2,-2;2,-1;2,1;2,3;2,4;2,5;3,-2;3,-1;3,1;3,2;3,4;3,5;4,-2;4,-1;4,1;4,2;4,5;5,-2;5,-1;5,1;5,2;5,4;
B 1 1 1 0 1 1 -2 1 9933151 -2,-1;-2,0;-2,1;-1,-2;-1,0;-1,1;0,-2;0,-1;0,1;1,-2;1,-1;
B 1 1 1 0 1 1 -2 2 2784426 -2,-1;-2,0;-2,1;-2,2;-1,-2;-1,1;-1,2;0,-2;0,-1;0,1;0,2;1,-2;1,-1;1,2;2,-2;2,-1;
B 1 1 1 0 1 1 -2 3 1682074 -2,-1;-2,0;-2,1;-2,2;-2,3;-1,-2;-1,1;-1,2;-1,3;0,-2;0,-1;0,1;0,2;0,3;1,-2;1,-1;1,2;1,3;2,-2;2,-1;3,-2;3,-1;3,2;
B 1 1 1 0 1 1 -1 1 2093348 -1,0;-1,1;0,-1;0,1;1,-1;
B 1 1 1 0 1 1 -1 2 585766 -1,1;-1,2;0,-1;0,1;0,2;1,-1;1,2;2,-1;
B 1 1 1 0 1 1 -1 3 276524 -1,1;-1,2;-1,3;0,-1;0,1;0,2;0,3;1,-1;1,2;1,3;2,-1;3,-1;3,2;
B 1 1 1 0 1 2 -2 2 2999522 -2,-1;-2,0;-2,1;-2,2;-1,-2;-1,0;-1,1;-1,2;0,-2;0,-1;0,1;0,2;1,-2;1,-1;2,-2;2,-1;2,1;
B 1 1 1 0 1 2 -2 3 1521944 -2,-1;-2,0;-2,1;-2,2;-2,3;-1,-2;-1,0;-1,1;-1,2;-1,3;0,-2;0,-1;0,1;0,2;0,3;1,-2;1,-1;1,3;2,-2;2,-1;2,1;2,3;3,-2;3,-1;3,1;
B 1 1 1 0 1 2 -2 4 1577662 -2,-1;-2,1;-2,2;-2,3;-2,4;-1,-2;-1,0;-1,1;-1,2;-1,3;-1,4;0,-2;0,-1;0,1;0,2;0,3;0,4;1,-2;1,-1;1,3;1,4;2,-2;2,-1;2,1;2,3;2,4;3,-2;3,-1;3,1;3,4;4,-2;4,-1;4,1;4,3;
B 1 1 1 0 1 3 -2 3 1110486 -2,-1;-2,0;-2,1;-2,2;-2,3;-1,-2;-1,0;-1,1;-1,2;-1,3;0,-2;0,-1;0,1;0,2;0,3;1,-2;1,-1;1,2;2,-2;2,-1;2,1;3,-2;3,-1;3,1;3,2;
B 1 1 1 0 1 3 -2 4 740011 -2,-1;-2,0;-2,1;-2,2;-2,3;-2,4;-1,-2;-1,0;-1,1;-1,2;-1,3;-1,4;0,-2;0,-1;0,1;0,2;0,3;0,4;1,-2;1,-1;1,2;1,4;2,-2;2,-1;2,1;2,4;3,-2;3,-1;3,1;3,2;3,4;4,-2;4,-1;4,1;4,2;
B 1 1 1 0 1 3 -2 5 1159534 -2,-1;-2,0;-2,1;-2,2;-2,3;-2,4;-2,5;-1,-2;-1,0;-1,1;-1,2;-1,3;-1,4;-1,5;0,-2;0,-1;0,1;0,2;0,3;0,4;0,5;1,-2;1,-1;1,2;1,4;1,5;2,-2;2,-1;2,1;2,4;2,5;3,-2;3,-1;3,1;3,2;3,4;3,5;4,-2;4,-1;4,1;4,2;4,5;5,-2;5,-1;5,1;5,2;5,4;
B 1 1 1 1 0 1 0 1 3526989 0,1;
B 1 1 1 1 0 1 0 2 81072 0,1;0,2;1,2;
B 1 1 1 1 0 1 0 3 8468 0,1;0,2;0,3;1,2;1,3;3,2;
B 1 1 1 1 0 2 -1 2 1670498 -1,0;-1,1;-1,2;0,-1;0,1;0,2;1,-1;1,2;2,-1;2,1;
B 1 1 1 1 0 2 -1 3 66546 -1,0;-1,1;-1,2;-1,3;0,-1;0,1;0,2;0,3;1,-1;1,3;2,-1;2,1;2,3;3,-1;3,1;
B 1 1 1 1 0 2 -1 4 51026 -1,0;-1,1;-1,2;-1,3;-1,4;0,-1;0,1;0,2;0,3;0,4;1,-1;1,3;1,4;2,-1;2,1;2,3;2,4;3,-1;3,1;3,4;4,-1;4,1;4,3;
B 1 1 1 1 0 3 -2 3 1177939 -2,-1;-2,0;-2,1;-2,2;-2,3;-1,-2;-1,0;-1,1;-1,2;-1,3;0,-2;0,-1;0,1;0,2;0,3;1,-2;1,-1;1,2;1,3;2,-2;2,-1;2,1;2,3;3,-2;3,-1;3,1;3,2;
B 1 1 1 1 0 3 -2 5 30046 -2,-1;-2,0;-2,1;-2,2;-2,3;-2,4;-2,5;-1,-2;-1,0;-1,1;-1,2;-1,3;-1,4;-1,5;0,-2;0,-1;0,1;0,2;0,3;0,4;0,5;1,-2;1,-1;1,2;1,3;1,4;1,5;2,-2;2,-1;2,1;2,3;2,4;2,5;3,-2;3,-1;3,1;3,2;3,4;3,5;4,-2;4,-1;4,1;4,2;4,5;5,-2;5,-1;5,1;5,2;5,4;
B 1 1 1 1 0 3 -1 3 492559 -1,0;-1,1;-1,2;-1,3;0,-1;0,1;0,2;0,3;1,-1;1,2;1,3;2,-1;2,1;2,3;3,-1;3,1;3,2;
B 1 1 1 1 0 3 -1 5 8468 -1,1;-1,2;-1,3;-1,4;-1,5;0,-1;0,1;0,2;0,3;0,4;0,5;1,-1;1,2;1,3;1,4;1,5;2,-1;2,1;2,3;2,4;2,5;3,-1;3,1;3,2;3,4;3,5;4,-1;4,1;4,2;4,5;5,-1;5,1;5,2;5,4;
B 1 1 1 1 1 1 0 1 1468891 0,1;
B 1 1 1 1 1 1 0 2 433615 0,1;0,2;1,2;
B 1 1 1 1 1 1 0 3 143399 0,1;0,2;0,3;1,2;1,3;3,2;
B 1 1 1 1 1 2 -1 2 572092 -1,0;-1,1;-1,2;0,-1;0,1;0,2;1,-1;2,-1;2,1;
B 1 1 1 1 1 2 -1 3 218266 -1,0;-1,1;-1,2;-1,3;0,-1;0,1;0,2;0,3;1,-1;1,3;2,-1;2,1;2,3;3,-1;3,1;
B 1 1 1 1 1 2 -1 4 271736 -1,0;-1,1;-1,2;-1,3;-1,4;0,-1;0,1;0,2;0,3;0,4;1,-1;1,3;1,4;2,-1;2,1;2,3;2,4;3,-1;3,1;3,4;4,-1;4,1;4,3;
B 1 1 1 1 1 3 -2 3 326789 -2,-1;-2,0;-2,1;-2,2;-2,3;-1,-2;-1,0;-1,1;-1,2;-1,3;0,-2;0,-1;0,1;0,2;0,3;1,-2;1,-1;1,2;2,-2;2,-1;2,1;3,-2;3,-1;3,1;3,2;
B 1 1 1 1 1 3 -2 5 233448 -2,-1;-2,0;-2,1;-2,2;-2,3;-2,4;-2,5;-1,-2;-1,0;-1,1;-1,2;-1,3;-1,4;-1,5;0,-2;0,-1;0,1;0,2;0,3;0,4;0,5;1,-2;1,-1;1,2;1,4;1,5;2,-2;2,-1;2,1;2,4;2,5;3,-2;3,-1;3,1;3,2;3,4;3,5;4,-2;4,-1;4,1;4,2;4,5;5,-2;5,-1;5,1;5,2;5,4;
B 1 1 1 1 1 3 -1 3 245303 -1,0;-1,1;-1,2;-1,3;0,-1;0,1;0,2;0,3;1,-1;1,2;2,-1;2,1;3,-1;3,1;3,2;
B 1 1 1 1 1 3 -1 5 71830 -1,1;-1,2;-1,3;-1,4;-1,5;0,-1;0,1;0,2;0,3;0,4;0,5;1,-1;1,2;1,4;1,5;2,-1;2,1;2,4;2,5;3,-1;3,1;3,2;3,4;3,5;4,-1;4,1;4,2;4,5;5,-1;5,1;5,2;5,4;
B 1 1 1 2 0 1 0 1 3007879 0,1;
B 1 1 1 2 0 1 0 2 17040 0,1;0,2;1,2;
B 1 1 1 2 0 2 0 2 1558363 0,1;0,2;1,2;2,1;
B 1 1 1 2 0 2 0 3 86102 0,1;0,2;0,3;1,3;2,1;2,3;3,1;
B 1 1 1 2 0 2 0 4 17040 0,1;0,2;0,3;0,4;1,3;1,4;2,1;2,3;2,4;3,1;3,4;4,1;4,3;
B 1 1 1 2 0 3 -1 4 288999 -1,0;-1,1;-1,2;-1,3;-1,4;0,-1;0,1;0,2;0,3;0,4;1,-1;1,2;1,3;1,4;2,-1;2,1;2,3;2,4;3,-1;3,1;3,2;3,4;4,-1;4,1;4,2;
B 1 1 1 2 0 3 0 3 673972 0,1;0,2;0,3;1,2;1,3;2,1;2,3;3,1;3,2;
B 1 1 1 2 0 3 0 4 86102 0,1;0,2;0,3;0,4;1,2;1,3;1,4;2,1;2,3;2,4;3,1;3,2;3,4;4,1;4,2;
B 1 1 1 2 1 1 0 1 951428 0,1;
B 1 1 1 2 1 1 0 2 110908 0,1;0,2;1,2;
B 1 1 1 2 1 2 0 2 396206 0,1;0,2;2,1;
B 1 1 1 2 1 2 0 3 149060 0,1;0,2;0,3;1,3;2,1;2,3;3,1;
B 1 1 1 2 1 2 0 4 110908 0,1;0,2;0,3;0,4;1,3;1,4;2,1;2,3;2,4;3,1;3,4;4,1;4,3;
B 1 1 1 2 1 3 -1 4 219819 -1,0;-1,1;-1,2;-1,3;-1,4;0,-1;0,1;0,2;0,3;0,4;1,-1;1,2;1,4;2,-1;2,1;2,4;3,-1;3,1;3,2;3,4;4,-1;4,1;4,2;
B 1 1 1 2 1 3 0 3 104468 0,1;0,2;0,3;1,2;2,1;3,1;3,2;
B 1 1 1 2 1 3 0 4 149060 0,1;0,2;0,3;0,4;1,2;1,4;2,1;2,4;3,1;3,2;3,4;4,1;4,2;
B 1 2 1 0 0 1 -2 1 422325 -2,-1;-2,0;-2,1;-1,-2;-1,0;-1,1;0,-2;0,-1;0,1;
B 1 2 1 0 0 1 -2 2 1095633 -2,-1;-2,0;-2,1;-2,2;-1,-2;-1,0;-1,1;-1,2;0,-2;0,-1;0,1;0,2;1,2;2,-2;2,-1;2,1;
B 1 2 1 0 0 1 -2 3 2992239 -2,-1;-2,0;-2,1;-2,2;-2,3;-1,-2;-1,0;-1,1;-1,2;-1,3;0,-2;0,-1;0,1;0,2;0,3;1,2;1,3;2,-2;2,-1;2,1;2,3;3,-2;3,-1;3,1;3,2;
B 1 2 1 0 0 1 -1 1 585043 -1,0;-1,1;0,-1;0,1;
B 1 2 1 0 0 1 -1 2 218500 -1,0;-1,1;-1,2;0,-1;0,1;0,2;1,2;2,-1;2,1;
B 1 2 1 0 0 1 -1 3 1095633 -1,0;-1,1;-1,2;-1,3;0,-1;0,1;0,2;0,3;1,2;1,3;2,-1;2,1;2,3;3,-1;3,1;3,2;
B 1 2 1 0 0 2 -2 2 190976 -2,-1;-2,0;-2,1;-2,2;-1,-2;-1,1;-1,2;0,-2;0,-1;0,1;0,2;1,-2;1,-1;1,2;
B 1 2 1 0 0 2 -2 3 528321 -2,-1;-2,0;-2,1;-2,2;-2,3;-1,-2;-1,1;-1,2;-1,3;0,-2;0,-1;0,1;0,2;0,3;1,-2;1,-1;1,2;1,3;3,-2;3,-1;3,1;3,2;
B 1 2 1 0 0 2 -2 4 1634155 -2,-1;-2,0;-2,1;-2,2;-2,3;-2,4;-1,-2;-1,1;-1,2;-1,3;-1,4;0,-2;0,-1;0,1;0,2;0,3;0,4;1,-2;1,-1;1,2;1,3;1,4;2,4;3,-2;3,-1;3,1;3,2;3,4;4,-2;4,-1;4,1;4,2;4,3;
B 1 2 1 0 0 3 -2 4 137412 -2,-1;-2,0;-2,1;-2,2;-2,3;-2,4;-1,-2;-1,0;-1,1;-1,2;-1,3;-1,4;0,-2;0,-1;0,1;0,2;0,3;0,4;1,-2;1,-1;1,3;1,4;2,-2;2,-1;2,1;2,3;2,4;4,-2;4,-1;4,1;4,2;4,3;
B 1 2 1 0 0 3 -2 5 369159 -2,-1;-2,0;-2,1;-2,2;-2,3;-2,4;-2,5;-1,-2;-1,0;-1,1;-1,2;-1,3;-1,4;-1,5;0,-2;0,-1;0,1;0,2;0,3;0,4;0,5;1,-2;1,-1;1,3;1,4;1,5;2,-2;2,-1;2,1;2,3;2,4;2,5;3,4;3,5;4,-2;4,-1;4,1;4,2;4,3;4,5;5,-2;5,-1;5,1;5,2;5,3;5,4;
B 1 2 1 1 0 1 0 1 735990 0,1;
B 1 2 1 1 0 1 0 2 394067 0,1;0,2;1,2;2,1;
B 1 2 1 1 0 1 0 3 422325 0,1;0,2;0,3;1,2;1,3;2,1;2,3;3,1;3,2;
B 1 2 1 1 0 2 -1 2 62513 -1,1;-1,2;0,-1;0,1;0,2;1,-1;1,2;
B 1 2 1 1 0 2 -1 3 209355 -1,1;-1,2;-1,3;0,-1;0,1;0,2;0,3;1,-1;1,2;1,3;3,-1;3,1;3,2;
B 1 2 1 1 0 2 -1 4 528321 -1,1;-1,2;-1,3;-1,4;0,-1;0,1;0,2;0,3;0,4;1,-1;1,2;1,3;1,4;2,4;3,-1;3,1;3,2;3,4;4,-1;4,1;4,2;4,3;
B 1 2 1 1 0 3 -2 5 150659 -2,-1;-2,0;-2,1;-2,2;-2,3;-2,4;-2,5;-1,-2;-1,0;-1,1;-1,2;-1,3;-1,4;-1,5;0,-2;0,-1;0,1;0,2;0,3;0,4;0,5;1,-2;1,-1;1,3;1,4;1,5;2,-2;2,-1;2,1;2,3;2,4;2,5;3,4;3,5;4,-2;4,-1;4,1;4,2;4,3;4,5;5,-2;5,-1;5,1;5,2;5,3;5,4;
B 1 2 1 1 0 3 -1 3 62513 -1,0;-1,1;-1,2;-1,3;0,-1;0,1;0,2;0,3;1,-1;1,3;2,-1;2,1;2,3;
B 1 2 1 1 0 3 -1 5 137412 -1,1;-1,2;-1,3;-1,4;-1,5;0,-1;0,1;0,2;0,3;0,4;0,5;1,-1;1,3;1,4;1,5;2,-1;2,1;2,3;2,4;2,5;3,4;3,5;4,-1;4,1;4,2;4,3;4,5;5,-1;5,1;5,2;5,3;5,4;
B 1 2 1 2 0 1 0 1 555500 0,1;
B 1 2 1 2 0 1 0 2 190976 0,1;0,2;1,2;2,1;
B 1 2 1 2 0 2 0 2 160439 0,1;0,2;1,2;
B 1 2 1 2 0 2 0 3 62513 0,1;0,2;0,3;1,2;1,3;3,1;3,2;
B 1 2 1 2 0 2 0 4 190976 0,1;0,2;0,3;0,4;1,2;1,3;1,4;2,4;3,1;3,2;3,4;4,1;4,2;4,3;
B 1 2 1 2 0 3 -1 4 84522 -1,0;-1,1;-1,2;-1,3;-1,4;0,-1;0,1;0,2;0,3;0,4;1,-1;1,3;1,4;2,-1;2,1;2,3;2,4;3,4;4,-1;4,1;4,2;4,3;
B 1 2 1 2 0 3 0 4 62513 0,1;0,2;0,3;0,4;1,3;1,4;2,1;2,3;2,4;3,4;4,1;4,2;4,3;
B 1 3 1 0 0 1 -2 1 526108 -2,-1;-2,0;-2,1;-1,-2;-1,0;-1,1;0,-2;0,-1;0,1;
B 1 3 1 0 0 1 -1 1 376773 -1,0;-1,1;0,-1;0,1;
B 1 3 1 0 0 1 -1 2 272 -1,1;-1,2;0,-1;0,1;0,2;1,2;
B 1 3 1 0 0 2 -2 2 561792 -2,-1;-2,0;-2,1;-2,2;-1,-2;-1,1;-1,2;0,-2;0,-1;0,1;0,2;1,-2;1,-1;1,2;
B 1 3 1 0 0 3 -2 3 172979 -2,-1;-2,0;-2,1;-2,2;-2,3;-1,-2;-1,0;-1,1;-1,2;-1,3;0,-2;0,-1;0,1;0,2;0,3;1,-2;1,-1;1,3;2,-2;2,-1;2,1;2,3;
B 1 3 1 0 0 3 -2 4 12645 -2,-1;-2,1;-2,2;-2,3;-2,4;-1,-2;-1,0;-1,1;-1,2;-1,3;-1,4;0,-2;0,-1;0,1;0,2;0,3;0,4;1,-2;1,-1;1,3;1,4;2,-2;2,-1;2,1;2,3;2,4;3,4;
B 1 3 1 0 0 3 -2 5 1064 -2,-1;-2,1;-2,2;-2,3;-2,4;-2,5;-1,-2;-1,3;-1,4;-1,5;0,-2;0,-1;0,1;0,2;0,3;0,4;0,5;1,-2;1,-1;1,3;1,4;1,5;2,-2;2,-1;2,1;2,3;2,4;2,5;3,4;3,5;5,4;
B 1 3 1 0 1 1 -2 1 721762 -2,-1;-2,0;-2,1;-1,-2;-1,0;-1,1;0,-2;0,-1;0,1;
B 1 3 1 0 1 1 -2 2 38201 -2,-1;-2,0;-2,1;-2,2;-1,-2;-1,1;-1,2;0,-2;0,-1;0,1;0,2;1,2;
B 1 3 1 0 1 1 -2 3 4071 -2,-1;-2,0;-2,1;-2,2;-2,3;-1,-2;-1,1;-1,2;-1,3;0,-2;0,-1;0,1;0,2;0,3;1,2;1,3;3,2;
B 1 3 1 0 1 1 -1 3 2495 -1,1;-1,2;-1,3;0,-1;0,1;0,2;0,3;1,2;1,3;3,2;
B 1 3 1 1 0 1 0 1 180444 0,1;
B 1 3 1 1 0 1 0 2 40 0,1;0,2;1,2;
B 1 3 1 1 0 1 0 3 23 0,1;0,2;0,3;1,2;1,3;3,2;
B 1 3 1 1 0 2 -1 2 76304 -1,1;-1,2;0,-1;0,1;0,2;1,-1;1,2;
B 1 3 1 1 0 3 -2 3 73832 -2,-1;-2,0;-2,1;-2,2;-2,3;-1,-2;-1,0;-1,1;-1,2;-1,3;0,-2;0,-1;0,1;0,2;0,3;1,-2;1,-1;1,3;2,-2;2,-1;2,1;2,3;
B 1 3 1 1 0 3 -2 5 40 -2,-1;-2,1;-2,2;-2,3;-2,4;-2,5;-1,-2;-1,3;-1,4;-1,5;0,-2;0,-1;0,1;0,2;0,3;0,4;0,5;1,-2;1,-1;1,3;1,4;1,5;2,-2;2,-1;2,1;2,3;2,4;2,5;3,4;3,5;5,4;
B 1 3 1 1 0 3 -1 3 2472 -1,0;-1,1;-1,2;-1,3;0,-1;0,1;0,2;0,3;1,-1;1,3;2,-1;2,1;2,3;
B 1 3 1 1 0 3 -1 5 23 -1,3;-1,4;-1,5;0,-1;0,1;0,2;0,3;0,4;0,5;1,-1;1,3;1,4;1,5;2,-1;2,1;2,3;2,4;2,5;3,4;3,5;5,4;
B 1 3 1 2 0 1 0 1 150883 0,1;
B 1 3 1 2 0 2 0 2 105990 0,1;0,2;1,2;
B 1 3 1 2 0 3 -1 4 401 -1,0;-1,1;-1,2;-1,3;-1,4;0,-1;0,1;0,2;0,3;0,4;1,-1;1,3;1,4;2,-1;2,1;2,3;2,4;3,4;
B 1 3 1 2 0 3 0 3 38377 0,1;0,2;0,3;1,3;2,1;2,3;
B 2 0 0 0 0 1 -2 1 1230271 -2,-1;-2,0;-2,1;-1,-2;-1,0;-1,1;1,-2;1,-1;1,0;
B 2 0 0 0 0 1 -2 2 2703941 -2,-1;-2,0;-2,1;-2,2;-1,-2;-1,0;-1,1;-1,2;0,2;1,-2;1,-1;1,0;1,2;2,-2;2,-1;2,0;2,1;
B 2 0 0 0 0 1 -2 3 10944639 -2,-1;-2,0;-2,1;-2,2;-2,3;-1,-2;-1,0;-1,1;-1,2;-1,3;0,2;0,3;1,-2;1,-1;1,0;1,2;1,3;2,-2;2,-1;2,0;2,1;2,3;3,-2;3,-1;3,0;3,1;3,2;
B 2 0 0 0 0 1 -1 1 3017394 -1,0;-1,1;1,-1;1,0;
B 2 0 0 0 0 1 -1 2 3422635 -1,0;-1,1;-1,2;0,2;1,-1;1,0;1,2;2,-1;2,0;2,1;
B 2 0 0 0 0 1 -1 3 7402577 -1,0;-1,1;-1,2;-1,3;0,2;0,3;1,-1;1,0;1,2;1,3;2,-1;2,0;2,1;2,3;3,-1;3,0;3,1;3,2;
B 2 0 0 0 0 2 -2 2 789077 -2,-1;-2,0;-2,1;-2,2;-1,-2;-1,0;-1,1;-1,2;0,1;1,-2;1,-1;1,0;1,2;2,-2;2,-1;2,0;2,1;
B 2 0 0 0 0 2 -2 3 1522907 -2,-1;-2,0;-2,1;-2,2;-2,3;-1,-2;-1,0;-1,1;-1,2;-1,3;0,1;0,3;1,-2;1,-1;1,0;1,2;1,3;2,-2;2,-1;2,0;2,1;2,3;3,-2;3,-1;3,0;3,1;3,2;
B 2 0 0 0 0 2 -2 4 7783103 -2,-1;-2,0;-2,1;-2,2;-2,3;-2,4;-1,-2;-1,0;-1,1;-1,2;-1,3;-1,4;0,1;0,3;0,4;1,-2;1,-1;1,0;1,2;1,3;1,4;2,-2;2,-1;2,0;2,1;2,3;2,4;3,-2;3,-1;3,0;3,1;3,2;3,4;4,-2;4,-1;4,0;4,1;4,2;4,3;
B 2 0 0 0 0 3 -2 4 780761 -2,-1;-2,0;-2,1;-2,2;-2,3;-2,4;-1,-2;-1,0;-1,1;-1,2;-1,3;-1,4;0,1;0,2;1,-2;1,-1;1,0;1,2;1,3;1,4;2,-2;2,-1;2,0;2,1;2,3;2,4;3,-2;3,-1;3,0;3,1;3,2;4,-2;4,-1;4,0;4,1;4,2;4,3;
B 2 0 0 0 0 3 -2 5 4577555 -2,-1;-2,0;-2,1;-2,2;-2,3;-2,4;-2,5;-1,-2;-1,0;-1,1;-1,2;-1,3;-1,4;-1,5;0,1;0,2;0,4;0,5;1,-2;1,-1;1,0;1,2;1,3;1,4;1,5;2,-2;2,-1;2,0;2,1;2,3;2,4;2,5;3,-2;3,-1;3,0;3,1;3,2;3,4;3,5;4,-2;4,-1;4,0;4,1;4,2;4,3;4,5;5,-2;5,-1;5,0;5,1;5,2;5,3;5,4;
B 2 0 0 1 0 1 0 1 6687280 1,0;
B 2 0 0 1 0 1 0 2 4395797 0,2;1,0;1,2;2,0;2,1;
B 2 0 0 1 0 1 0 3 10695564 0,2;0,3;1,0;1,2;1,3;2,0;2,1;2,3;3,0;3,1;3,2;
B 2 0 0 1 0 2 -1 2 1082866 -1,0;-1,1;-1,2;0,1;1,-1;1,0;1,2;2,-1;2,0;2,1;
B 2 0 0 1 0 2 -1 3 1509304 -1,0;-1,1;-1,2;-1,3;0,1;0,3;1,-1;1,0;1,2;1,3;2,-1;2,0;2,1;2,3;3,-1;3,0;3,1;3,2;
B 2 0 0 1 0 2 -1 4 5183737 -1,0;-1,1;-1,2;-1,3;-1,4;0,1;0,3;0,4;1,-1;1,0;1,2;1,3;1,4;2,-1;2,0;2,1;2,3;2,4;3,-1;3,0;3,1;3,2;3,4;4,-1;4,0;4,1;4,2;4,3;
B 2 0 0 1 0 3 -2 5 2303264 -2,-1;-2,0;-2,1;-2,2;-2,3;-2,4;-2,5;-1,-2;-1,0;-1,1;-1,2;-1,3;-1,4;-1,5;0,1;0,2;0,4;0,5;1,-2;1,-1;1,0;1,2;1,3;1,4;1,5;2,-2;2,-1;2,0;2,1;2,3;2,4;2,5;3,-2;3,-1;3,0;3,1;3,2;3,4;3,5;4,-2;4,-1;4,0;4,1;4,2;4,3;4,5;5,-2;5,-1;5,0;5,1;5,2;5,3;5,4;
B 2 0 0 1 0 3 -1 3 1082866 -1,0;-1,1;-1,2;-1,3;0,1;0,2;1,-1;1,0;1,2;1,3;2,-1;2,0;2,1;2,3;3,-1;3,0;3,1;3,2;
B 2 0 0 1 0 3 -1 5 2887794 -1,0;-1,1;-1,2;-1,3;-1,4;-1,5;0,1;0,2;0,4;0,5;1,-1;1,0;1,2;1,3;1,4;1,5;2,-1;2,0;2,1;2,3;2,4;2,5;3,-1;3,0;3,1;3,2;3,4;3,5;4,-1;4,0;4,1;4,2;4,3;4,5;5,-1;5,0;5,1;5,2;5,3;5,4;
B 2 0 0 2 0 1 0 1 22178101 1,0;
B 2 0 0 2 0 1 0 2 10549437 0,2;1,0;1,2;2,0;2,1;
B 2 0 0 2 0 1 0 3 8714657 0,2;0,3;1,0;1,2;1,3;2,0;2,1;2,3;3,0;3,1;3,2;
B 2 0 0 2 0 2 0 2 5502829 0,1;1,0;1,2;2,0;2,1;
B 2 0 0 2 0 2 0 3 5911051 0,1;0,3;1,0;1,2;1,3;2,0;2,1;2,3;3,0;3,1;3,2;
B 2 0 0 2 0 2 0 4 11159327 0,1;0,3;0,4;1,0;1,2;1,3;1,4;2,0;2,1;2,3;2,4;3,0;3,1;3,2;3,4;4,0;4,1;4,2;4,3;
B 2 0 0 2 0 3 -1 4 1792206 -1,0;-1,1;-1,2;-1,3;-1,4;0,1;0,2;0,4;1,-1;1,0;1,2;1,3;1,4;2,-1;2,0;2,1;2,3;2,4;3,-1;3,0;3,1;3,2;3,4;4,-1;4,0;4,1;4,2;4,3;
B 2 0 0 2 0 3 0 3 1828441 0,1;0,2;1,0;1,2;1,3;2,0;2,1;2,3;3,0;3,1;3,2;
B 2 0 0 2 0 3 0 4 2387566 0,1;0,2;0,4;1,0;1,2;1,3;1,4;2,0;2,1;2,3;2,4;3,0;3,1;3,2;3,4;4,0;4,1;4,2;4,3;
B 2 0 0 2 0 3 0 5 7860783 0,1;0,2;0,4;0,5;1,0;1,2;1,3;1,4;1,5;2,0;2,1;2,3;2,4;2,5;3,0;3,1;3,2;3,4;3,5;4,0;4,1;4,2;4,3;4,5;5,0;5,1;5,2;5,3;5,4;
B 2 0 1 0 0 1 -2 1 14931 -2,0;-2,1;-1,-2;-1,0;-1,1;0,1;
B 2 0 1 0 0 1 -2 2 9025 -2,0;-2,1;-2,2;-1,-2;-1,0;-1,1;-1,2;0,1;0,2;2,-2;2,-1;2,0;2,1;
B 2 0 1 0 0 1 -2 3 8190 -2,0;-2,1;-2,2;-2,3;-1,-2;-1,0;-1,1;-1,2;-1,3;0,1;0,2;0,3;1,3;2,-2;2,-1;2,0;2,1;2,3;3,-2;3,-1;3,0;3,1;3,2;
B 2 0 1 0 0 1 -1 1 181889 -1,0;-1,1;0,1;
B 2 0 1 0 0 1 -1 2 124847 -1,0;-1,1;-1,2;0,1;0,2;2,-1;2,0;2,1;
B 2 0 1 0 0 1 -1 3 120994 -1,0;-1,1;-1,2;-1,3;0,1;0,2;0,3;1,3;2,-1;2,0;2,1;2,3;3,-1;3,0;3,1;3,2;
B 2 0 1 0 0 2 -2 2 55839 -2,-1;-2,0;-2,1;-2,2;-1,-2;-1,0;-1,1;-1,2;0,1;0,2;1,-2;1,-1;1,0;1,2;2,1;
B 2 0 1 0 0 2 -2 3 94639 -2,-1;-2,0;-2,1;-2,2;-2,3;-1,-2;-1,0;-1,1;-1,2;-1,3;0,1;0,2;0,3;1,-2;1,-1;1,0;1,2;1,3;2,1;2,3;3,-2;3,-1;3,0;3,1;3,2;
B 2 0 1 0 0 2 -2 4 138209 -2,0;-2,1;-2,2;-2,3;-2,4;-1,-2;-1,0;-1,1;-1,2;-1,3;-1,4;0,1;0,2;0,3;0,4;1,3;2,1;2,3;3,-2;3,-1;3,0;3,1;3,2;3,4;4,-2;4,-1;4,0;4,1;4,2;4,3;
B 2 0 1 0 0 3 -2 4 11387 -2,-1;-2,0;-2,1;-2,2;-2,3;-2,4;-1,-2;-1,0;-1,1;-1,2;-1,3;-1,4;0,1;0,2;0,3;0,4;1,-2;1,-1;1,0;1,2;1,3;1,4;2,-2;2,-1;2,0;2,1;2,3;2,4;3,1;3,2;4,-2;4,-1;4,0;4,1;4,2;4,3;
B 2 0 1 0 0 3 -2 5 159802 -2,-1;-2,0;-2,1;-2,2;-2,3;-2,4;-2,5;-1,-2;-1,0;-1,1;-1,2;-1,3;-1,4;-1,5;0,1;0,2;0,3;0,4;0,5;1,-2;1,-1;1,0;1,2;1,3;1,4;1,5;2,-2;2,-1;2,0;2,1;2,3;2,4;2,5;3,1;3,2;3,4;3,5;4,-2;4,-1;4,0;4,1;4,2;4,3;4,5;5,-2;5,-1;5,0;5,1;5,2;5,3;5,4;
B 2 0 1 1 0 1 0 1 1070799 0,1;
B 2 0 1 1 0 1 0 2 483499 0,1;0,2;1,2;2,0;2,1;
B 2 0 1 1 0 1 0 3 1047276 0,1;0,2;0,3;1,2;1,3;2,0;2,1;2,3;3,0;3,1;3,2;
B 2 0 1 1 0 2 -1 2 211350 -1,0;-1,1;-1,2;0,1;0,2;1,-1;1,0;1,2;2,1;
B 2 0 1 1 0 2 -1 3 185393 -1,0;-1,1;-1,2;-1,3;0,1;0,2;0,3;1,-1;1,0;1,2;1,3;2,1;2,3;3,-1;3,0;3,1;3,2;
B 2 0 1 1 0 2 -1 4 776318 -1,0;-1,1;-1,2;-1,3;-1,4;0,1;0,2;0,3;0,4;1,-1;1,0;1,2;1,3;1,4;2,1;2,3;2,4;3,-1;3,0;3,1;3,2;3,4;4,-1;4,0;4,1;4,2;4,3;
B 2 0 1 1 0 3 -2 5 177763 -2,-1;-2,0;-2,1;-2,2;-2,3;-2,4;-2,5;-1,-2;-1,0;-1,1;-1,2;-1,3;-1,4;-1,5;0,1;0,2;0,3;0,4;0,5;1,-2;1,-1;1,0;1,2;1,3;1,4;1,5;2,-2;2,-1;2,0;2,1;2,3;2,4;2,5;3,1;3,2;3,4;3,5;4,-2;4,-1;4,0;4,1;4,2;4,3;4,5;5,-2;5,-1;5,0;5,1;5,2;5,3;5,4;
B 2 0 1 1 0 3 -1 3 211350 -1,0;-1,1;-1,2;-1,3;0,1;0,2;0,3;1,-1;1,0;1,2;1,3;2,-1;2,0;2,1;2,3;3,1;3,2;
B 2 0 1 1 0 3 -1 5 576694 -1,0;-1,1;-1,2;-1,3;-1,4;-1,5;0,1;0,2;0,3;0,4;0,5;1,-1;1,0;1,2;1,3;1,4;1,5;2,-1;2,0;2,1;2,3;2,4;2,5;3,1;3,2;3,4;3,5;4,-1;4,0;4,1;4,2;4,3;4,5;5,-1;5,0;5,1;5,2;5,3;5,4;
B 2 0 1 2 0 1 0 1 17070650 0,1;
B 2 0 1 2 0 1 0 2 6374455 0,1;0,2;1,2;2,0;2,1;
B 2 0 1 2 0 1 0 3 3483841 0,1;0,2;0,3;1,2;1,3;2,0;2,1;2,3;3,0;3,1;3,2;
B 2 0 1 2 0 2 0 2 4490748 0,1;0,2;1,0;1,2;2,1;
B 2 0 1 2 0 2 0 3 4243021 0,1;0,2;0,3;1,0;1,2;1,3;2,1;2,3;3,0;3,1;3,2;
B 2 0 1 2 0 2 0 4 4805803 0,1;0,2;0,3;0,4;1,0;1,2;1,3;1,4;2,1;2,3;2,4;3,0;3,1;3,2;3,4;4,0;4,1;4,2;4,3;
B 2 0 1 2 0 3 -1 4 423370 -1,0;-1,1;-1,2;-1,3;-1,4;0,1;0,2;0,3;0,4;1,-1;1,0;1,2;1,3;1,4;2,-1;2,0;2,1;2,3;2,4;3,1;3,2;3,4;4,-1;4,0;4,1;4,2;4,3;
B 2 0 1 2 0 3 0 3 2612224 0,1;0,2;0,3;1,0;1,2;1,3;2,0;2,1;2,3;3,1;3,2;
B 2 0 1 2 0 3 0 4 1114217 0,1;0,2;0,3;0,4;1,0;1,2;1,3;1,4;2,0;2,1;2,3;2,4;3,1;3,2;3,4;4,0;4,1;4,2;4,3;
B 2 0 1 2 0 3 0 5 5272428 0,1;0,2;0,3;0,4;0,5;1,0;1,2;1,3;1,4;1,5;2,0;2,1;2,3;2,4;2,5;3,1;3,2;3,4;3,5;4,0;4,1;4,2;4,3;4,5;5,0;5,1;5,2;5,3;5,4;
B 2 1 0 0 0 1 -2 1 4605292 -2,-1;-2,0;-2,1;-1,-2;-1,0;-1,1;1,-2;1,-1;1,0;
B 2 1 0 0 0 1 -2 2 1753055 -2,-1;-2,0;-2,1;-2,2;-1,-2;-1,0;-1,1;-1,2;0,2;1,-2;1,-1;1,0;1,2;2,-2;2,-1;2,0;
B 2 1 0 0 0 1 -2 3 3416774 -2,-1;-2,0;-2,1;-2,2;-2,3;-1,-2;-1,0;-1,1;-1,2;-1,3;0,2;0,3;1,-2;1,-1;1,0;1,2;1,3;2,-2;2,-1;2,0;2,3;3,-2;3,-1;3,0;3,2;
B 2 1 0 0 0 1 -1 1 5603323 -1,0;-1,1;1,-1;1,0;
B 2 1 0 0 0 1 -1 2 866024 -1,0;-1,1;-1,2;0,2;1,-1;1,0;1,2;2,-1;2,0;
B 2 1 0 0 0 1 -1 3 1753055 -1,0;-1,1;-1,2;-1,3;0,2;0,3;1,-1;1,0;1,2;1,3;2,-1;2,0;2,3;3,-1;3,0;3,2;
B 2 1 0 0 0 2 -2 2 3569430 -2,-1;-2,0;-2,1;-2,2;-1,-2;-1,0;-1,1;-1,2;0,1;1,-2;1,-1;1,0;1,2;2,-2;2,-1;2,0;2,1;
B 2 1 0 0 0 2 -2 3 1662919 -2,-1;-2,0;-2,1;-2,2;-2,3;-1,-2;-1,0;-1,1;-1,2;-1,3;0,1;0,3;1,-2;1,-1;1,0;1,2;1,3;2,-2;2,-1;2,0;2,1;2,3;3,-2;3,-1;3,0;3,1;
B 2 1 0 0 0 2 -2 4 2943058 -2,-1;-2,0;-2,1;-2,2;-2,3;-2,4;-1,-2;-1,0;-1,1;-1,2;-1,3;-1,4;0,1;0,3;0,4;1,-2;1,-1;1,0;1,2;1,3;1,4;2,-2;2,-1;2,0;2,1;2,3;2,4;3,-2;3,-1;3,0;3,1;3,4;4,-2;4,-1;4,0;4,1;4,3;
B 2 1 0 0 0 3 -2 3 1196085 -2,-1;-2,0;-2,1;-2,2;-2,3;-1,-2;-1,0;-1,1;-1,2;-1,3;0,1;0,2;1,-2;1,-1;1,0;1,2;1,3;2,-2;2,-1;2,0;2,1;2,3;3,-2;3,-1;3,0;3,1;3,2;
B 2 1 0 0 0 3 -2 4 701663 -2,-1;-2,0;-2,1;-2,2;-2,3;-2,4;-1,-2;-1,0;-1,1;-1,2;-1,3;-1,4;0,1;0,2;0,4;1,-2;1,-1;1,0;1,2;1,3;1,4;2,-2;2,-1;2,0;2,1;2,3;2,4;3,-2;3,-1;3,0;3,1;3,2;3,4;4,-2;4,-1;4,0;4,1;4,2;
B 2 1 0 0 0 3 -2 5 1361811 -2,-1;-2,0;-2,1;-2,2;-2,3;-2,4;-2,5;-1,-2;-1,0;-1,1;-1,2;-1,3;-1,4;-1,5;0,1;0,2;0,4;0,5;1,-2;1,-1;1,0;1,2;1,3;1,4;1,5;2,-2;2,-1;2,0;2,1;2,3;2,4;2,5;3,-2;3,-1;3,0;3,1;3,2;3,4;3,5;4,-2;4,-1;4,0;4,1;4,2;4,5;5,-2;5,-1;5,0;5,1;5,2;5,4;
B 2 1 0 1 0 1 0 1 9725383 1,0;
B 2 1 0 1 0 1 0 2 1424003 0,2;1,0;1,2;2,0;
B 2 1 0 1 0 1 0 3 2253183 0,2;0,3;1,0;1,2;1,3;2,0;2,3;3,0;3,2;
B 2 1 0 1 0 2 -1 2 3224022 -1,0;-1,1;-1,2;0,1;1,-1;1,0;1,2;2,-1;2,0;2,1;
B 2 1 0 1 0 2 -1 3 812799 -1,0;-1,1;-1,2;-1,3;0,1;0,3;1,-1;1,0;1,2;1,3;2,-1;2,0;2,1;2,3;3,-1;3,0;3,1;
B 2 1 0 1 0 2 -1 4 1662919 -1,0;-1,1;-1,2;-1,3;-1,4;0,1;0,3;0,4;1,-1;1,0;1,2;1,3;1,4;2,-1;2,0;2,1;2,3;2,4;3,-1;3,0;3,1;3,4;4,-1;4,0;4,1;4,3;
B 2 1 0 1 0 3 -2 3 2009898 -2,-1;-2,0;-2,1;-2,2;-2,3;-1,-2;-1,0;-1,1;-1,2;-1,3;0,1;0,2;1,-2;1,-1;1,0;1,2;1,3;2,-2;2,-1;2,0;2,1;2,3;3,-2;3,-1;3,0;3,1;3,2;
B 2 1 0 1 0 3 -2 5 495787 -2,-1;-2,0;-2,1;-2,2;-2,3;-2,4;-2,5;-1,-2;-1,0;-1,1;-1,2;-1,3;-1,4;-1,5;0,1;0,2;0,4;0,5;1,-2;1,-1;1,0;1,2;1,3;1,4;1,5;2,-2;2,-1;2,0;2,1;2,3;2,4;2,5;3,-2;3,-1;3,0;3,1;3,2;3,4;3,5;4,-2;4,-1;4,0;4,1;4,2;4,5;5,-2;5,-1;5,0;5,1;5,2;5,4;
B 2 1 0 1 0 3 -1 3 1214124 -1,0;-1,1;-1,2;-1,3;0,1;0,2;1,-1;1,0;1,2;1,3;2,-1;2,0;2,1;2,3;3,-1;3,0;3,1;3,2;
B 2 1 0 1 0 3 -1 5 701663 -1,0;-1,1;-1,2;-1,3;-1,4;-1,5;0,1;0,2;0,4;0,5;1,-1;1,0;1,2;1,3;1,4;1,5;2,-1;2,0;2,1;2,3;2,4;2,5;3,-1;3,0;3,1;3,2;3,4;3,5;4,-1;4,0;4,1;4,2;4,5;5,-1;5,0;5,1;5,2;5,4;
B 2 1 0 2 0 1 0 1 33301262 1,0;
B 2 1 0 2 0 1 0 2 4179320 0,2;1,0;1,2;2,0;
B 2 1 0 2 0 1 0 3 2352109 0,2;0,3;1,0;1,2;1,3;2,0;2,3;3,0;3,2;
B 2 1 0 2 0 2 0 2 15369708 0,1;1,0;1,2;2,0;2,1;
B 2 1 0 2 0 2 0 3 3224022 0,1;0,3;1,0;1,2;1,3;2,0;2,1;2,3;3,0;3,1;
B 2 1 0 2 0 2 0 4 3569430 0,1;0,3;0,4;1,0;1,2;1,3;1,4;2,0;2,1;2,3;2,4;3,0;3,1;3,4;4,0;4,1;4,3;
B 2 1 0 2 0 3 -1 4 1028926 -1,0;-1,1;-1,2;-1,3;-1,4;0,1;0,2;0,4;1,-1;1,0;1,2;1,3;1,4;2,-1;2,0;2,1;2,3;2,4;3,-1;3,0;3,1;3,2;3,4;4,-1;4,0;4,1;4,2;
B 2 1 0 2 0 3 0 3 7409884 0,1;0,2;1,0;1,2;1,3;2,0;2,1;2,3;3,0;3,1;3,2;
B 2 1 0 2 0 3 0 4 1214124 0,1;0,2;0,4;1,0;1,2;1,3;1,4;2,0;2,1;2,3;2,4;3,0;3,1;3,2;3,4;4,0;4,1;4,2;
B 2 1 0 2 0 3 0 5 3205983 0,1;0,2;0,4;0,5;1,0;1,2;1,3;1,4;1,5;2,0;2,1;2,3;2,4;2,5;3,0;3,1;3,2;3,4;3,5;4,0;4,1;4,2;4,5;5,0;5,1;5,2;5,4;
B 2 1 1 0 0 1 -2 1 9127 -2,0;-2,1;-1,-2;-1,0;-1,1;0,1;
B 2 1 1 0 0 1 -1 1 110693 -1,0;-1,1;0,1;
B 2 1 1 0 0 2 -2 2 38526 -2,-1;-2,0;-2,1;-2,2;-1,-2;-1,0;-1,1;-1,2;0,1;0,2;1,-2;1,-1;1,0;1,2;2,1;
B 2 1 1 0 0 2 -2 3 2671 -2,-1;-2,0;-2,1;-2,2;-2,3;-1,-2;-1,0;-1,1;-1,2;-1,3;0,1;0,2;0,3;1,-2;1,-1;1,0;1,2;1,3;2,1;2,3;3,1;
B 2 1 1 0 0 3 -2 3 7625 -2,-1;-2,0;-2,1;-2,2;-2,3;-1,-2;-1,0;-1,1;-1,2;-1,3;0,1;0,2;0,3;1,-2;1,-1;1,0;1,2;1,3;2,-2;2,-1;2,0;2,1;2,3;3,1;3,2;
B 2 1 1 0 0 3 -2 4 1502 -2,-1;-2,0;-2,1;-2,2;-2,3;-2,4;-1,-2;-1,0;-1,1;-1,2;-1,3;-1,4;0,1;0,2;0,3;0,4;1,-2;1,-1;1,0;1,2;1,3;1,4;2,-2;2,-1;2,0;2,1;2,3;2,4;3,1;3,2;3,4;4,1;4,2;
B 2 1 1 0 0 3 -2 5 638 -2,-1;-2,0;-2,1;-2,2;-2,3;-2,4;-2,5;-1,-2;-1,0;-1,1;-1,2;-1,3;-1,4;-1,5;0,1;0,2;0,3;0,4;0,5;1,-2;1,-1;1,0;1,2;1,3;1,4;1,5;2,-2;2,-1;2,0;2,1;2,3;2,4;2,5;3,1;3,2;3,4;3,5;4,1;4,2;4,5;5,1;5,2;5,4;
B 2 1 1 1 0 1 0 1 459804 0,1;
B 2 1 1 1 0 1 0 2 3309 0,1;0,2;1,2;
B 2 1 1 1 0 1 0 3 1502 0,1;0,2;0,3;1,2;1,3;3,2;
B 2 1 1 1 0 2 -1 2 180799 -1,0;-1,1;-1,2;0,1;0,2;1,-1;1,0;1,2;2,1;
B 2 1 1 1 0 2 -1 3 2144 -1,0;-1,1;-1,2;-1,3;0,1;0,2;0,3;1,-1;1,0;1,2;1,3;2,1;2,3;3,1;
B 2 1 1 1 0 2 -1 4 2671 -1,0;-1,1;-1,2;-1,3;-1,4;0,1;0,2;0,3;0,4;1,-1;1,0;1,2;1,3;1,4;2,1;2,3;2,4;3,1;3,4;4,1;4,3;
B 2 1 1 1 0 3 -2 3 139781 -2,-1;-2,0;-2,1;-2,2;-2,3;-1,-2;-1,0;-1,1;-1,2;-1,3;0,1;0,2;0,3;1,-2;1,-1;1,0;1,2;1,3;2,-2;2,-1;2,0;2,1;2,3;3,1;3,2;
B 2 1 1 1 0 3 -2 5 638 -2,-1;-2,0;-2,1;-2,2;-2,3;-2,4;-2,5;-1,-2;-1,0;-1,1;-1,2;-1,3;-1,4;-1,5;0,1;0,2;0,3;0,4;0,5;1,-2;1,-1;1,0;1,2;1,3;1,4;1,5;2,-2;2,-1;2,0;2,1;2,3;2,4;2,5;3,1;3,2;3,4;3,5;4,1;4,2;4,5;5,1;5,2;5,4;
B 2 1 1 1 0 3 -1 3 41018 -1,0;-1,1;-1,2;-1,3;0,1;0,2;0,3;1,-1;1,0;1,2;1,3;2,-1;2,0;2,1;2,3;3,1;3,2;
B 2 1 1 1 0 3 -1 5 1502 -1,0;-1,1;-1,2;-1,3;-1,4;-1,5;0,1;0,2;0,3;0,4;0,5;1,-1;1,0;1,2;1,3;1,4;1,5;2,-1;2,0;2,1;2,3;2,4;2,5;3,1;3,2;3,4;3,5;4,1;4,2;4,5;5,1;5,2;5,4;
B 2 1 1 2 0 1 0 1 8694153 0,1;
B 2 1 1 2 0 1 0 2 107384 0,1;0,2;1,2;
B 2 1 1 2 0 1 0 3 7625 0,1;0,2;0,3;1,2;1,3;3,2;
B 2 1 1 2 0 2 0 2 5385623 0,1;0,2;1,0;1,2;2,1;
B 2 1 1 2 0 2 0 3 180799 0,1;0,2;0,3;1,0;1,2;1,3;2,1;2,3;3,1;
B 2 1 1 2 0 2 0 4 38526 0,1;0,2;0,3;0,4;1,0;1,2;1,3;1,4;2,1;2,3;2,4;3,1;3,4;4,1;4,3;
B 2 1 1 2 0 3 -1 4 17022 -1,0;-1,1;-1,2;-1,3;-1,4;0,1;0,2;0,3;0,4;1,-1;1,0;1,2;1,3;1,4;2,-1;2,0;2,1;2,3;2,4;3,1;3,2;3,4;4,1;4,2;
B 2 1 1 2 0 3 0 3 2694212 0,1;0,2;0,3;1,0;1,2;1,3;2,0;2,1;2,3;3,1;3,2;
B 2 1 1 2 0 3 0 4 41018 0,1;0,2;0,3;0,4;1,0;1,2;1,3;1,4;2,0;2,1;2,3;2,4;3,1;3,2;3,4;4,1;4,2;
B 2 1 1 2 0 3 0 5 147406 0,1;0,2;0,3;0,4;0,5;1,0;1,2;1,3;1,4;1,5;2,0;2,1;2,3;2,4;2,5;3,1;3,2;3,4;3,5;4,1;4,2;4,5;5,1;5,2;5,4;
B 2 2 1 0 0 1 -2 1 151867 -2,0;-2,1;-1,-2;-1,0;-1,1;0,1;
B 2 2 1 0 0 1 -2 2 276524 -2,0;-2,1;-2,2;-1,-2;-1,0;-1,1;-1,2;0,1;0,2;2,-2;2,-1;2,0;2,1;
B 2 2 1 0 0 1 -2 3 1682074 -2,0;-2,1;-2,2;-2,3;-1,-2;-1,0;-1,1;-1,2;-1,3;0,1;0,2;0,3;1,3;2,-2;2,-1;2,0;2,1;2,3;3,-2;3,-1;3,0;3,1;3,2;
B 2 2 1 0 0 1 -1 1 642635 -1,0;-1,1;0,1;
B 2 2 1 0 0 1 -1 2 728560 -1,0;-1,1;-1,2;0,1;0,2;2,-1;2,0;2,1;
B 2 2 1 0 0 1 -1 3 2784426 -1,0;-1,1;-1,2;-1,3;0,1;0,2;0,3;1,3;2,-1;2,0;2,1;2,3;3,-1;3,0;3,1;3,2;
B 2 2 1 0 0 2 -2 2 127948 -2,-1;-2,0;-2,1;-2,2;-1,-2;-1,0;-1,1;-1,2;0,2;1,-2;1,-1;1,0;1,2;
B 2 2 1 0 0 2 -2 3 322762 -2,-1;-2,0;-2,1;-2,2;-2,3;-1,-2;-1,0;-1,1;-1,2;-1,3;0,2;0,3;1,-2;1,-1;1,0;1,2;1,3;2,3;3,-2;3,-1;3,0;3,1;3,2;
B 2 2 1 0 0 2 -2 4 1577662 -2,-1;-2,0;-2,1;-2,2;-2,3;-2,4;-1,-2;-1,0;-1,1;-1,2;-1,3;-1,4;0,2;0,3;0,4;1,-2;1,-1;1,0;1,2;1,3;1,4;2,3;3,-2;3,-1;3,0;3,1;3,2;3,4;4,-2;4,-1;4,0;4,1;4,2;4,3;
B 2 2 1 0 0 3 -2 4 80298 -2,-1;-2,0;-2,1;-2,2;-2,3;-2,4;-1,-2;-1,0;-1,1;-1,2;-1,3;-1,4;0,1;0,2;0,3;0,4;1,-2;1,-1;1,0;1,2;1,3;1,4;2,-2;2,-1;2,0;2,1;2,3;2,4;4,-2;4,-1;4,0;4,1;4,2;4,3;
B 2 2 1 0 0 3 -2 5 992054 -2,-1;-2,0;-2,1;-2,2;-2,3;-2,4;-2,5;-1,-2;-1,0;-1,1;-1,2;-1,3;-1,4;-1,5;0,1;0,2;0,3;0,4;0,5;1,-2;1,-1;1,0;1,2;1,3;1,4;1,5;2,-2;2,-1;2,0;2,1;2,3;2,4;2,5;3,4;3,5;4,-2;4,-1;4,0;4,1;4,2;4,3;4,5;5,-2;5,-1;5,0;5,1;5,2;5,3;5,4;
B 2 2 1 1 0 1 0 1 1313431 0,1;
B 2 2 1 1 0 1 0 2 1235666 0,1;0,2;1,2;2,0;2,1;
B 2 2 1 1 0 1 0 3 7299245 0,1;0,2;0,3;1,2;1,3;2,0;2,1;2,3;3,0;3,1;3,2;
B 2 2 1 1 0 2 -1 2 235162 -1,0;-1,1;-1,2;0,2;1,-1;1,0;1,2;
B 2 2 1 1 0 2 -1 3 284812 -1,0;-1,1;-1,2;-1,3;0,2;0,3;1,-1;1,0;1,2;1,3;2,3;3,-1;3,0;3,1;3,2;
B 2 2 1 1 0 2 -1 4 1640320 -1,0;-1,1;-1,2;-1,3;-1,4;0,2;0,3;0,4;1,-1;1,0;1,2;1,3;1,4;2,3;2,4;3,-1;3,0;3,1;3,2;3,4;4,-1;4,0;4,1;4,2;4,3;
B 2 2 1 1 0 3 -2 5 793684 -2,-1;-2,0;-2,1;-2,2;-2,3;-2,4;-2,5;-1,-2;-1,0;-1,1;-1,2;-1,3;-1,4;-1,5;0,1;0,2;0,3;0,4;0,5;1,-2;1,-1;1,0;1,2;1,3;1,4;1,5;2,-2;2,-1;2,0;2,1;2,3;2,4;2,5;3,4;3,5;4,-2;4,-1;4,0;4,1;4,2;4,3;4,5;5,-2;5,-1;5,0;5,1;5,2;5,3;5,4;
B 2 2 1 1 0 3 -1 3 235162 -1,0;-1,1;-1,2;-1,3;0,1;0,2;0,3;1,-1;1,0;1,2;1,3;2,-1;2,0;2,1;2,3;
B 2 2 1 1 0 3 -1 5 1327487 -1,0;-1,1;-1,2;-1,3;-1,4;-1,5;0,1;0,2;0,3;0,4;0,5;1,-1;1,0;1,2;1,3;1,4;1,5;2,-1;2,0;2,1;2,3;2,4;2,5;3,4;3,5;4,-1;4,0;4,1;4,2;4,3;4,5;5,-1;5,0;5,1;5,2;5,3;5,4;
B 2 2 1 2 0 1 0 1 7641756 0,1;
B 2 2 1 2 0 1 0 2 4897805 0,1;0,2;1,2;2,0;2,1;
B 2 2 1 2 0 1 0 3 6052407 0,1;0,2;0,3;1,2;1,3;2,0;2,1;2,3;3,0;3,1;3,2;
B 2 2 1 2 0 2 0 2 1954569 0,1;0,2;1,0;1,2;
B 2 2 1 2 0 2 0 3 2242590 0,1;0,2;0,3;1,0;1,2;1,3;2,3;3,0;3,1;3,2;
B 2 2 1 2 0 2 0 4 6532972 0,1;0,2;0,3;0,4;1,0;1,2;1,3;1,4;2,3;2,4;3,0;3,1;3,2;3,4;4,0;4,1;4,2;4,3;
B 2 2 1 2 0 3 -1 4 508818 -1,0;-1,1;-1,2;-1,3;-1,4;0,1;0,2;0,3;0,4;1,-1;1,0;1,2;1,3;1,4;2,-1;2,0;2,1;2,3;2,4;3,4;4,-1;4,0;4,1;4,2;4,3;
B 2 2 1 2 0 3 0 3 778440 0,1;0,2;0,3;1,0;1,2;1,3;2,0;2,1;2,3;
B 2 2 1 2 0 3 0 4 737862 0,1;0,2;0,3;0,4;1,0;1,2;1,3;1,4;2,0;2,1;2,3;2,4;3,4;4,0;4,1;4,2;4,3;
B 2 2 1 2 0 3 0 5 4126427 0,1;0,2;0,3;0,4;0,5;1,0;1,2;1,3;1,4;1,5;2,0;2,1;2,3;2,4;2,5;3,4;3,5;4,0;4,1;4,2;4,3;4,5;5,0;5,1;5,2;5,3;5,4;
B 2 3 1 0 0 1 -2 1 122174 -2,0;-2,1;-1,-2;-1,0;-1,1;0,1;
B 2 3 1 0 0 1 -1 1 220656 -1,0;-1,1;0,1;
B 2 3 1 0 0 2 -2 2 161725 -2,-1;-2,0;-2,1;-2,2;-1,-2;-1,0;-1,1;-1,2;0,2;1,-2;1,-1;1,0;1,2;
B 2 3 1 0 0 2 -2 3 3747 -2,-1;-2,0;-2,1;-2,2;-2,3;-1,-2;-1,0;-1,1;-1,2;-1,3;0,2;0,3;1,-2;1,-1;1,0;1,2;1,3;2,3;
B 2 3 1 0 0 3 -2 3 58547 -2,-1;-2,0;-2,1;-2,2;-2,3;-1,-2;-1,0;-1,1;-1,2;-1,3;0,1;0,2;0,3;1,-2;1,-1;1,0;1,2;1,3;2,-2;2,-1;2,0;2,1;2,3;
B 2 3 1 0 0 3 -2 4 2949 -2,-1;-2,0;-2,1;-2,2;-2,3;-2,4;-1,-2;-1,0;-1,1;-1,2;-1,3;-1,4;0,1;0,3;0,4;1,-2;1,-1;1,0;1,3;1,4;2,-2;2,-1;2,0;2,1;2,3;2,4;3,4;
B 2 3 1 0 0 3 -2 5 420 -2,-1;-2,0;-2,1;-2,2;-2,3;-2,4;-2,5;-1,-2;-1,0;-1,3;-1,4;-1,5;0,3;0,4;0,5;1,-2;1,-1;1,0;1,3;1,4;1,5;2,-2;2,-1;2,0;2,1;2,3;2,4;2,5;3,4;3,5;5,4;
B 2 3 1 1 0 1 0 1 387983 0,1;
B 2 3 1 1 0 1 0 2 110 0,1;0,2;1,2;
B 2 3 1 1 0 1 0 3 397 0,1;0,2;0,3;1,2;1,3;3,2;
B 2 3 1 1 0 2 -1 2 207867 -1,0;-1,1;-1,2;0,2;1,-1;1,0;1,2;
B 2 3 1 1 0 2 -1 3 226 -1,0;-1,1;-1,2;-1,3;0,2;0,3;1,-1;1,0;1,2;1,3;2,3;
B 2 3 1 1 0 2 -1 4 409 -1,0;-1,1;-1,2;-1,3;-1,4;0,2;0,3;0,4;1,-1;1,0;1,2;1,3;1,4;2,3;2,4;4,3;
B 2 3 1 1 0 3 -2 3 197709 -2,-1;-2,0;-2,1;-2,2;-2,3;-1,-2;-1,0;-1,1;-1,2;-1,3;0,1;0,2;0,3;1,-2;1,-1;1,0;1,2;1,3;2,-2;2,-1;2,0;2,1;2,3;
B 2 3 1 1 0 3 -2 5 56 -2,-1;-2,0;-2,1;-2,2;-2,3;-2,4;-2,5;-1,-2;-1,0;-1,3;-1,4;-1,5;0,3;0,4;0,5;1,-2;1,-1;1,0;1,3;1,4;1,5;2,-2;2,-1;2,0;2,1;2,3;2,4;2,5;3,4;3,5;5,4;
B 2 3 1 1 0 3 -1 3 10158 -1,0;-1,1;-1,2;-1,3;0,1;0,2;0,3;1,-1;1,0;1,2;1,3;2,-1;2,0;2,1;2,3;
B 2 3 1 1 0 3 -1 5 42 -1,0;-1,3;-1,4;-1,5;0,3;0,4;0,5;1,-1;1,0;1,3;1,4;1,5;2,-1;2,0;2,1;2,3;2,4;2,5;3,4;3,5;5,4;
B 2 3 1 2 0 1 0 1 1437579 0,1;
B 2 3 1 2 0 1 0 2 387 0,1;0,2;1,2;
B 2 3 1 2 0 1 0 3 2967 0,1;0,2;0,3;1,2;1,3;3,2;
B 2 3 1 2 0 2 0 2 947695 0,1;0,2;1,0;1,2;
B 2 3 1 2 0 2 0 3 502 0,2;0,3;1,0;1,2;1,3;2,3;
B 2 3 1 2 0 2 0 4 2730 0,2;0,3;0,4;1,0;1,2;1,3;1,4;2,3;2,4;4,3;
B 2 3 1 2 0 3 -1 4 850 -1,0;-1,1;-1,2;-1,3;-1,4;0,1;0,2;0,3;0,4;1,-1;1,0;1,3;1,4;2,-1;2,0;2,1;2,3;2,4;3,4;
B 2 3 1 2 0 3 0 3 478784 0,1;0,2;0,3;1,0;1,2;1,3;2,0;2,1;2,3;
B 2 3 1 2 0 3 0 4 395 0,1;0,2;0,3;0,4;1,0;1,3;1,4;2,0;2,1;2,3;2,4;3,4;
B 2 3 1 2 0 3 0 5 579 0,1;0,2;0,3;0,4;0,5;1,0;1,3;1,4;1,5;2,0;2,1;2,3;2,4;2,5;3,4;3,5;5,4;
B 3 0 1 0 0 1 -2 1 278 -2,0;-2,1;-1,-2;-1,0;-1,1;0,1;
B 3 0 1 0 0 1 -2 2 287 -2,0;-2,1;-2,2;-1,-2;-1,0;-1,1;-1,2;0,1;0,2;2,1;
B 3 0 1 0 0 1 -2 3 107 -2,0;-2,1;-2,2;-2,3;-1,-2;-1,0;-1,1;-1,2;-1,3;0,1;0,2;0,3;1,3;2,1;2,3;3,1;3,2;
B 3 0 1 0 0 1 -1 1 189 -1,0;-1,1;0,1;
B 3 0 1 0 0 1 -1 2 426 -1,0;-1,1;-1,2;0,1;0,2;2,1;
B 3 0 1 0 0 1 -1 3 3086 -1,0;-1,1;-1,2;-1,3;0,1;0,2;0,3;1,3;2,1;2,3;3,1;3,2;
B 3 0 1 0 0 2 -2 2 52 -2,0;-2,1;-2,2;-1,-2;-1,0;-1,1;-1,2;0,1;0,2;2,1;
B 3 0 1 0 0 2 -2 3 289 -2,0;-2,1;-2,2;-2,3;-1,-2;-1,0;-1,1;-1,2;-1,3;0,1;0,2;0,3;1,3;2,1;2,3;3,1;3,2;
B 3 0 1 0 0 2 -2 4 3480 -2,0;-2,1;-2,2;-2,3;-2,4;-1,-2;-1,0;-1,1;-1,2;-1,3;-1,4;0,1;0,2;0,3;0,4;1,3;2,1;2,3;3,1;3,2;3,4;4,1;4,2;4,3;
B 3 0 1 0 0 3 -2 4 42 -2,0;-2,1;-2,2;-2,3;-2,4;-1,-2;-1,0;-1,1;-1,2;-1,3;-1,4;0,1;0,2;0,3;0,4;2,1;2,3;3,1;4,1;4,2;4,3;
B 3 0 1 0 0 3 -2 5 510 -2,0;-2,1;-2,2;-2,3;-2,4;-2,5;-1,-2;-1,0;-1,1;-1,2;-1,3;-1,4;-1,5;0,1;0,2;0,3;0,4;0,5;1,5;2,1;2,3;2,5;3,1;3,2;3,4;3,5;4,1;4,2;4,3;4,5;5,1;5,2;5,3;5,4;
B 3 0 1 1 0 1 0 1 2343 0,1;
B 3 0 1 1 0 1 0 2 2962 0,1;0,2;1,2;2,1;
B 3 0 1 1 0 1 0 3 57877 0,1;0,2;0,3;1,2;1,3;2,1;2,3;3,1;3,2;
B 3 0 1 1 0 2 -1 2 196 -1,0;-1,1;-1,2;0,1;0,2;2,1;
B 3 0 1 1 0 2 -1 3 365 -1,0;-1,1;-1,2;-1,3;0,1;0,2;0,3;1,3;2,1;2,3;3,1;3,2;
B 3 0 1 1 0 2 -1 4 36949 -1,0;-1,1;-1,2;-1,3;-1,4;0,1;0,2;0,3;0,4;1,3;1,4;2,1;2,3;2,4;3,1;3,2;3,4;4,1;4,2;4,3;
B 3 0 1 1 0 3 -2 5 1283 -2,0;-2,1;-2,2;-2,3;-2,4;-2,5;-1,-2;-1,0;-1,1;-1,2;-1,3;-1,4;-1,5;0,1;0,2;0,3;0,4;0,5;1,5;2,1;2,3;2,5;3,1;3,2;3,4;3,5;4,1;4,2;4,3;4,5;5,1;5,2;5,3;5,4;
B 3 0 1 1 0 3 -1 3 196 -1,0;-1,1;-1,2;-1,3;0,1;0,2;0,3;1,3;2,1;2,3;3,1;3,2;
B 3 0 1 1 0 3 -1 5 22607 -1,0;-1,1;-1,2;-1,3;-1,4;-1,5;0,1;0,2;0,3;0,4;0,5;1,4;1,5;2,1;2,3;2,4;2,5;3,1;3,2;3,4;3,5;4,1;4,2;4,3;4,5;5,1;5,2;5,3;5,4;
B 3 0 1 2 0 1 0 1 1775024 0,1;
B 3 0 1 2 0 1 0 2 962698 0,1;0,2;1,2;2,1;
B 3 0 1 2 0 1 0 3 890050 0,1;0,2;0,3;1,2;1,3;2,1;2,3;3,1;3,2;
B 3 0 1 2 0 2 0 2 445604 0,1;0,2;1,2;2,1;
B 3 0 1 2 0 2 0 3 513993 0,1;0,2;0,3;1,2;1,3;2,1;2,3;3,1;3,2;
B 3 0 1 2 0 2 0 4 834610 0,1;0,2;0,3;0,4;1,2;1,3;1,4;2,1;2,3;2,4;3,1;3,2;3,4;4,1;4,2;4,3;
B 3 0 1 2 0 3 -1 4 1240 -1,0;-1,1;-1,2;-1,3;-1,4;0,1;0,2;0,3;0,4;1,3;1,4;2,1;2,3;2,4;3,1;3,2;3,4;4,1;4,2;4,3;
B 3 0 1 2 0 3 0 3 275901 0,1;0,2;0,3;1,2;1,3;2,1;2,3;3,1;3,2;
B 3 0 1 2 0 3 0 4 25571 0,1;0,2;0,3;0,4;1,2;1,3;1,4;2,1;2,3;2,4;3,1;3,2;3,4;4,1;4,2;4,3;
B 3 0 1 2 0 3 0 5 1016740 0,1;0,2;0,3;0,4;0,5;1,2;1,3;1,4;1,5;2,1;2,3;2,4;2,5;3,1;3,2;3,4;3,5;4,1;4,2;4,3;4,5;5,1;5,2;5,3;5,4;
B 3 1 1 0 0 1 -2 1 236 -2,0;-2,1;-1,-2;-1,0;-1,1;0,1;
B 3 1 1 0 0 1 -1 1 198 -1,0;-1,1;0,1;
B 3 1 1 0 0 2 -2 2 84 -2,0;-2,1;-2,2;-1,-2;-1,0;-1,1;-1,2;0,1;0,2;2,1;
B 3 1 1 0 0 3 -2 3 236 -2,0;-2,1;-2,2;-2,3;-1,-2;-1,0;-1,1;-1,2;-1,3;0,1;0,2;0,3;2,1;2,3;3,1;
B 3 1 1 0 1 1 -2 1 3128 -2,0;-2,1;-1,-2;-1,0;-1,1;0,1;
B 3 1 1 0 1 1 -1 1 299 -1,0;-1,1;0,1;
B 3 1 1 0 1 2 -2 2 2646 -2,0;-2,1;-2,2;-1,-2;-1,0;-1,1;-1,2;0,1;0,2;2,1;
B 3 1 1 0 1 2 -2 3 409 -2,0;-2,1;-2,2;-2,3;-1,-2;-1,0;-1,1;-1,2;-1,3;0,1;0,2;0,3;1,3;2,1;2,3;3,1;
B 3 1 1 0 1 3 -2 3 236 -2,0;-2,1;-2,2;-2,3;-1,-2;-1,0;-1,1;-1,2;-1,3;0,1;0,2;0,3;2,1;3,1;3,2;
B 3 1 1 0 1 3 -2 4 42 -2,0;-2,1;-2,2;-2,3;-2,4;-1,-2;-1,0;-1,1;-1,2;-1,3;-1,4;0,1;0,2;0,3;0,4;2,1;3,1;3,2;3,4;4,1;4,2;
B 3 1 1 0 1 3 -2 5 56 -2,0;-2,1;-2,2;-2,3;-2,4;-2,5;-1,-2;-1,0;-1,1;-1,2;-1,3;-1,4;-1,5;0,1;0,2;0,3;0,4;0,5;1,5;2,1;2,5;3,1;3,2;3,4;3,5;4,1;4,2;4,5;5,1;5,2;5,4;
B 3 1 1 1 0 1 0 1 996 0,1;
B 3 1 1 1 0 1 0 2 123 0,1;0,2;1,2;
B 3 1 1 1 0 1 0 3 175 0,1;0,2;0,3;1,2;1,3;3,2;
B 3 1 1 1 0 2 -1 2 289 -1,0;-1,1;-1,2;0,1;0,2;2,1;
B 3 1 1 1 0 2 -1 4 123 -1,0;-1,1;-1,2;-1,3;-1,4;0,1;0,2;0,3;0,4;1,3;1,4;2,1;2,3;2,4;3,1;3,4;4,1;4,3;
B 3 1 1 1 0 3 -2 3 74 -2,0;-2,1;-2,2;-2,3;-1,-2;-1,0;-1,1;-1,2;-1,3;0,1;0,2;0,3;1,3;2,1;2,3;3,1;3,2;
B 3 1 1 1 0 3 -1 3 215 -1,0;-1,1;-1,2;-1,3;0,1;0,2;0,3;1,3;2,1;2,3;3,1;3,2;
B 3 1 1 1 0 3 -1 5 175 -1,0;-1,1;-1,2;-1,3;-1,4;-1,5;0,1;0,2;0,3;0,4;0,5;1,4;1,5;2,1;2,3;2,4;2,5;3,1;3,4;3,5;4,1;5,1;5,4;
B 3 1 1 1 1 1 0 1 1134 0,1;
B 3 1 1 1 1 1 0 2 1113 0,1;0,2;1,2;
B 3 1 1 1 1 1 0 3 5705 0,1;0,2;0,3;1,2;1,3;3,2;
B 3 1 1 1 1 2 -1 2 213 -1,0;-1,1;-1,2;0,1;0,2;2,1;
B 3 1 1 1 1 2 -1 3 226 -1,0;-1,1;-1,2;-1,3;0,1;0,2;0,3;1,3;2,1;2,3;3,1;
B 3 1 1 1 1 2 -1 4 3624 -1,0;-1,1;-1,2;-1,3;-1,4;0,1;0,2;0,3;0,4;1,3;1,4;2,1;2,3;2,4;3,1;3,4;4,1;4,3;
B 3 1 1 1 1 3 -2 3 33 -2,0;-2,1;-2,2;-2,3;-1,-2;-1,0;-1,1;-1,2;-1,3;0,1;0,2;0,3;2,1;3,1;3,2;
B 3 1 1 1 1 3 -2 5 420 -2,0;-2,1;-2,2;-2,3;-2,4;-2,5;-1,-2;-1,0;-1,1;-1,2;-1,3;-1,4;-1,5;0,1;0,2;0,3;0,4;0,5;1,5;2,1;2,5;3,1;3,2;3,4;3,5;4,1;4,2;4,5;5,1;5,2;5,4;
B 3 1 1 1 1 3 -1 3 180 -1,0;-1,1;-1,2;-1,3;0,1;0,2;0,3;2,1;3,1;3,2;
B 3 1 1 1 1 3 -1 5 2774 -1,0;-1,1;-1,2;-1,3;-1,4;-1,5;0,1;0,2;0,3;0,4;0,5;1,4;1,5;2,1;2,4;2,5;3,1;3,2;3,4;3,5;4,1;4,2;4,5;5,1;5,2;5,4;
B 3 1 1 2 0 1 0 1 1357283 0,1;
B 3 1 1 2 0 1 0 2 41288 0,1;0,2;1,2;
B 3 1 1 2 0 1 0 3 5425 0,1;0,2;0,3;1,2;1,3;3,2;
B 3 1 1 2 0 2 0 2 814143 0,1;0,2;1,2;2,1;
B 3 1 1 2 0 2 0 3 58719 0,1;0,2;0,3;1,3;2,1;2,3;3,1;
B 3 1 1 2 0 2 0 4 7779 0,1;0,2;0,3;0,4;1,3;1,4;2,1;2,3;2,4;3,1;3,4;4,1;4,3;
B 3 1 1 2 0 3 -1 4 477 -1,0;-1,1;-1,2;-1,3;-1,4;0,1;0,2;0,3;0,4;1,3;1,4;2,1;2,3;2,4;3,1;3,2;3,4;4,1;4,2;
B 3 1 1 2 0 3 0 3 378540 0,1;0,2;0,3;1,2;1,3;2,1;2,3;3,1;3,2;
B 3 1 1 2 0 3 0 4 3596 0,1;0,2;0,3;0,4;1,2;1,3;1,4;2,1;2,3;2,4;3,1;3,2;3,4;4,1;4,2;
B 3 1 1 2 0 3 0 5 60548 0,1;0,2;0,3;0,4;0,5;1,2;1,3;1,4;1,5;2,1;2,3;2,4;2,5;3,1;3,2;3,4;3,5;4,1;4,2;4,5;5,1;5,2;5,4;
B 3 1 1 2 1 1 0 1 466149 0,1;
B 3 1 1 2 1 1 0 2 178132 0,1;0,2;1,2;
B 3 1 1 2 1 1 0 3 110869 0,1;0,2;0,3;1,2;1,3;3,2;
B 3 1 1 2 1 2 0 2 133552 0,1;0,2;2,1;
B 3 1 1 2 1 2 0 3 149148 0,1;0,2;0,3;1,3;2,1;2,3;3,1;
B 3 1 1 2 1 2 0 4 153946 0,1;0,2;0,3;0,4;1,3;1,4;2,1;2,3;2,4;3,1;3,4;4,1;4,3;
B 3 1 1 2 1 3 -1 4 373 -1,0;-1,1;-1,2;-1,3;-1,4;0,1;0,2;0,3;0,4;1,4;2,1;2,4;3,1;3,2;3,4;4,1;4,2;
B 3 1 1 2 1 3 0 3 100244 0,1;0,2;0,3;1,2;2,1;3,1;3,2;
B 3 1 1 2 1 3 0 4 6562 0,1;0,2;0,3;0,4;1,2;1,4;2,1;2,4;3,1;3,2;3,4;4,1;4,2;
B 3 1 1 2 1 3 0 5 195708 0,1;0,2;0,3;0,4;0,5;1,2;1,4;1,5;2,1;2,4;2,5;3,1;3,2;3,4;3,5;4,1;4,2;4,5;5,1;5,2;5,4;
B 3 2 1 0 0 1 -2 1 23 -2,0;-2,1;-1,-2;-1,0;-1,1;0,1;
B 3 2 1 0 0 1 -2 2 2495 -2,0;-2,1;-2,2;-1,-2;-1,0;-1,1;-1,2;0,1;0,2;2,1;
B 3 2 1 0 0 1 -2 3 4071 -2,0;-2,1;-2,2;-2,3;-1,-2;-1,0;-1,1;-1,2;-1,3;0,1;0,2;0,3;1,3;2,1;2,3;3,1;3,2;
B 3 2 1 0 0 1 -1 1 40 -1,0;-1,1;0,1;
B 3 2 1 0 0 1 -1 2 272 -1,0;-1,1;-1,2;0,1;0,2;2,1;
B 3 2 1 0 0 1 -1 3 38201 -1,0;-1,1;-1,2;-1,3;0,1;0,2;0,3;1,3;2,1;2,3;3,1;3,2;
B 3 2 1 0 0 3 -2 4 23 -2,0;-2,1;-2,2;-2,3;-2,4;-1,-2;-1,0;-1,1;-1,2;-1,3;-1,4;0,1;0,2;0,3;0,4;1,3;2,1;2,3;4,1;4,2;4,3;
B 3 2 1 0 0 3 -2 5 312 -2,0;-2,1;-2,2;-2,3;-2,4;-2,5;-1,-2;-1,0;-1,1;-1,2;-1,3;-1,4;-1,5;0,1;0,2;0,3;0,4;0,5;1,3;1,5;2,1;2,3;2,5;4,1;4,2;4,3;4,5;5,1;5,2;5,3;5,4;
B 3 2 1 1 0 1 0 1 514 0,1;
B 3 2 1 1 0 1 0 2 792 0,1;0,2;1,2;2,1;
B 3 2 1 1 0 1 0 3 734407 0,1;0,2;0,3;1,2;1,3;2,1;2,3;3,1;3,2;
B 3 2 1 1 0 3 -2 5 792 -2,0;-2,1;-2,2;-2,3;-2,4;-2,5;-1,-2;-1,0;-1,1;-1,2;-1,3;-1,4;-1,5;0,1;0,2;0,3;0,4;0,5;1,3;1,5;2,1;2,3;2,5;4,1;4,2;4,3;4,5;5,1;5,2;5,3;5,4;
B 3 2 1 1 0 3 -1 5 12645 -1,0;-1,1;-1,2;-1,3;-1,4;-1,5;0,1;0,2;0,3;0,4;0,5;1,3;1,4;1,5;2,1;2,3;2,4;2,5;3,4;4,1;4,2;4,3;4,5;5,1;5,2;5,3;5,4;
B 3 2 1 2 0 1 0 1 330813 0,1;
B 3 2 1 2 0 1 0 2 375981 0,1;0,2;1,2;2,1;
B 3 2 1 2 0 1 0 3 513463 0,1;0,2;0,3;1,2;1,3;2,1;2,3;3,1;3,2;
B 3 2 1 2 0 2 0 2 105990 0,1;0,2;1,2;
B 3 2 1 2 0 2 0 3 76304 0,1;0,2;0,3;1,2;1,3;3,1;3,2;
B 3 2 1 2 0 2 0 4 561792 0,1;0,2;0,3;0,4;1,2;1,3;1,4;2,4;3,1;3,2;3,4;4,1;4,2;4,3;
B 3 2 1 2 0 3 -1 4 401 -1,0;-1,1;-1,2;-1,3;-1,4;0,1;0,2;0,3;0,4;1,3;1,4;2,1;2,3;2,4;3,4;4,1;4,2;4,3;
B 3 2 1 2 0 3 0 3 38377 0,1;0,2;0,3;1,3;2,1;2,3;
B 3 2 1 2 0 3 0 4 2472 0,1;0,2;0,3;0,4;1,3;1,4;2,1;2,3;2,4;3,4;4,1;4,2;4,3;
B 3 2 1 2 0 3 0 5 246811 0,1;0,2;0,3;0,4;0,5;1,3;1,4;1,5;2,1;2,3;2,4;2,5;3,4;3,5;4,1;4,2;4,3;4,5;5,1;5,2;5,3;5,4;
B 3 3 1 0 0 1 -2 1 119 -2,0;-2,1;-1,-2;-1,0;-1,1;0,1;
B 3 3 1 0 0 1 -1 1 28 -1,0;-1,1;0,1;
B 3 3 1 0 0 3 -2 3 119 -2,0;-2,1;-2,2;-2,3;-1,-2;-1,0;-1,1;-1,2;-1,3;0,1;0,2;0,3;1,3;2,1;2,3;
B 3 3 1 0 1 1 -2 1 38201 -2,0;-2,1;-1,-2;-1,0;-1,1;0,1;
B 3 3 1 1 0 1 0 1 86 0,1;
B 3 3 1 1 1 1 0 3 38201 0,1;0,2;0,3;1,2;1,3;3,2;
B 3 3 1 2 0 1 0 1 69036 0,1;
B 3 3 1 2 0 1 0 2 28 0,1;0,2;1,2;
B 3 3 1 2 0 1 0 3 119 0,1;0,2;0,3;1,2;1,3;3,2;
B 3 3 1 2 0 2 0 2 63828 0,1;0,2;1,2;
B 3 3 1 2 0 3 -1 4 4 -1,0;-1,1;-1,2;-1,3;-1,4;0,1;0,2;0,3;0,4;1,3;1,4;2,1;2,3;2,4;3,4;
B 3 3 1 2 0 3 0 3 5102 0,1;0,2;0,3;1,3;2,1;2,3;
B 3 3 1 2 0 3 0 5 119 0,1;0,2;0,3;0,4;0,5;1,3;1,4;1,5;2,1;2,3;2,4;2,5;3,4;3,5;5,4;
