#N 10 boards 1307470
B 0 0 0 0 0 1 -2 1 137964 -2,-1;-2,0;-2,1;-1,-2;-1,0;-1,1;0,-2;0,-1;1,-2;1,-1;1,0;
B 0 0 0 0 0 1 -2 2 507466 -2,-1;-2,0;-2,1;-2,2;-1,-2;-1,0;-1,1;-1,2;0,-2;0,-1;0,2;1,-2;1,-1;1,0;1,2;2,-2;2,-1;2,0;2,1;
B 0 0 0 0 0 1 -2 3 1031194 -2,-1;-2,0;-2,1;-2,2;-2,3;-1,-2;-1,0;-1,1;-1,2;-1,3;0,-2;0,-1;0,2;0,3;1,-2;1,-1;1,0;1,2;1,3;2,-2;2,-1;2,0;2,1;2,3;3,-2;3,-1;3,0;3,1;3,2;
B 0 0 0 0 0 1 -1 1 404206 -1,0;-1,1;0,-1;1,-1;1,0;
B 0 0 0 0 0 1 -1 2 170004 -1,0;-1,1;-1,2;0,-1;0,2;1,-1;1,0;1,2;2,-1;2,0;2,1;
B 0 0 0 0 0 1 -1 3 507466 -1,0;-1,1;-1,2;-1,3;0,-1;0,2;0,3;1,-1;1,0;1,2;1,3;2,-1;2,0;2,1;2,3;3,-1;3,0;3,1;3,2;
B 0 0 0 0 0 2 -2 2 111620 -2,-1;-2,0;-2,1;-2,2;-1,-2;-1,0;-1,1;-1,2;0,-2;0,-1;0,1;1,-2;1,-1;1,0;1,2;2,-2;2,-1;2,0;2,1;
B 0 0 0 0 0 2 -2 3 137964 -2,-1;-2,0;-2,1;-2,2;-2,3;-1,-2;-1,0;-1,1;-1,2;-1,3;0,-2;0,-1;0,1;1,-2;1,-1;1,0;1,2;1,3;2,-2;2,-1;2,0;2,1;3,-2;3,-1;3,0;3,1;3,2;
B 0 0 0 0 0 2 -2 4 772844 -2,-1;-2,0;-2,1;-2,2;-2,3;-2,4;-1,-2;-1,0;-1,1;-1,2;-1,3;-1,4;0,-2;0,-1;0,1;0,3;0,4;1,-2;1,-1;1,0;1,2;1,3;1,4;2,-2;2,-1;2,0;2,1;2,3;2,4;3,-2;3,-1;3,0;3,1;3,2;3,4;4,-2;4,-1;4,0;4,1;4,2;4,3;
B 0 0 0 0 0 3 -2 4 120067 -2,-1;-2,0;-2,1;-2,2;-2,3;-2,4;-1,-2;-1,0;-1,1;-1,2;-1,3;-1,4;0,-2;0,-1;0,1;0,2;1,-2;1,-1;1,0;1,2;1,3;1,4;2,-2;2,-1;2,0;2,1;2,3;2,4;3,-2;3,-1;3,0;3,1;3,2;4,-2;4,-1;4,0;4,1;4,2;4,3;
B 0 0 0 0 0 3 -2 5 342523 -2,-1;-2,0;-2,1;-2,2;-2,3;-2,4;-2,5;-1,-2;-1,0;-1,1;-1,2;-1,3;-1,4;-1,5;0,-2;0,-1;0,1;0,2;0,4;0,5;1,-2;1,-1;1,0;1,2;1,3;1,4;1,5;2,-2;2,-1;2,0;2,1;2,3;2,4;2,5;3,-2;3,-1;3,0;3,1;3,2;3,4;3,5;4,-2;4,-1;4,0;4,1;4,2;4,3;4,5;5,-2;5,-1;5,0;5,1;5,2;5,3;5,4;
B 0 0 0 1 0 1 0 1 505819 1,0;
B 0 0 0 1 0 1 0 2 292586 0,2;1,0;1,2;2,0;2,1;
B 0 0 0 1 0 1 0 3 137964 0,2;0,3;1,0;1,2;1,3;2,0;2,1;2,3;3,0;3,1;3,2;
B 0 0 0 1 0 2 -1 3 309922 -1,0;-1,1;-1,2;-1,3;0,-1;0,1;0,3;1,-1;1,0;1,2;1,3;2,-1;2,0;2,1;2,3;3,-1;3,0;3,1;3,2;
B 0 0 0 1 0 2 -1 4 137964 -1,1;-1,3;-1,4;0,-1;0,1;0,3;0,4;1,-1;1,0;1,2;1,3;1,4;2,-1;2,0;2,1;2,3;2,4;3,-1;3,0;3,1;3,2;3,4;4,-1;4,0;4,1;4,2;4,3;
B 0 0 0 1 0 3 -2 5 172519 -2,-1;-2,0;-2,1;-2,2;-2,3;-2,4;-2,5;-1,-2;-1,0;-1,1;-1,2;-1,3;-1,4;-1,5;0,-2;0,-1;0,1;0,2;0,4;0,5;1,-2;1,-1;1,0;1,2;1,3;1,4;1,5;2,-2;2,-1;2,0;2,1;2,3;2,4;2,5;3,-2;3,-1;3,0;3,1;3,2;3,4;3,5;4,-2;4,-1;4,0;4,1;4,2;4,3;4,5;5,-2;5,-1;5,0;5,1;5,2;5,3;5,4;
B 0 0 0 1 0 3 -1 5 120067 -1,1;-1,2;-1,4;-1,5;0,-1;0,1;0,2;0,4;0,5;1,-1;1,0;1,2;1,3;1,4;1,5;2,-1;2,0;2,1;2,3;2,4;2,5;3,-1;3,0;3,1;3,2;3,4;3,5;4,-1;4,0;4,1;4,2;4,3;4,5;5,-1;5,0;5,1;5,2;5,3;5,4;
B 0 0 0 2 0 1 0 1 257236 1,0;
B 0 0 0 2 0 1 0 2 111620 0,2;1,0;1,2;2,0;2,1;
B 0 0 0 2 0 2 0 2 139004 0,1;1,0;1,2;2,0;2,1;
B 0 0 0 2 0 2 0 4 111620 0,1;0,3;0,4;1,0;1,2;1,3;1,4;2,0;2,1;2,3;2,4;3,0;3,1;3,2;3,4;4,0;4,1;4,2;4,3;
B 0 0 0 2 0 3 -1 3 69502 -1,0;-1,1;-1,2;-1,3;0,-1;0,1;0,2;1,-1;1,0;1,2;1,3;2,-1;2,0;2,1;2,3;3,-1;3,0;3,1;3,2;
B 0 0 0 2 0 3 0 4 69502 0,1;0,2;0,4;1,0;1,2;1,3;1,4;2,0;2,1;2,3;2,4;3,0;3,1;3,2;3,4;4,0;4,1;4,2;4,3;
B 0 0 1 0 0 1 -2 1 185805 -2,-1;-2,0;-2,1;-1,-2;-1,0;-1,1;0,-2;0,-1;0,1;1,-2;1,-1;
B 0 0 1 0 0 1 -2 2 706709 -2,-1;-2,0;-2,1;-2,2;-1,-2;-1,0;-1,1;-1,2;0,-2;0,-1;0,1;0,2;1,-2;1,-1;1,2;2,-2;2,-1;2,0;2,1;
B 0 0 1 0 0 1 -2 3 1251352 -2,-1;-2,0;-2,1;-2,2;-2,3;-1,-2;-1,0;-1,1;-1,2;-1,3;0,-2;0,-1;0,1;0,2;0,3;1,-2;1,-1;1,2;1,3;2,-2;2,-1;2,0;2,1;2,3;3,-2;3,-1;3,0;3,1;3,2;
B 0 0 1 0 0 1 -1 1 685933 -1,0;-1,1;0,-1;0,1;1,-1;
B 0 0 1 0 0 1 -1 2 305303 -1,0;-1,1;-1,2;0,-1;0,1;0,2;1,-1;1,2;2,-1;2,0;2,1;
B 0 0 1 0 0 1 -1 3 706709 -1,0;-1,1;-1,2;-1,3;0,-1;0,1;0,2;0,3;1,-1;1,2;1,3;2,-1;2,0;2,1;2,3;3,-1;3,0;3,1;3,2;
B 0 0 1 0 0 2 -2 2 219200 -2,-1;-2,0;-2,1;-2,2;-1,-2;-1,0;-1,1;-1,2;0,-2;0,-1;0,1;0,2;1,-2;1,-1;1,0;1,2;2,-2;2,-1;2,1;
B 0 0 1 0 0 2 -2 3 185805 -2,-1;-2,0;-2,1;-2,2;-2,3;-1,-2;-1,0;-1,1;-1,2;-1,3;0,-2;0,-1;0,1;0,2;0,3;1,-2;1,-1;1,0;1,2;1,3;2,-2;2,-1;2,1;3,-2;3,-1;3,0;3,1;3,2;
B 0 0 1 0 0 2 -2 4 1098576 -2,-1;-2,0;-2,1;-2,2;-2,3;-2,4;-1,-2;-1,0;-1,1;-1,2;-1,3;-1,4;0,-2;0,-1;0,1;0,2;0,3;0,4;1,-2;1,-1;1,0;1,2;1,3;1,4;2,-2;2,-1;2,1;2,3;2,4;3,-2;3,-1;3,0;3,1;3,2;3,4;4,-2;4,-1;4,0;4,1;4,2;4,3;
B 0 0 1 0 0 3 -2 4 207721 -2,-1;-2,0;-2,1;-2,2;-2,3;-2,4;-1,-2;-1,0;-1,1;-1,2;-1,3;-1,4;0,-2;0,-1;0,1;0,2;0,3;0,4;1,-2;1,-1;1,0;1,2;1,3;1,4;2,-2;2,-1;2,0;2,1;2,3;2,4;3,-2;3,-1;3,1;3,2;4,-2;4,-1;4,0;4,1;4,2;4,3;
B 0 0 1 0 0 3 -2 5 564315 -2,-1;-2,0;-2,1;-2,2;-2,3;-2,4;-2,5;-1,-2;-1,0;-1,1;-1,2;-1,3;-1,4;-1,5;0,-2;0,-1;0,1;0,2;0,3;0,4;0,5;1,-2;1,-1;1,0;1,2;1,3;1,4;1,5;2,-2;2,-1;2,0;2,1;2,3;2,4;2,5;3,-2;3,-1;3,1;3,2;3,4;3,5;4,-2;4,-1;4,0;4,1;4,2;4,3;4,5;5,-2;5,-1;5,0;5,1;5,2;5,3;5,4;
B 0 0 1 1 0 1 0 1 1113780 0,1;
B 0 0 1 1 0 1 0 2 466733 0,1;0,2;1,2;2,0;2,1;
B 0 0 1 1 0 1 0 3 185805 0,1;0,2;0,3;1,2;1,3;2,0;2,1;2,3;3,0;3,1;3,2;
B 0 0 1 1 0 2 -1 3 592814 -1,0;-1,1;-1,2;-1,3;0,-1;0,1;0,2;0,3;1,-1;1,0;1,2;1,3;2,-1;2,1;2,3;3,-1;3,0;3,1;3,2;
B 0 0 1 1 0 2 -1 4 185805 -1,1;-1,2;-1,3;-1,4;0,-1;0,1;0,2;0,3;0,4;1,-1;1,0;1,2;1,3;1,4;2,-1;2,1;2,3;2,4;3,-1;3,0;3,1;3,2;3,4;4,-1;4,0;4,1;4,2;4,3;
B 0 0 1 1 0 3 -2 5 259012 -2,-1;-2,0;-2,1;-2,2;-2,3;-2,4;-2,5;-1,-2;-1,0;-1,1;-1,2;-1,3;-1,4;-1,5;0,-2;0,-1;0,1;0,2;0,3;0,4;0,5;1,-2;1,-1;1,0;1,2;1,3;1,4;1,5;2,-2;2,-1;2,0;2,1;2,3;2,4;2,5;3,-2;3,-1;3,1;3,2;3,4;3,5;4,-2;4,-1;4,0;4,1;4,2;4,3;4,5;5,-2;5,-1;5,0;5,1;5,2;5,3;5,4;
B 0 0 1 1 0 3 -1 5 207721 -1,1;-1,2;-1,3;-1,4;-1,5;0,-1;0,1;0,2;0,3;0,4;0,5;1,-1;1,0;1,2;1,3;1,4;1,5;2,-1;2,0;2,1;2,3;2,4;2,5;3,-1;3,1;3,2;3,4;3,5;4,-1;4,0;4,1;4,2;4,3;4,5;5,-1;5,0;5,1;5,2;5,3;5,4;
B 0 0 1 2 0 1 0 1 834046 0,1;
B 0 0 1 2 0 1 0 2 219200 0,1;0,2;1,2;2,0;2,1;
B 0 0 1 2 0 2 0 2 419224 0,1;0,2;1,0;1,2;2,1;
B 0 0 1 2 0 2 0 4 219200 0,1;0,2;0,3;0,4;1,0;1,2;1,3;1,4;2,1;2,3;2,4;3,0;3,1;3,2;3,4;4,0;4,1;4,2;4,3;
B 0 0 1 2 0 3 -1 3 209612 -1,0;-1,1;-1,2;-1,3;0,-1;0,1;0,2;0,3;1,-1;1,0;1,2;1,3;2,-1;2,0;2,1;2,3;3,-1;3,1;3,2;
B 0 0 1 2 0 3 0 4 209612 0,1;0,2;0,3;0,4;1,0;1,2;1,3;1,4;2,0;2,1;2,3;2,4;3,1;3,2;3,4;4,0;4,1;4,2;4,3;
B 0 1 0 0 0 1 -2 1 1890907 -2,-1;-2,0;-2,1;-1,-2;-1,0;-1,1;0,-2;0,-1;1,-2;1,-1;1,0;
B 0 1 0 0 0 1 -2 2 840195 -2,-1;-2,0;-2,1;-2,2;-1,-2;-1,0;-1,1;-1,2;0,-2;0,-1;0,2;1,-2;1,-1;1,0;1,2;2,-2;2,-1;2,0;
B 0 1 0 0 0 1 -2 3 956967 -2,-1;-2,0;-2,1;-2,2;-2,3;-1,-2;-1,0;-1,1;-1,2;-1,3;0,-2;0,-1;0,2;0,3;1,-2;1,-1;1,0;1,2;1,3;2,-2;2,-1;2,0;2,3;3,-2;3,-1;3,0;3,2;
B 0 1 0 0 0 1 -1 1 1342715 -1,0;-1,1;0,-1;1,-1;1,0;
B 0 1 0 0 0 1 -1 2 209264 -1,0;-1,1;-1,2;0,-1;0,2;1,-1;1,0;1,2;2,-1;2,0;
B 0 1 0 0 0 1 -1 3 367953 -1,0;-1,1;-1,2;-1,3;0,-1;0,2;0,3;1,-1;1,0;1,2;1,3;2,-1;2,0;2,3;3,-1;3,0;3,2;
B 0 1 0 0 0 2 -2 2 1257995 -2,-1;-2,0;-2,1;-2,2;-1,-2;-1,0;-1,1;-1,2;0,-2;0,-1;0,1;1,-2;1,-1;1,0;1,2;2,-2;2,-1;2,0;2,1;
B 0 1 0 0 0 2 -2 3 357607 -2,-1;-2,0;-2,1;-2,2;-2,3;-1,-2;-1,0;-1,1;-1,2;-1,3;0,-2;0,-1;0,1;0,3;1,-2;1,-1;1,0;1,2;1,3;2,-2;2,-1;2,0;2,1;2,3;3,-2;3,-1;3,0;3,1;
B 0 1 0 0 0 2 -2 4 753193 -2,-1;-2,0;-2,1;-2,2;-2,3;-2,4;-1,-2;-1,0;-1,1;-1,2;-1,3;-1,4;0,-2;0,-1;0,1;0,3;0,4;1,-2;1,-1;1,0;1,2;1,3;1,4;2,-2;2,-1;2,0;2,1;2,3;2,4;3,-2;3,-1;3,0;3,1;3,4;4,-2;4,-1;4,0;4,1;4,3;
B 0 1 0 0 0 3 -2 3 493644 -2,-1;-2,0;-2,1;-2,2;-2,3;-1,-2;-1,0;-1,1;-1,2;-1,3;0,-2;0,-1;0,1;0,2;1,-2;1,-1;1,0;1,2;1,3;2,-2;2,-1;2,0;2,1;2,3;3,-2;3,-1;3,0;3,1;3,2;
B 0 1 0 0 0 3 -2 4 334676 -2,-1;-2,0;-2,1;-2,2;-2,3;-2,4;-1,-2;-1,0;-1,1;-1,2;-1,3;-1,4;0,-2;0,-1;0,1;0,2;0,4;1,-2;1,-1;1,0;1,2;1,3;1,4;2,-2;2,-1;2,0;2,1;2,3;2,4;3,-2;3,-1;3,0;3,1;3,2;3,4;4,-2;4,-1;4,0;4,1;4,2;
B 0 1 0 0 0 3 -2 5 465840 -2,-1;-2,0;-2,1;-2,2;-2,3;-2,4;-2,5;-1,-2;-1,0;-1,1;-1,2;-1,3;-1,4;-1,5;0,-2;0,-1;0,1;0,2;0,4;0,5;1,-2;1,-1;1,0;1,2;1,3;1,4;1,5;2,-2;2,-1;2,0;2,1;2,3;2,4;2,5;3,-2;3,-1;3,0;3,1;3,2;3,4;3,5;4,-2;4,-1;4,0;4,1;4,2;4,5;5,-2;5,-1;5,0;5,1;5,2;5,4;
B 0 1 0 1 0 1 0 1 1646030 1,0;
B 0 1 0 1 0 1 0 2 258348 0,2;1,0;1,2;2,0;
B 0 1 0 1 0 1 0 3 59637 0,2;0,3;1,0;1,2;1,3;2,0;2,3;3,0;3,2;
B 0 1 0 1 0 2 -1 2 378679 -1,0;-1,1;-1,2;0,-1;0,1;1,-1;1,0;1,2;2,-1;2,0;2,1;
B 0 1 0 1 0 2 -1 3 369746 -1,0;-1,1;-1,2;-1,3;0,-1;0,1;0,3;1,-1;1,0;1,2;1,3;2,-1;2,0;2,1;2,3;3,-1;3,0;3,1;
B 0 1 0 1 0 2 -1 4 59637 -1,1;-1,3;-1,4;0,-1;0,1;0,3;0,4;1,-1;1,0;1,2;1,3;1,4;2,-1;2,0;2,1;2,3;2,4;3,-1;3,0;3,1;3,4;4,-1;4,0;4,1;4,3;
B 0 1 0 1 0 3 -2 5 155453 -2,-1;-2,0;-2,1;-2,2;-2,3;-2,4;-2,5;-1,-2;-1,0;-1,1;-1,2;-1,3;-1,4;-1,5;0,-2;0,-1;0,1;0,2;0,4;0,5;1,-2;1,-1;1,0;1,2;1,3;1,4;1,5;2,-2;2,-1;2,0;2,1;2,3;2,4;2,5;3,-2;3,-1;3,0;3,1;3,2;3,4;3,5;4,-2;4,-1;4,0;4,1;4,2;4,5;5,-2;5,-1;5,0;5,1;5,2;5,4;
B 0 1 0 1 0 3 -1 3 378679 -1,0;-1,1;-1,2;-1,3;0,-1;0,1;0,2;1,-1;1,0;1,2;1,3;2,-1;2,0;2,1;2,3;3,-1;3,0;3,1;3,2;
B 0 1 0 1 0 3 -1 5 102895 -1,1;-1,2;-1,4;-1,5;0,-1;0,1;0,2;0,4;0,5;1,-1;1,0;1,2;1,3;1,4;1,5;2,-1;2,0;2,1;2,3;2,4;2,5;3,-1;3,0;3,1;3,2;3,4;3,5;4,-1;4,0;4,1;4,2;4,5;5,-1;5,0;5,1;5,2;5,4;
B 0 1 0 2 0 1 0 1 1156445 1,0;
B 0 1 0 2 0 1 0 2 104213 0,2;1,0;1,2;2,0;
B 0 1 0 2 0 2 0 2 587210 0,1;1,0;1,2;2,0;2,1;
B 0 1 0 2 0 2 0 4 104213 0,1;0,3;0,4;1,0;1,2;1,3;1,4;2,0;2,1;2,3;2,4;3,0;3,1;3,4;4,0;4,1;4,3;
B 0 1 0 2 0 3 -1 3 250310 -1,0;-1,1;-1,2;-1,3;0,-1;0,1;0,2;1,-1;1,0;1,2;1,3;2,-1;2,0;2,1;2,3;3,-1;3,0;3,1;3,2;
B 0 1 0 2 0 3 0 4 152754 0,1;0,2;0,4;1,0;1,2;1,3;1,4;2,0;2,1;2,3;2,4;3,0;3,1;3,2;3,4;4,0;4,1;4,2;
B 0 1 1 0 0 1 -2 1 453720 -2,-1;-2,0;-2,1;-1,-2;-1,0;-1,1;0,-2;0,-1;0,1;1,-2;1,-1;
B 0 1 1 0 0 1 -2 2 13914 -2,-1;-2,0;-2,1;-2,2;-1,-2;-1,1;-1,2;0,-2;0,-1;0,1;0,2;1,-2;1,-1;1,2;2,-2;2,-1;
B 0 1 1 0 0 1 -1 1 485705 -1,0;-1,1;0,-1;0,1;1,-1;
B 0 1 1 0 0 1 -1 2 10611 -1,1;-1,2;0,-1;0,1;0,2;1,-1;1,2;2,-1;
B 0 1 1 0 0 1 -1 3 1402 -1,1;-1,2;-1,3;0,-1;0,1;0,2;0,3;1,-1;1,2;1,3;2,-1;3,-1;3,2;
B 0 1 1 0 0 2 -2 2 558619 -2,-1;-2,0;-2,1;-2,2;-1,-2;-1,0;-1,1;-1,2;0,-2;0,-1;0,1;0,2;1,-2;1,-1;1,0;1,2;2,-2;2,-1;2,1;
B 0 1 1 0 0 2 -2 3 51900 -2,-1;-2,0;-2,1;-2,2;-2,3;-1,-2;-1,0;-1,1;-1,2;-1,3;0,-2;0,-1;0,2;0,3;1,-2;1,-1;1,0;1,2;1,3;2,-2;2,-1;2,3;3,-2;3,-1;
B 0 1 1 0 0 2 -2 4 15316 -2,-1;-2,2;-2,3;-2,4;-1,-2;-1,0;-1,1;-1,2;-1,3;-1,4;0,-2;0,-1;0,2;0,3;0,4;1,-2;1,-1;1,0;1,2;1,3;1,4;2,-2;2,-1;2,3;2,4;3,-2;3,-1;4,-2;4,-1;4,3;
B 0 1 1 0 0 3 -2 3 244357 -2,-1;-2,0;-2,1;-2,2;-2,3;-1,-2;-1,0;-1,1;-1,2;-1,3;0,-2;0,-1;0,1;0,2;0,3;1,-2;1,-1;1,0;1,2;1,3;2,-2;2,-1;2,0;2,1;2,3;3,-2;3,-1;3,1;3,2;
B 0 1 1 0 0 3 -2 4 63775 -2,-1;-2,0;-2,1;-2,2;-2,3;-2,4;-1,-2;-1,0;-1,1;-1,2;-1,3;-1,4;0,-2;0,-1;0,1;0,2;0,3;0,4;1,-2;1,-1;1,0;1,2;1,3;1,4;2,-2;2,-1;2,0;2,1;2,3;2,4;3,-2;3,-1;3,1;3,2;3,4;4,-2;4,-1;4,1;4,2;
B 0 1 1 0 0 3 -2 5 31385 -2,-1;-2,0;-2,1;-2,2;-2,3;-2,4;-2,5;-1,-2;-1,0;-1,1;-1,2;-1,3;-1,4;-1,5;0,-2;0,-1;0,1;0,2;0,3;0,4;0,5;1,-2;1,-1;1,0;1,2;1,3;1,4;1,5;2,-2;2,-1;2,0;2,1;2,3;2,4;2,5;3,-2;3,-1;3,1;3,2;3,4;3,5;4,-2;4,-1;4,1;4,2;4,5;5,-2;5,-1;5,1;5,2;5,4;
B 0 1 1 1 0 1 0 1 905800 0,1;
B 0 1 1 1 0 1 0 2 9614 0,1;0,2;1,2;
B 0 1 1 1 0 1 0 3 532 0,1;0,2;0,3;1,2;1,3;3,2;
B 0 1 1 1 0 2 -1 2 365228 -1,0;-1,1;-1,2;0,-1;0,1;0,2;1,-1;1,0;1,2;2,-1;2,1;
B 0 1 1 1 0 2 -1 3 59430 -1,0;-1,1;-1,2;-1,3;0,-1;0,1;0,2;0,3;1,-1;1,0;1,2;1,3;2,-1;2,1;2,3;3,-1;3,1;
B 0 1 1 1 0 2 -1 4 532 -1,3;-1,4;0,-1;0,2;0,3;0,4;1,-1;1,0;1,2;1,3;1,4;2,-1;2,3;2,4;3,-1;4,-1;4,3;
B 0 1 1 1 0 3 -2 5 5831 -2,-1;-2,0;-2,1;-2,2;-2,3;-2,4;-2,5;-1,-2;-1,0;-1,1;-1,2;-1,3;-1,4;-1,5;0,-2;0,-1;0,1;0,2;0,3;0,4;0,5;1,-2;1,-1;1,0;1,2;1,3;1,4;1,5;2,-2;2,-1;2,0;2,1;2,3;2,4;2,5;3,-2;3,-1;3,1;3,2;3,4;3,5;4,-2;4,-1;4,1;4,2;4,5;5,-2;5,-1;5,1;5,2;5,4;
B 0 1 1 1 0 3 -1 3 365228 -1,0;-1,1;-1,2;-1,3;0,-1;0,1;0,2;0,3;1,-1;1,0;1,2;1,3;2,-1;2,0;2,1;2,3;3,-1;3,1;3,2;
B 0 1 1 1 0 3 -1 5 3783 -1,1;-1,2;-1,3;-1,4;-1,5;0,-1;0,1;0,2;0,3;0,4;0,5;1,-1;1,0;1,2;1,3;1,4;1,5;2,-1;2,0;2,1;2,3;2,4;2,5;3,-1;3,1;3,2;3,4;3,5;4,-1;4,1;4,2;4,5;5,-1;5,1;5,2;5,4;
B 0 1 1 2 0 1 0 1 952094 0,1;
B 0 1 1 2 0 1 0 2 9562 0,1;0,2;1,2;
B 0 1 1 2 0 2 0 2 464220 0,1;0,2;1,0;1,2;2,1;
B 0 1 1 2 0 2 0 4 9562 0,1;0,2;0,3;0,4;1,0;1,2;1,3;1,4;2,1;2,3;2,4;3,1;3,4;4,1;4,3;
B 0 1 1 2 0 3 -1 3 117231 -1,0;-1,1;-1,2;-1,3;0,-1;0,1;0,2;0,3;1,-1;1,0;1,2;1,3;2,-1;2,0;2,1;2,3;3,-1;3,1;3,2;
B 0 1 1 2 0 3 0 4 44019 0,1;0,2;0,3;0,4;1,0;1,2;1,3;1,4;2,0;2,1;2,3;2,4;3,1;3,2;3,4;4,1;4,2;
B 0 2 1 0 0 1 -2 1 66277 -2,-1;-2,0;-2,1;-1,-2;-1,0;-1,1;0,-2;0,-1;0,1;
B 0 2 1 0 0 1 -2 2 253469 -2,-1;-2,0;-2,1;-2,2;-1,-2;-1,0;-1,1;-1,2;0,-2;0,-1;0,1;0,2;1,2;2,-2;2,-1;2,0;2,1;
B 0 2 1 0 0 1 -2 3 692972 -2,-1;-2,0;-2,1;-2,2;-2,3;-1,-2;-1,0;-1,1;-1,2;-1,3;0,-2;0,-1;0,1;0,2;0,3;1,2;1,3;2,-2;2,-1;2,0;2,1;2,3;3,-2;3,-1;3,0;3,1;3,2;
B 0 2 1 0 0 1 -1 1 242048 -1,0;-1,1;0,-1;0,1;
B 0 2 1 0 0 1 -1 2 109840 -1,0;-1,1;-1,2;0,-1;0,1;0,2;1,2;2,-1;2,0;2,1;
B 0 2 1 0 0 1 -1 3 465186 -1,0;-1,1;-1,2;-1,3;0,-1;0,1;0,2;0,3;1,2;1,3;2,-1;2,0;2,1;2,3;3,-1;3,0;3,1;3,2;
B 0 2 1 0 0 2 -2 2 68818 -2,-1;-2,0;-2,1;-2,2;-1,-2;-1,0;-1,1;-1,2;0,-2;0,-1;0,1;0,2;1,-2;1,-1;1,0;1,2;
B 0 2 1 0 0 2 -2 3 66277 -2,-1;-2,0;-2,1;-2,2;-2,3;-1,-2;-1,0;-1,1;-1,2;-1,3;0,-2;0,-1;0,1;0,2;0,3;1,-2;1,-1;1,0;1,2;1,3;3,-2;3,-1;3,0;3,1;3,2;
B 0 2 1 0 0 2 -2 4 486839 -2,-1;-2,0;-2,1;-2,2;-2,3;-2,4;-1,-2;-1,0;-1,1;-1,2;-1,3;-1,4;0,-2;0,-1;0,1;0,2;0,3;0,4;1,-2;1,-1;1,0;1,2;1,3;1,4;2,3;2,4;3,-2;3,-1;3,0;3,1;3,2;3,4;4,-2;4,-1;4,0;4,1;4,2;4,3;
B 0 2 1 0 0 3 -2 4 76466 -2,-1;-2,0;-2,1;-2,2;-2,3;-2,4;-1,-2;-1,0;-1,1;-1,2;-1,3;-1,4;0,-2;0,-1;0,1;0,2;0,3;0,4;1,-2;1,-1;1,0;1,2;1,3;1,4;2,-2;2,-1;2,0;2,1;2,3;2,4;4,-2;4,-1;4,0;4,1;4,2;4,3;
B 0 2 1 0 0 3 -2 5 206604 -2,-1;-2,0;-2,1;-2,2;-2,3;-2,4;-2,5;-1,-2;-1,0;-1,1;-1,2;-1,3;-1,4;-1,5;0,-2;0,-1;0,1;0,2;0,3;0,4;0,5;1,-2;1,-1;1,0;1,2;1,3;1,4;1,5;2,-2;2,-1;2,0;2,1;2,3;2,4;2,5;3,4;3,5;4,-2;4,-1;4,0;4,1;4,2;4,3;4,5;5,-2;5,-1;5,0;5,1;5,2;5,3;5,4;
B 0 2 1 1 0 1 0 1 344622 0,1;
B 0 2 1 1 0 1 0 2 216388 0,1;0,2;1,2;2,0;2,1;
B 0 2 1 1 0 1 0 3 149144 0,1;0,2;0,3;1,2;1,3;2,0;2,1;2,3;3,0;3,1;3,2;
B 0 2 1 1 0 2 -1 3 183443 -1,0;-1,1;-1,2;-1,3;0,-1;0,1;0,2;0,3;1,-1;1,0;1,2;1,3;2,3;3,-1;3,0;3,1;3,2;
B 0 2 1 1 0 2 -1 4 149144 -1,1;-1,2;-1,3;-1,4;0,-1;0,1;0,2;0,3;0,4;1,-1;1,0;1,2;1,3;1,4;2,3;2,4;3,-1;3,0;3,1;3,2;3,4;4,-1;4,0;4,1;4,2;4,3;
B 0 2 1 1 0 3 -2 5 117744 -2,-1;-2,0;-2,1;-2,2;-2,3;-2,4;-2,5;-1,-2;-1,0;-1,1;-1,2;-1,3;-1,4;-1,5;0,-2;0,-1;0,1;0,2;0,3;0,4;0,5;1,-2;1,-1;1,0;1,2;1,3;1,4;1,5;2,-2;2,-1;2,0;2,1;2,3;2,4;2,5;3,4;3,5;4,-2;4,-1;4,0;4,1;4,2;4,3;4,5;5,-2;5,-1;5,0;5,1;5,2;5,3;5,4;
B 0 2 1 1 0 3 -1 5 98644 -1,1;-1,2;-1,3;-1,4;-1,5;0,-1;0,1;0,2;0,3;0,4;0,5;1,-1;1,0;1,2;1,3;1,4;1,5;2,-1;2,0;2,1;2,3;2,4;2,5;3,4;3,5;4,-1;4,0;4,1;4,2;4,3;4,5;5,-1;5,0;5,1;5,2;5,3;5,4;
B 0 2 1 2 0 1 0 1 245090 0,1;
B 0 2 1 2 0 1 0 2 88518 0,1;0,2;1,2;2,0;2,1;
B 0 2 1 2 0 2 0 2 117625 0,1;0,2;1,0;1,2;
B 0 2 1 2 0 2 0 4 88518 0,1;0,2;0,3;0,4;1,0;1,2;1,3;1,4;2,3;2,4;3,0;3,1;3,2;3,4;4,0;4,1;4,2;4,3;
B 0 2 1 2 0 3 -1 3 60549 -1,0;-1,1;-1,2;-1,3;0,-1;0,1;0,2;0,3;1,-1;1,0;1,2;1,3;2,-1;2,0;2,1;2,3;
B 0 2 1 2 0 3 0 4 57076 0,1;0,2;0,3;0,4;1,0;1,2;1,3;1,4;2,0;2,1;2,3;2,4;3,4;4,0;4,1;4,2;4,3;
B 0 3 1 0 0 1 -2 1 119210 -2,-1;-2,0;-2,1;-1,-2;-1,0;-1,1;0,-2;0,-1;0,1;
B 0 3 1 0 0 1 -2 2 550 -2,-1;-2,0;-2,1;-2,2;-1,-2;-1,1;-1,2;0,-2;0,-1;0,1;0,2;1,2;
B 0 3 1 0 0 1 -1 1 62845 -1,0;-1,1;0,-1;0,1;
B 0 3 1 0 0 1 -1 2 69 -1,1;-1,2;0,-1;0,1;0,2;1,2;
B 0 3 1 0 0 1 -1 3 76 -1,1;-1,2;-1,3;0,-1;0,1;0,2;0,3;1,2;1,3;3,2;
B 0 3 1 0 0 2 -2 2 106051 -2,-1;-2,0;-2,1;-2,2;-1,-2;-1,0;-1,1;-1,2;0,-2;0,-1;0,1;0,2;1,-2;1,-1;1,0;1,2;
B 0 3 1 0 0 2 -2 3 5538 -2,-1;-2,0;-2,1;-2,2;-2,3;-1,-2;-1,0;-1,1;-1,2;-1,3;0,-2;0,-1;0,2;0,3;1,-2;1,-1;1,0;1,2;1,3;2,3;
B 0 3 1 0 0 2 -2 4 626 -2,-1;-2,2;-2,3;-2,4;-1,-2;-1,0;-1,1;-1,2;-1,3;-1,4;0,-2;0,-1;0,2;0,3;0,4;1,-2;1,-1;1,0;1,2;1,3;1,4;2,3;2,4;4,3;
B 0 3 1 0 0 3 -2 3 67090 -2,-1;-2,0;-2,1;-2,2;-2,3;-1,-2;-1,0;-1,1;-1,2;-1,3;0,-2;0,-1;0,1;0,2;0,3;1,-2;1,-1;1,0;1,2;1,3;2,-2;2,-1;2,0;2,1;2,3;
B 0 3 1 0 0 3 -2 4 3158 -2,-1;-2,0;-2,1;-2,2;-2,3;-2,4;-1,-2;-1,0;-1,1;-1,2;-1,3;-1,4;0,-2;0,-1;0,1;0,3;0,4;1,-2;1,-1;1,0;1,3;1,4;2,-2;2,-1;2,0;2,1;2,3;2,4;3,4;
B 0 3 1 0 0 3 -2 5 287 -2,-1;-2,0;-2,1;-2,2;-2,3;-2,4;-2,5;-1,-2;-1,0;-1,3;-1,4;-1,5;0,-2;0,-1;0,1;0,3;0,4;0,5;1,-2;1,-1;1,0;1,3;1,4;1,5;2,-2;2,-1;2,0;2,1;2,3;2,4;2,5;3,4;3,5;5,4;
B 0 3 1 1 0 1 0 1 126239 0,1;
B 0 3 1 1 0 1 0 2 32 0,1;0,2;1,2;
B 0 3 1 1 0 1 0 3 42 0,1;0,2;0,3;1,2;1,3;3,2;
B 0 3 1 1 0 2 -1 2 61184 -1,0;-1,1;-1,2;0,-1;0,1;0,2;1,-1;1,0;1,2;
B 0 3 1 1 0 2 -1 3 313 -1,0;-1,1;-1,2;-1,3;0,-1;0,2;0,3;1,-1;1,0;1,2;1,3;2,3;
B 0 3 1 1 0 2 -1 4 42 -1,2;-1,3;-1,4;0,-1;0,2;0,3;0,4;1,-1;1,0;1,2;1,3;1,4;2,3;2,4;4,3;
B 0 3 1 1 0 3 -2 5 18 -2,-1;-2,0;-2,1;-2,2;-2,3;-2,4;-2,5;-1,-2;-1,0;-1,3;-1,4;-1,5;0,-2;0,-1;0,1;0,3;0,4;0,5;1,-2;1,-1;1,0;1,3;1,4;1,5;2,-2;2,-1;2,0;2,1;2,3;2,4;2,5;3,4;3,5;5,4;
B 0 3 1 1 0 3 -1 3 61184 -1,0;-1,1;-1,2;-1,3;0,-1;0,1;0,2;0,3;1,-1;1,0;1,2;1,3;2,-1;2,0;2,1;2,3;
B 0 3 1 1 0 3 -1 5 14 -1,3;-1,4;-1,5;0,-1;0,1;0,3;0,4;0,5;1,-1;1,3;1,4;1,5;2,-1;2,0;2,1;2,3;2,4;2,5;3,4;3,5;5,4;
B 0 3 1 2 0 1 0 1 108739 0,1;
B 0 3 1 2 0 1 0 2 11 0,1;0,2;1,2;
B 0 3 1 2 0 2 0 2 49542 0,1;0,2;1,0;1,2;
B 0 3 1 2 0 2 0 4 11 0,2;0,3;0,4;1,0;1,2;1,3;1,4;2,3;2,4;4,3;
B 0 3 1 2 0 3 -1 3 3373 -1,0;-1,1;-1,2;-1,3;0,-1;0,1;0,2;0,3;1,-1;1,0;1,2;1,3;2,-1;2,0;2,1;2,3;
B 0 3 1 2 0 3 0 4 161 0,1;0,2;0,3;0,4;1,0;1,3;1,4;2,0;2,1;2,3;2,4;3,4;
B 1 0 1 0 0 1 -2 1 149144 -2,-1;-2,0;-2,1;-1,-2;-1,0;-1,1;0,-2;0,-1;0,1;1,-2;1,-1;
B 1 0 1 0 0 1 -2 2 465186 -2,-1;-2,0;-2,1;-2,2;-1,-2;-1,0;-1,1;-1,2;0,-2;0,-1;0,1;0,2;1,-2;1,-1;1,2;2,-2;2,-1;2,1;
B 1 0 1 0 0 1 -2 3 692972 -2,-1;-2,0;-2,1;-2,2;-2,3;-1,-2;-1,0;-1,1;-1,2;-1,3;0,-2;0,-1;0,1;0,2;0,3;1,-2;1,-1;1,2;1,3;2,-2;2,-1;2,1;2,3;3,-2;3,-1;3,1;3,2;
B 1 0 1 0 0 1 -1 1 304906 -1,0;-1,1;0,-1;0,1;1,-1;
B 1 0 1 0 0 1 -1 2 109840 -1,0;-1,1;-1,2;0,-1;0,1;0,2;1,-1;1,2;2,-1;2,1;
B 1 0 1 0 0 1 -1 3 253469 -1,0;-1,1;-1,2;-1,3;0,-1;0,1;0,2;0,3;1,-1;1,2;1,3;2,-1;2,1;2,3;3,-1;3,1;3,2;
B 1 0 1 0 0 2 -2 2 88518 -2,-1;-2,0;-2,1;-2,2;-1,-2;-1,0;-1,1;-1,2;0,-2;0,-1;0,1;0,2;1,-2;1,-1;1,2;2,-2;2,-1;2,1;
B 1 0 1 0 0 2 -2 3 149144 -2,-1;-2,0;-2,1;-2,2;-2,3;-1,-2;-1,0;-1,1;-1,2;-1,3;0,-2;0,-1;0,1;0,2;0,3;1,-2;1,-1;1,2;1,3;2,-2;2,-1;2,1;3,-2;3,-1;3,1;3,2;
B 1 0 1 0 0 2 -2 4 486839 -2,-1;-2,0;-2,1;-2,2;-2,3;-2,4;-1,-2;-1,0;-1,1;-1,2;-1,3;-1,4;0,-2;0,-1;0,1;0,2;0,3;0,4;1,-2;1,-1;1,2;1,3;1,4;2,-2;2,-1;2,1;2,3;2,4;3,-2;3,-1;3,1;3,2;3,4;4,-2;4,-1;4,1;4,2;4,3;
B 1 0 1 0 0 3 -2 4 98644 -2,-1;-2,0;-2,1;-2,2;-2,3;-2,4;-1,-2;-1,0;-1,1;-1,2;-1,3;-1,4;0,-2;0,-1;0,1;0,2;0,3;0,4;1,-2;1,-1;1,2;1,3;1,4;2,-2;2,-1;2,1;2,3;2,4;3,-2;3,-1;3,1;3,2;4,-2;4,-1;4,1;4,2;4,3;
B 1 0 1 0 0 3 -2 5 227584 -2,-1;-2,0;-2,1;-2,2;-2,3;-2,4;-2,5;-1,-2;-1,0;-1,1;-1,2;-1,3;-1,4;-1,5;0,-2;0,-1;0,1;0,2;0,3;0,4;0,5;1,-2;1,-1;1,2;1,3;1,4;1,5;2,-2;2,-1;2,1;2,3;2,4;2,5;3,-2;3,-1;3,1;3,2;3,4;3,5;4,-2;4,-1;4,1;4,2;4,3;4,5;5,-2;5,-1;5,1;5,2;5,3;5,4;
B 1 0 1 1 0 1 0 1 350641 0,1;
B 1 0 1 1 0 1 0 2 173230 0,1;0,2;1,2;2,1;
B 1 0 1 1 0 1 0 3 66277 0,1;0,2;0,3;1,2;1,3;2,1;2,3;3,1;3,2;
B 1 0 1 1 0 2 -1 3 183443 -1,0;-1,1;-1,2;-1,3;0,-1;0,1;0,2;0,3;1,-1;1,2;1,3;2,-1;2,1;2,3;3,-1;3,1;3,2;
B 1 0 1 1 0 2 -1 4 66277 -1,1;-1,2;-1,3;-1,4;0,-1;0,1;0,2;0,3;0,4;1,-1;1,2;1,3;1,4;2,-1;2,1;2,3;2,4;3,-1;3,1;3,2;3,4;4,-1;4,1;4,2;4,3;
B 1 0 1 1 0 3 -2 5 96764 -2,-1;-2,0;-2,1;-2,2;-2,3;-2,4;-2,5;-1,-2;-1,0;-1,1;-1,2;-1,3;-1,4;-1,5;0,-2;0,-1;0,1;0,2;0,3;0,4;0,5;1,-2;1,-1;1,2;1,3;1,4;1,5;2,-2;2,-1;2,1;2,3;2,4;2,5;3,-2;3,-1;3,1;3,2;3,4;3,5;4,-2;4,-1;4,1;4,2;4,3;4,5;5,-2;5,-1;5,1;5,2;5,3;5,4;
B 1 0 1 1 0 3 -1 5 76466 -1,1;-1,2;-1,3;-1,4;-1,5;0,-1;0,1;0,2;0,3;0,4;0,5;1,-1;1,2;1,3;1,4;1,5;2,-1;2,1;2,3;2,4;2,5;3,-1;3,1;3,2;3,4;3,5;4,-1;4,1;4,2;4,3;4,5;5,-1;5,1;5,2;5,3;5,4;
B 1 0 1 2 0 1 0 1 239071 0,1;
B 1 0 1 2 0 1 0 2 68818 0,1;0,2;1,2;2,1;
B 1 0 1 2 0 2 0 2 117625 0,1;0,2;1,2;2,1;
B 1 0 1 2 0 2 0 4 68818 0,1;0,2;0,3;0,4;1,2;1,3;1,4;2,1;2,3;2,4;3,1;3,2;3,4;4,1;4,2;4,3;
B 1 0 1 2 0 3 -1 3 57076 -1,0;-1,1;-1,2;-1,3;0,-1;0,1;0,2;0,3;1,-1;1,2;1,3;2,-1;2,1;2,3;3,-1;3,1;3,2;
B 1 0 1 2 0 3 0 4 60549 0,1;0,2;0,3;0,4;1,2;1,3;1,4;2,1;2,3;2,4;3,1;3,2;3,4;4,1;4,2;4,3;
B 1 1 1 0 0 1 -2 1 324639 -2,-1;-2,0;-2,1;-1,-2;-1,0;-1,1;0,-2;0,-1;0,1;1,-2;1,-1;
B 1 1 1 0 0 1 -1 1 345849 -1,0;-1,1;0,-1;0,1;1,-1;
B 1 1 1 0 0 1 -1 2 10954 -1,1;-1,2;0,-1;0,1;0,2;1,-1;1,2;2,-1;
B 1 1 1 0 0 2 -2 2 399571 -2,-1;-2,0;-2,1;-2,2;-1,-2;-1,0;-1,1;-1,2;0,-2;0,-1;0,1;0,2;1,-2;1,-1;1,2;2,-2;2,-1;2,1;
B 1 1 1 0 0 3 -2 3 177391 -2,-1;-2,0;-2,1;-2,2;-2,3;-1,-2;-1,0;-1,1;-1,2;-1,3;0,-2;0,-1;0,1;0,2;0,3;1,-2;1,-1;1,2;1,3;2,-2;2,-1;2,1;2,3;3,-2;3,-1;3,1;3,2;
B 1 1 1 0 0 3 -2 4 67507 -2,-1;-2,0;-2,1;-2,2;-2,3;-2,4;-1,-2;-1,0;-1,1;-1,2;-1,3;-1,4;0,-2;0,-1;0,1;0,2;0,3;0,4;1,-2;1,-1;1,2;1,3;1,4;2,-2;2,-1;2,1;2,3;2,4;3,-2;3,-1;3,1;3,2;3,4;4,-2;4,-1;4,1;4,2;
B 1 1 1 0 0 3 -2 5 36973 -2,-1;-2,0;-2,1;-2,2;-2,3;-2,4;-2,5;-1,-2;-1,0;-1,1;-1,2;-1,3;-1,4;-1,5;0,-2;0,-1;0,1;0,2;0,3;0,4;0,5;1,-2;1,-1;1,2;1,3;1,4;1,5;2,-2;2,-1;2,1;2,3;2,4;2,5;3,-2;3,-1;3,1;3,2;3,4;3,5;4,-2;4,-1;4,1;4,2;4,5;5,-2;5,-1;5,1;5,2;5,4;
B 1 1 1 0 1 1 -2 1 1077752 -2,-1;-2,0;-2,1;-1,-2;-1,0;-1,1;0,-2;0,-1;0,1;1,-2;1,-1;
B 1 1 1 0 1 1 -2 2 320934 -2,-1;-2,0;-2,1;-2,2;-1,-2;-1,1;-1,2;0,-2;0,-1;0,1;0,2;1,-2;1,-1;1,2;2,-2;2,-1;
B 1 1 1 0 1 1 -2 3 164227 -2,-1;-2,0;-2,1;-2,2;-2,3;-1,-2;-1,1;-1,2;-1,3;0,-2;0,-1;0,1;0,2;0,3;1,-2;1,-1;1,2;1,3;2,-2;2,-1;3,-2;3,-1;3,2;
B 1 1 1 0 1 1 -1 1 256228 -1,0;-1,1;0,-1;0,1;1,-1;
B 1 1 1 0 1 1 -1 2 36022 -1,1;-1,2;0,-1;0,1;0,2;1,-1;1,2;2,-1;
B 1 1 1 0 1 1 -1 3 42173 -1,1;-1,2;-1,3;0,-1;0,1;0,2;0,3;1,-1;1,2;1,3;2,-1;3,-1;3,2;
B 1 1 1 0 1 2 -2 2 353351 -2,-1;-2,0;-2,1;-2,2;-1,-2;-1,0;-1,1;-1,2;0,-2;0,-1;0,1;0,2;1,-2;1,-1;2,-2;2,-1;2,1;
B 1 1 1 0 1 2 -2 3 139581 -2,-1;-2,0;-2,1;-2,2;-2,3;-1,-2;-1,0;-1,1;-1,2;-1,3;0,-2;0,-1;0,1;0,2;0,3;1,-2;1,-1;1,3;2,-2;2,-1;2,1;2,3;3,-2;3,-1;3,1;
B 1 1 1 0 1 2 -2 4 170304 -2,-1;-2,1;-2,2;-2,3;-2,4;-1,-2;-1,0;-1,1;-1,2;-1,3;-1,4;0,-2;0,-1;0,1;0,2;0,3;0,4;1,-2;1,-1;1,3;1,4;2,-2;2,-1;2,1;2,3;2,4;3,-2;3,-1;3,1;3,4;4,-2;4,-1;4,1;4,3;
B 1 1 1 0 1 3 -2 3 132367 -2,-1;-2,0;-2,1;-2,2;-2,3;-1,-2;-1,0;-1,1;-1,2;-1,3;0,-2;0,-1;0,1;0,2;0,3;1,-2;1,-1;1,2;2,-2;2,-1;2,1;3,-2;3,-1;3,1;3,2;
B 1 1 1 0 1 3 -2 4 85060 -2,-1;-2,0;-2,1;-2,2;-2,3;-2,4;-1,-2;-1,0;-1,1;-1,2;-1,3;-1,4;0,-2;0,-1;0,1;0,2;0,3;0,4;1,-2;1,-1;1,2;1,4;2,-2;2,-1;2,1;2,4;3,-2;3,-1;3,1;3,2;3,4;4,-2;4,-1;4,1;4,2;
B 1 1 1 0 1 3 -2 5 104164 -2,-1;-2,0;-2,1;-2,2;-2,3;-2,4;-2,5;-1,-2;-1,0;-1,1;-1,2;-1,3;-1,4;-1,5;0,-2;0,-1;0,1;0,2;0,3;0,4;0,5;1,-2;1,-1;1,2;1,4;1,5;2,-2;2,-1;2,1;2,4;2,5;3,-2;3,-1;3,1;3,2;3,4;3,5;4,-2;4,-1;4,1;4,2;4,5;5,-2;5,-1;5,1;5,2;5,4;
B 1 1 1 1 0 1 0 1 391808 0,1;
B 1 1 1 1 0 1 0 2 8101 0,1;0,2;1,2;
B 1 1 1 1 0 2 -1 2 126178 -1,0;-1,1;-1,2;0,-1;0,1;0,2;1,-1;1,2;2,-1;2,1;
B 1 1 1 1 0 2 -1 3 21864 -1,0;-1,1;-1,2;-1,3;0,-1;0,1;0,2;0,3;1,-1;1,3;2,-1;2,1;2,3;3,-1;3,1;
B 1 1 1 1 0 3 -2 5 4990 -2,-1;-2,0;-2,1;-2,2;-2,3;-2,4;-2,5;-1,-2;-1,0;-1,1;-1,2;-1,3;-1,4;-1,5;0,-2;0,-1;0,1;0,2;0,3;0,4;0,5;1,-2;1,-1;1,2;1,3;1,4;1,5;2,-2;2,-1;2,1;2,3;2,4;2,5;3,-2;3,-1;3,1;3,2;3,4;3,5;4,-2;4,-1;4,1;4,2;4,5;5,-2;5,-1;5,1;5,2;5,4;
B 1 1 1 1 0 3 -1 3 126178 -1,0;-1,1;-1,2;-1,3;0,-1;0,1;0,2;0,3;1,-1;1,2;1,3;2,-1;2,1;2,3;3,-1;3,1;3,2;
B 1 1 1 1 0 3 -1 5 3111 -1,1;-1,2;-1,3;-1,4;-1,5;0,-1;0,1;0,2;0,3;0,4;0,5;1,-1;1,2;1,3;1,4;1,5;2,-1;2,1;2,3;2,4;2,5;3,-1;3,1;3,2;3,4;3,5;4,-1;4,1;4,2;4,5;5,-1;5,1;5,2;5,4;
B 1 1 1 1 1 1 0 1 181642 0,1;
B 1 1 1 1 1 1 0 2 58271 0,1;0,2;1,2;
B 1 1 1 1 1 1 0 3 11005 0,1;0,2;0,3;1,2;1,3;3,2;
B 1 1 1 1 1 2 -1 2 35387 -1,0;-1,1;-1,2;0,-1;0,1;0,2;1,-1;2,-1;2,1;
B 1 1 1 1 1 2 -1 3 61843 -1,0;-1,1;-1,2;-1,3;0,-1;0,1;0,2;0,3;1,-1;1,3;2,-1;2,1;2,3;3,-1;3,1;
B 1 1 1 1 1 2 -1 4 11005 -1,1;-1,2;-1,3;-1,4;0,-1;0,1;0,2;0,3;0,4;1,-1;1,3;1,4;2,-1;2,1;2,3;2,4;3,-1;3,1;3,4;4,-1;4,1;4,3;
B 1 1 1 1 1 3 -2 5 34558 -2,-1;-2,0;-2,1;-2,2;-2,3;-2,4;-2,5;-1,-2;-1,0;-1,1;-1,2;-1,3;-1,4;-1,5;0,-2;0,-1;0,1;0,2;0,3;0,4;0,5;1,-2;1,-1;1,2;1,4;1,5;2,-2;2,-1;2,1;2,4;2,5;3,-2;3,-1;3,1;3,2;3,4;3,5;4,-2;4,-1;4,1;4,2;4,5;5,-2;5,-1;5,1;5,2;5,4;
B 1 1 1 1 1 3 -1 3 35387 -1,0;-1,1;-1,2;-1,3;0,-1;0,1;0,2;0,3;1,-1;1,2;2,-1;2,1;3,-1;3,1;3,2;
B 1 1 1 1 1 3 -1 5 23713 -1,1;-1,2;-1,3;-1,4;-1,5;0,-1;0,1;0,2;0,3;0,4;0,5;1,-1;1,2;1,4;1,5;2,-1;2,1;2,4;2,5;3,-1;3,1;3,2;3,4;3,5;4,-1;4,1;4,2;4,5;5,-1;5,1;5,2;5,4;
B 1 1 1 2 0 1 0 1 374781 0,1;
B 1 1 1 2 0 1 0 2 5026 0,1;0,2;1,2;
B 1 1 1 2 0 2 0 2 188488 0,1;0,2;1,2;2,1;
B 1 1 1 2 0 2 0 4 5026 0,1;0,2;0,3;0,4;1,3;1,4;2,1;2,3;2,4;3,1;3,4;4,1;4,3;
B 1 1 1 2 0 3 -1 3 60916 -1,0;-1,1;-1,2;-1,3;0,-1;0,1;0,2;0,3;1,-1;1,2;1,3;2,-1;2,1;2,3;3,-1;3,1;3,2;
B 1 1 1 2 0 3 0 4 28957 0,1;0,2;0,3;0,4;1,2;1,3;1,4;2,1;2,3;2,4;3,1;3,2;3,4;4,1;4,2;
B 1 1 1 2 1 1 0 1 103266 0,1;
B 1 1 1 2 1 1 0 2 17630 0,1;0,2;1,2;
B 1 1 1 2 1 2 0 2 60670 0,1;0,2;2,1;
B 1 1 1 2 1 2 0 4 17630 0,1;0,2;0,3;0,4;1,3;1,4;2,1;2,3;2,4;3,1;3,4;4,1;4,3;
B 1 1 1 2 1 3 -1 3 28141 -1,0;-1,1;-1,2;-1,3;0,-1;0,1;0,2;0,3;1,-1;1,2;2,-1;2,1;3,-1;3,1;3,2;
B 1 1 1 2 1 3 0 4 22030 0,1;0,2;0,3;0,4;1,2;1,4;2,1;2,4;3,1;3,2;3,4;4,1;4,2;
B 1 2 1 0 0 1 -2 1 43329 -2,-1;-2,0;-2,1;-1,-2;-1,0;-1,1;0,-2;0,-1;0,1;
B 1 2 1 0 0 1 -2 2 150294 -2,-1;-2,0;-2,1;-2,2;-1,-2;-1,0;-1,1;-1,2;0,-2;0,-1;0,1;0,2;1,2;2,-2;2,-1;2,1;
B 1 2 1 0 0 1 -2 3 301459 -2,-1;-2,0;-2,1;-2,2;-2,3;-1,-2;-1,0;-1,1;-1,2;-1,3;0,-2;0,-1;0,1;0,2;0,3;1,2;1,3;2,-2;2,-1;2,1;2,3;3,-2;3,-1;3,1;3,2;
B 1 2 1 0 0 1 -1 1 65678 -1,0;-1,1;0,-1;0,1;
B 1 2 1 0 0 1 -1 2 13364 -1,0;-1,1;-1,2;0,-1;0,1;0,2;1,2;2,-1;2,1;
B 1 2 1 0 0 1 -1 3 150294 -1,0;-1,1;-1,2;-1,3;0,-1;0,1;0,2;0,3;1,2;1,3;2,-1;2,1;2,3;3,-1;3,1;3,2;
B 1 2 1 0 0 2 -2 2 29137 -2,-1;-2,0;-2,1;-2,2;-1,-2;-1,1;-1,2;0,-2;0,-1;0,1;0,2;1,-2;1,-1;1,2;
B 1 2 1 0 0 2 -2 3 43329 -2,-1;-2,0;-2,1;-2,2;-2,3;-1,-2;-1,1;-1,2;-1,3;0,-2;0,-1;0,1;0,2;0,3;1,-2;1,-1;1,2;1,3;3,-2;3,-1;3,1;3,2;
B 1 2 1 0 0 2 -2 4 170194 -2,-1;-2,0;-2,1;-2,2;-2,3;-2,4;-1,-2;-1,1;-1,2;-1,3;-1,4;0,-2;0,-1;0,1;0,2;0,3;0,4;1,-2;1,-1;1,2;1,3;1,4;2,4;3,-2;3,-1;3,1;3,2;3,4;4,-2;4,-1;4,1;4,2;4,3;
B 1 2 1 0 0 3 -2 4 17311 -2,-1;-2,0;-2,1;-2,2;-2,3;-2,4;-1,-2;-1,0;-1,1;-1,2;-1,3;-1,4;0,-2;0,-1;0,1;0,2;0,3;0,4;1,-2;1,-1;1,3;1,4;2,-2;2,-1;2,1;2,3;2,4;4,-2;4,-1;4,1;4,2;4,3;
B 1 2 1 0 0 3 -2 5 32594 -2,-1;-2,0;-2,1;-2,2;-2,3;-2,4;-2,5;-1,-2;-1,0;-1,1;-1,2;-1,3;-1,4;-1,5;0,-2;0,-1;0,1;0,2;0,3;0,4;0,5;1,-2;1,-1;1,3;1,4;1,5;2,-2;2,-1;2,1;2,3;2,4;2,5;3,4;3,5;4,-2;4,-1;4,1;4,2;4,3;4,5;5,-2;5,-1;5,1;5,2;5,3;5,4;
B 1 2 1 1 0 1 0 1 99494 0,1;
B 1 2 1 1 0 1 0 2 36541 0,1;0,2;1,2;2,1;
B 1 2 1 1 0 1 0 3 43329 0,1;0,2;0,3;1,2;1,3;2,1;2,3;3,1;3,2;
B 1 2 1 1 0 2 -1 3 58618 -1,1;-1,2;-1,3;0,-1;0,1;0,2;0,3;1,-1;1,2;1,3;3,-1;3,1;3,2;
B 1 2 1 1 0 2 -1 4 43329 -1,1;-1,2;-1,3;-1,4;0,-1;0,1;0,2;0,3;0,4;1,-1;1,2;1,3;1,4;2,4;3,-1;3,1;3,2;3,4;4,-1;4,1;4,2;4,3;
B 1 2 1 1 0 3 -2 5 19230 -2,-1;-2,0;-2,1;-2,2;-2,3;-2,4;-2,5;-1,-2;-1,0;-1,1;-1,2;-1,3;-1,4;-1,5;0,-2;0,-1;0,1;0,2;0,3;0,4;0,5;1,-2;1,-1;1,3;1,4;1,5;2,-2;2,-1;2,1;2,3;2,4;2,5;3,4;3,5;4,-2;4,-1;4,1;4,2;4,3;4,5;5,-2;5,-1;5,1;5,2;5,3;5,4;
B 1 2 1 1 0 3 -1 5 17311 -1,1;-1,2;-1,3;-1,4;-1,5;0,-1;0,1;0,2;0,3;0,4;0,5;1,-1;1,3;1,4;1,5;2,-1;2,1;2,3;2,4;2,5;3,4;3,5;4,-1;4,1;4,2;4,3;4,5;5,-1;5,1;5,2;5,3;5,4;
B 1 2 1 2 0 1 0 1 50142 0,1;
B 1 2 1 2 0 1 0 2 29137 0,1;0,2;1,2;2,1;
B 1 2 1 2 0 2 0 2 18032 0,1;0,2;1,2;
B 1 2 1 2 0 2 0 4 29137 0,1;0,2;0,3;0,4;1,2;1,3;1,4;2,4;3,1;3,2;3,4;4,1;4,2;4,3;
B 1 2 1 2 0 3 -1 3 9016 -1,0;-1,1;-1,2;-1,3;0,-1;0,1;0,2;0,3;1,-1;1,3;2,-1;2,1;2,3;
B 1 2 1 2 0 3 0 4 9016 0,1;0,2;0,3;0,4;1,3;1,4;2,1;2,3;2,4;3,4;4,1;4,2;4,3;
B 1 3 1 0 0 1 -2 1 65623 -2,-1;-2,0;-2,1;-1,-2;-1,0;-1,1;0,-2;0,-1;0,1;
B 1 3 1 0 0 1 -1 1 30477 -1,0;-1,1;0,-1;0,1;
B 1 3 1 0 0 1 -1 2 38 -1,1;-1,2;0,-1;0,1;0,2;1,2;
B 1 3 1 0 0 2 -2 2 71892 -2,-1;-2,0;-2,1;-2,2;-1,-2;-1,1;-1,2;0,-2;0,-1;0,1;0,2;1,-2;1,-1;1,2;
B 1 3 1 0 0 3 -2 3 22296 -2,-1;-2,0;-2,1;-2,2;-2,3;-1,-2;-1,0;-1,1;-1,2;-1,3;0,-2;0,-1;0,1;0,2;0,3;1,-2;1,-1;1,3;2,-2;2,-1;2,1;2,3;
B 1 3 1 0 0 3 -2 4 1770 -2,-1;-2,1;-2,2;-2,3;-2,4;-1,-2;-1,0;-1,1;-1,2;-1,3;-1,4;0,-2;0,-1;0,1;0,2;0,3;0,4;1,-2;1,-1;1,3;1,4;2,-2;2,-1;2,1;2,3;2,4;3,4;
B 1 3 1 0 0 3 -2 5 180 -2,-1;-2,1;-2,2;-2,3;-2,4;-2,5;-1,-2;-1,3;-1,4;-1,5;0,-2;0,-1;0,1;0,2;0,3;0,4;0,5;1,-2;1,-1;1,3;1,4;1,5;2,-2;2,-1;2,1;2,3;2,4;2,5;3,4;3,5;5,4;
B 1 3 1 0 1 1 -2 1 92201 -2,-1;-2,0;-2,1;-1,-2;-1,0;-1,1;0,-2;0,-1;0,1;
B 1 3 1 0 1 1 -2 2 6055 -2,-1;-2,0;-2,1;-2,2;-1,-2;-1,1;-1,2;0,-2;0,-1;0,1;0,2;1,2;
B 1 3 1 0 1 1 -2 3 733 -2,-1;-2,0;-2,1;-2,2;-2,3;-1,-2;-1,1;-1,2;-1,3;0,-2;0,-1;0,1;0,2;0,3;1,2;1,3;3,2;
B 1 3 1 0 1 1 -1 3 443 -1,1;-1,2;-1,3;0,-1;0,1;0,2;0,3;1,2;1,3;3,2;
B 1 3 1 1 0 1 0 1 29446 0,1;
B 1 3 1 1 0 1 0 2 18 0,1;0,2;1,2;
B 1 3 1 1 0 2 -1 2 8653 -1,1;-1,2;0,-1;0,1;0,2;1,-1;1,2;
B 1 3 1 1 0 3 -2 5 8 -2,-1;-2,1;-2,2;-2,3;-2,4;-2,5;-1,-2;-1,3;-1,4;-1,5;0,-2;0,-1;0,1;0,2;0,3;0,4;0,5;1,-2;1,-1;1,3;1,4;1,5;2,-2;2,-1;2,1;2,3;2,4;2,5;3,4;3,5;5,4;
B 1 3 1 1 0 3 -1 3 8653 -1,0;-1,1;-1,2;-1,3;0,-1;0,1;0,2;0,3;1,-1;1,3;2,-1;2,1;2,3;
B 1 3 1 1 0 3 -1 5 10 -1,3;-1,4;-1,5;0,-1;0,1;0,2;0,3;0,4;0,5;1,-1;1,3;1,4;1,5;2,-1;2,1;2,3;2,4;2,5;3,4;3,5;5,4;
B 1 3 1 2 0 1 0 1 26284 0,1;
B 1 3 1 2 0 2 0 2 11957 0,1;0,2;1,2;
B 1 3 1 2 0 3 -1 3 401 -1,0;-1,1;-1,2;-1,3;0,-1;0,1;0,2;0,3;1,-1;1,3;2,-1;2,1;2,3;
B 1 3 1 2 0 3 0 4 59 0,1;0,2;0,3;0,4;1,3;1,4;2,1;2,3;2,4;3,4;
B 2 0 0 0 0 1 -2 1 59637 -2,-1;-2,0;-2,1;-1,-2;-1,0;-1,1;1,-2;1,-1;1,0;
B 2 0 0 0 0 1 -2 2 367953 -2,-1;-2,0;-2,1;-2,2;-1,-2;-1,0;-1,1;-1,2;0,2;1,-2;1,-1;1,0;1,2;2,-2;2,-1;2,0;2,1;
B 2 0 0 0 0 1 -2 3 956967 -2,-1;-2,0;-2,1;-2,2;-2,3;-1,-2;-1,0;-1,1;-1,2;-1,3;0,2;0,3;1,-2;1,-1;1,0;1,2;1,3;2,-2;2,-1;2,0;2,1;2,3;3,-2;3,-1;3,0;3,1;3,2;
B 2 0 0 0 0 1 -1 1 362561 -1,0;-1,1;1,-1;1,0;
B 2 0 0 0 0 1 -1 2 209264 -1,0;-1,1;-1,2;0,2;1,-1;1,0;1,2;2,-1;2,0;2,1;
B 2 0 0 0 0 1 -1 3 840195 -1,0;-1,1;-1,2;-1,3;0,2;0,3;1,-1;1,0;1,2;1,3;2,-1;2,0;2,1;2,3;3,-1;3,0;3,1;3,2;
B 2 0 0 0 0 2 -2 2 104213 -2,-1;-2,0;-2,1;-2,2;-1,-2;-1,0;-1,1;-1,2;0,1;1,-2;1,-1;1,0;1,2;2,-2;2,-1;2,0;2,1;
B 2 0 0 0 0 2 -2 3 59637 -2,-1;-2,0;-2,1;-2,2;-2,3;-1,-2;-1,0;-1,1;-1,2;-1,3;0,1;1,-2;1,-1;1,0;1,2;1,3;2,-2;2,-1;2,0;2,1;3,-2;3,-1;3,0;3,1;3,2;
B 2 0 0 0 0 2 -2 4 753193 -2,-1;-2,0;-2,1;-2,2;-2,3;-2,4;-1,-2;-1,0;-1,1;-1,2;-1,3;-1,4;0,1;0,3;0,4;1,-2;1,-1;1,0;1,2;1,3;1,4;2,-2;2,-1;2,0;2,1;2,3;2,4;3,-2;3,-1;3,0;3,1;3,2;3,4;4,-2;4,-1;4,0;4,1;4,2;4,3;
B 2 0 0 0 0 3 -2 4 102895 -2,-1;-2,0;-2,1;-2,2;-2,3;-2,4;-1,-2;-1,0;-1,1;-1,2;-1,3;-1,4;0,1;0,2;1,-2;1,-1;1,0;1,2;1,3;1,4;2,-2;2,-1;2,0;2,1;2,3;2,4;3,-2;3,-1;3,0;3,1;3,2;4,-2;4,-1;4,0;4,1;4,2;4,3;
B 2 0 0 0 0 3 -2 5 364717 -2,-1;-2,0;-2,1;-2,2;-2,3;-2,4;-2,5;-1,-2;-1,0;-1,1;-1,2;-1,3;-1,4;-1,5;0,1;0,2;0,4;0,5;1,-2;1,-1;1,0;1,2;1,3;1,4;1,5;2,-2;2,-1;2,0;2,1;2,3;2,4;2,5;3,-2;3,-1;3,0;3,1;3,2;3,4;3,5;4,-2;4,-1;4,0;4,1;4,2;4,3;4,5;5,-2;5,-1;5,0;5,1;5,2;5,3;5,4;
B 2 0 0 1 0 1 0 1 665344 1,0;
B 2 0 0 1 0 1 0 2 591252 0,2;1,0;1,2;2,0;2,1;
B 2 0 0 1 0 1 0 3 890731 0,2;0,3;1,0;1,2;1,3;2,0;2,1;2,3;3,0;3,1;3,2;
B 2 0 0 1 0 2 -1 3 369746 -1,0;-1,1;-1,2;-1,3;0,1;0,3;1,-1;1,0;1,2;1,3;2,-1;2,0;2,1;2,3;3,-1;3,0;3,1;3,2;
B 2 0 0 1 0 2 -1 4 357607 -1,0;-1,1;-1,2;-1,3;-1,4;0,1;0,3;0,4;1,-1;1,0;1,2;1,3;1,4;2,-1;2,0;2,1;2,3;2,4;3,-1;3,0;3,1;3,2;3,4;4,-1;4,0;4,1;4,2;4,3;
B 2 0 0 1 0 3 -2 5 256576 -2,-1;-2,0;-2,1;-2,2;-2,3;-2,4;-2,5;-1,-2;-1,0;-1,1;-1,2;-1,3;-1,4;-1,5;0,1;0,2;0,4;0,5;1,-2;1,-1;1,0;1,2;1,3;1,4;1,5;2,-2;2,-1;2,0;2,1;2,3;2,4;2,5;3,-2;3,-1;3,0;3,1;3,2;3,4;3,5;4,-2;4,-1;4,0;4,1;4,2;4,3;4,5;5,-2;5,-1;5,0;5,1;5,2;5,3;5,4;
B 2 0 0 1 0 3 -1 5 334676 -1,0;-1,1;-1,2;-1,3;-1,4;-1,5;0,1;0,2;0,4;0,5;1,-1;1,0;1,2;1,3;1,4;1,5;2,-1;2,0;2,1;2,3;2,4;2,5;3,-1;3,0;3,1;3,2;3,4;3,5;4,-1;4,0;4,1;4,2;4,3;4,5;5,-1;5,0;5,1;5,2;5,3;5,4;
B 2 0 0 2 0 1 0 1 2137131 1,0;
B 2 0 0 2 0 1 0 2 751463 0,2;1,0;1,2;2,0;2,1;
B 2 0 0 2 0 1 0 3 1000176 0,2;0,3;1,0;1,2;1,3;2,0;2,1;2,3;3,0;3,1;3,2;
B 2 0 0 2 0 2 0 2 587210 0,1;1,0;1,2;2,0;2,1;
B 2 0 0 2 0 2 0 3 378679 0,1;0,3;1,0;1,2;1,3;2,0;2,1;2,3;3,0;3,1;3,2;
B 2 0 0 2 0 2 0 4 1257995 0,1;0,3;0,4;1,0;1,2;1,3;1,4;2,0;2,1;2,3;2,4;3,0;3,1;3,2;3,4;4,0;4,1;4,2;4,3;
B 2 0 0 2 0 3 -1 3 152754 -1,0;-1,1;-1,2;-1,3;0,1;0,2;1,-1;1,0;1,2;1,3;2,-1;2,0;2,1;2,3;3,-1;3,0;3,1;3,2;
B 2 0 0 2 0 3 0 4 628989 0,1;0,2;0,4;1,0;1,2;1,3;1,4;2,0;2,1;2,3;2,4;3,0;3,1;3,2;3,4;4,0;4,1;4,2;4,3;
B 2 0 0 2 0 3 0 5 493644 0,1;0,2;0,4;0,5;1,0;1,2;1,3;1,4;1,5;2,0;2,1;2,3;2,4;2,5;3,0;3,1;3,2;3,4;3,5;4,0;4,1;4,2;4,3;4,5;5,0;5,1;5,2;5,3;5,4;
B 2 0 1 0 0 1 -2 1 532 -2,0;-2,1;-1,-2;-1,0;-1,1;0,1;
B 2 0 1 0 0 1 -2 2 1402 -2,0;-2,1;-2,2;-1,-2;-1,0;-1,1;-1,2;0,1;0,2;2,-2;2,-1;2,0;2,1;
B 2 0 1 0 0 1 -1 1 19176 -1,0;-1,1;0,1;
B 2 0 1 0 0 1 -1 2 10611 -1,0;-1,1;-1,2;0,1;0,2;2,-1;2,0;2,1;
B 2 0 1 0 0 1 -1 3 13914 -1,0;-1,1;-1,2;-1,3;0,1;0,2;0,3;1,3;2,-1;2,0;2,1;2,3;3,-1;3,0;3,1;3,2;
B 2 0 1 0 0 2 -2 2 9562 -2,-1;-2,0;-2,1;-2,2;-1,-2;-1,0;-1,1;-1,2;0,1;0,2;1,-2;1,-1;1,0;1,2;2,1;
B 2 0 1 0 0 2 -2 3 532 -2,0;-2,1;-2,2;-2,3;-1,-2;-1,0;-1,1;-1,2;-1,3;0,1;0,2;2,1;3,-2;3,-1;3,0;3,1;3,2;
B 2 0 1 0 0 2 -2 4 15316 -2,0;-2,1;-2,2;-2,3;-2,4;-1,-2;-1,0;-1,1;-1,2;-1,3;-1,4;0,1;0,2;0,3;0,4;1,3;2,1;2,3;3,-2;3,-1;3,0;3,1;3,2;3,4;4,-2;4,-1;4,0;4,1;4,2;4,3;
B 2 0 1 0 0 3 -2 4 3783 -2,-1;-2,0;-2,1;-2,2;-2,3;-2,4;-1,-2;-1,0;-1,1;-1,2;-1,3;-1,4;0,1;0,2;0,3;0,4;1,-2;1,-1;1,0;1,2;1,3;1,4;2,-2;2,-1;2,0;2,1;2,3;2,4;3,1;3,2;4,-2;4,-1;4,0;4,1;4,2;4,3;
B 2 0 1 0 0 3 -2 5 16442 -2,-1;-2,0;-2,1;-2,2;-2,3;-2,4;-2,5;-1,-2;-1,0;-1,1;-1,2;-1,3;-1,4;-1,5;0,1;0,2;0,3;0,4;0,5;1,-2;1,-1;1,0;1,2;1,3;1,4;1,5;2,-2;2,-1;2,0;2,1;2,3;2,4;2,5;3,1;3,2;3,4;3,5;4,-2;4,-1;4,0;4,1;4,2;4,3;4,5;5,-2;5,-1;5,0;5,1;5,2;5,3;5,4;
B 2 0 1 1 0 1 0 1 123199 0,1;
B 2 0 1 1 0 1 0 2 84549 0,1;0,2;1,2;2,0;2,1;
B 2 0 1 1 0 1 0 3 51900 0,1;0,2;0,3;1,2;1,3;2,0;2,1;2,3;3,0;3,1;3,2;
B 2 0 1 1 0 2 -1 3 59430 -1,0;-1,1;-1,2;-1,3;0,1;0,2;0,3;1,-1;1,0;1,2;1,3;2,1;2,3;3,-1;3,0;3,1;3,2;
B 2 0 1 1 0 2 -1 4 51900 -1,0;-1,1;-1,2;-1,3;-1,4;0,1;0,2;0,3;0,4;1,3;1,4;2,1;2,3;2,4;3,-1;3,0;3,1;3,2;3,4;4,-1;4,0;4,1;4,2;4,3;
B 2 0 1 1 0 3 -2 5 20774 -2,-1;-2,0;-2,1;-2,2;-2,3;-2,4;-2,5;-1,-2;-1,0;-1,1;-1,2;-1,3;-1,4;-1,5;0,1;0,2;0,3;0,4;0,5;1,-2;1,-1;1,0;1,2;1,3;1,4;1,5;2,-2;2,-1;2,0;2,1;2,3;2,4;2,5;3,1;3,2;3,4;3,5;4,-2;4,-1;4,0;4,1;4,2;4,3;4,5;5,-2;5,-1;5,0;5,1;5,2;5,3;5,4;
B 2 0 1 1 0 3 -1 5 63775 -1,0;-1,1;-1,2;-1,3;-1,4;-1,5;0,1;0,2;0,3;0,4;0,5;1,-1;1,0;1,2;1,3;1,4;1,5;2,-1;2,0;2,1;2,3;2,4;2,5;3,1;3,2;3,4;3,5;4,-1;4,0;4,1;4,2;4,3;4,5;5,-1;5,0;5,1;5,2;5,3;5,4;
B 2 0 1 2 0 1 0 1 1734695 0,1;
B 2 0 1 2 0 1 0 2 401156 0,1;0,2;1,2;2,0;2,1;
B 2 0 1 2 0 1 0 3 401820 0,1;0,2;0,3;1,2;1,3;2,0;2,1;2,3;3,0;3,1;3,2;
B 2 0 1 2 0 2 0 2 464220 0,1;0,2;1,0;1,2;2,1;
B 2 0 1 2 0 2 0 3 365228 0,1;0,2;0,3;1,0;1,2;1,3;2,1;2,3;3,0;3,1;3,2;
B 2 0 1 2 0 2 0 4 558619 0,1;0,2;0,3;0,4;1,0;1,2;1,3;1,4;2,1;2,3;2,4;3,0;3,1;3,2;3,4;4,0;4,1;4,2;4,3;
B 2 0 1 2 0 3 -1 3 44019 -1,0;-1,1;-1,2;-1,3;0,1;0,2;0,3;1,-1;1,0;1,2;1,3;2,-1;2,0;2,1;2,3;3,1;3,2;
B 2 0 1 2 0 3 0 4 482459 0,1;0,2;0,3;0,4;1,0;1,2;1,3;1,4;2,0;2,1;2,3;2,4;3,1;3,2;3,4;4,0;4,1;4,2;4,3;
B 2 0 1 2 0 3 0 5 244357 0,1;0,2;0,3;0,4;0,5;1,0;1,2;1,3;1,4;1,5;2,0;2,1;2,3;2,4;2,5;3,1;3,2;3,4;3,5;4,0;4,1;4,2;4,3;4,5;5,0;5,1;5,2;5,3;5,4;
B 2 1 0 0 0 1 -2 1 526432 -2,-1;-2,0;-2,1;-1,-2;-1,0;-1,1;1,-2;1,-1;1,0;
B 2 1 0 0 0 1 -2 2 245591 -2,-1;-2,0;-2,1;-2,2;-1,-2;-1,0;-1,1;-1,2;0,2;1,-2;1,-1;1,0;1,2;2,-2;2,-1;2,0;
B 2 1 0 0 0 1 -2 3 323547 -2,-1;-2,0;-2,1;-2,2;-2,3;-1,-2;-1,0;-1,1;-1,2;-1,3;0,2;0,3;1,-2;1,-1;1,0;1,2;1,3;2,-2;2,-1;2,0;2,3;3,-2;3,-1;3,0;3,2;
B 2 1 0 0 0 1 -1 1 505458 -1,0;-1,1;1,-1;1,0;
B 2 1 0 0 0 1 -1 2 65203 -1,0;-1,1;-1,2;0,2;1,-1;1,0;1,2;2,-1;2,0;
B 2 1 0 0 0 1 -1 3 245591 -1,0;-1,1;-1,2;-1,3;0,2;0,3;1,-1;1,0;1,2;1,3;2,-1;2,0;2,3;3,-1;3,0;3,2;
B 2 1 0 0 0 2 -2 2 487377 -2,-1;-2,0;-2,1;-2,2;-1,-2;-1,0;-1,1;-1,2;0,1;1,-2;1,-1;1,0;1,2;2,-2;2,-1;2,0;2,1;
B 2 1 0 0 0 2 -2 3 98527 -2,-1;-2,0;-2,1;-2,2;-2,3;-1,-2;-1,0;-1,1;-1,2;-1,3;0,1;0,3;1,-2;1,-1;1,0;1,2;1,3;2,-2;2,-1;2,0;2,1;2,3;3,-2;3,-1;3,0;3,1;
B 2 1 0 0 0 2 -2 4 335710 -2,-1;-2,0;-2,1;-2,2;-2,3;-2,4;-1,-2;-1,0;-1,1;-1,2;-1,3;-1,4;0,1;0,3;0,4;1,-2;1,-1;1,0;1,2;1,3;1,4;2,-2;2,-1;2,0;2,1;2,3;2,4;3,-2;3,-1;3,0;3,1;3,4;4,-2;4,-1;4,0;4,1;4,3;
B 2 1 0 0 0 3 -2 3 160091 -2,-1;-2,0;-2,1;-2,2;-2,3;-1,-2;-1,0;-1,1;-1,2;-1,3;0,1;0,2;1,-2;1,-1;1,0;1,2;1,3;2,-2;2,-1;2,0;2,1;2,3;3,-2;3,-1;3,0;3,1;3,2;
B 2 1 0 0 0 3 -2 4 96097 -2,-1;-2,0;-2,1;-2,2;-2,3;-2,4;-1,-2;-1,0;-1,1;-1,2;-1,3;-1,4;0,1;0,2;0,4;1,-2;1,-1;1,0;1,2;1,3;1,4;2,-2;2,-1;2,0;2,1;2,3;2,4;3,-2;3,-1;3,0;3,1;3,2;3,4;4,-2;4,-1;4,0;4,1;4,2;
B 2 1 0 0 0 3 -2 5 134390 -2,-1;-2,0;-2,1;-2,2;-2,3;-2,4;-2,5;-1,-2;-1,0;-1,1;-1,2;-1,3;-1,4;-1,5;0,1;0,2;0,4;0,5;1,-2;1,-1;1,0;1,2;1,3;1,4;1,5;2,-2;2,-1;2,0;2,1;2,3;2,4;2,5;3,-2;3,-1;3,0;3,1;3,2;3,4;3,5;4,-2;4,-1;4,0;4,1;4,2;4,5;5,-2;5,-1;5,0;5,1;5,2;5,4;
B 2 1 0 1 0 1 0 1 1105217 1,0;
B 2 1 0 1 0 1 0 2 165284 0,2;1,0;1,2;2,0;
B 2 1 0 1 0 1 0 3 219138 0,2;0,3;1,0;1,2;1,3;2,0;2,3;3,0;3,2;
B 2 1 0 1 0 2 -1 2 275056 -1,0;-1,1;-1,2;0,1;1,-1;1,0;1,2;2,-1;2,0;2,1;
B 2 1 0 1 0 2 -1 3 258056 -1,0;-1,1;-1,2;-1,3;0,1;0,3;1,-1;1,0;1,2;1,3;2,-1;2,0;2,1;2,3;3,-1;3,0;3,1;
B 2 1 0 1 0 2 -1 4 98527 -1,0;-1,1;-1,2;-1,3;-1,4;0,1;0,3;0,4;1,-1;1,0;1,2;1,3;1,4;2,-1;2,0;2,1;2,3;2,4;3,-1;3,0;3,1;3,4;4,-1;4,0;4,1;4,3;
B 2 1 0 1 0 3 -2 5 69187 -2,-1;-2,0;-2,1;-2,2;-2,3;-2,4;-2,5;-1,-2;-1,0;-1,1;-1,2;-1,3;-1,4;-1,5;0,1;0,2;0,4;0,5;1,-2;1,-1;1,0;1,2;1,3;1,4;1,5;2,-2;2,-1;2,0;2,1;2,3;2,4;2,5;3,-2;3,-1;3,0;3,1;3,2;3,4;3,5;4,-2;4,-1;4,0;4,1;4,2;4,5;5,-2;5,-1;5,0;5,1;5,2;5,4;
B 2 1 0 1 0 3 -1 3 275056 -1,0;-1,1;-1,2;-1,3;0,1;0,2;1,-1;1,0;1,2;1,3;2,-1;2,0;2,1;2,3;3,-1;3,0;3,1;3,2;
B 2 1 0 1 0 3 -1 5 96097 -1,0;-1,1;-1,2;-1,3;-1,4;-1,5;0,1;0,2;0,4;0,5;1,-1;1,0;1,2;1,3;1,4;1,5;2,-1;2,0;2,1;2,3;2,4;2,5;3,-1;3,0;3,1;3,2;3,4;3,5;4,-1;4,0;4,1;4,2;4,5;5,-1;5,0;5,1;5,2;5,4;
B 2 1 0 2 0 1 0 1 3640273 1,0;
B 2 1 0 2 0 1 0 2 340174 0,2;1,0;1,2;2,0;
B 2 1 0 2 0 1 0 3 307294 0,2;0,3;1,0;1,2;1,3;2,0;2,3;3,0;3,2;
B 2 1 0 2 0 2 0 2 1301516 0,1;1,0;1,2;2,0;2,1;
B 2 1 0 2 0 2 0 3 275056 0,1;0,3;1,0;1,2;1,3;2,0;2,1;2,3;3,0;3,1;
B 2 1 0 2 0 2 0 4 487377 0,1;0,3;0,4;1,0;1,2;1,3;1,4;2,0;2,1;2,3;2,4;3,0;3,1;3,4;4,0;4,1;4,3;
B 2 1 0 2 0 3 -1 3 181169 -1,0;-1,1;-1,2;-1,3;0,1;0,2;1,-1;1,0;1,2;1,3;2,-1;2,0;2,1;2,3;3,-1;3,0;3,1;3,2;
B 2 1 0 2 0 3 0 3 653735 0,1;0,2;1,0;1,2;1,3;2,0;2,1;2,3;3,0;3,1;3,2;
B 2 1 0 2 0 3 0 4 456225 0,1;0,2;0,4;1,0;1,2;1,3;1,4;2,0;2,1;2,3;2,4;3,0;3,1;3,2;3,4;4,0;4,1;4,2;
B 2 1 0 2 0 3 0 5 160091 0,1;0,2;0,4;0,5;1,0;1,2;1,3;1,4;1,5;2,0;2,1;2,3;2,4;2,5;3,0;3,1;3,2;3,4;3,5;4,0;4,1;4,2;4,5;5,0;5,1;5,2;5,4;
B 2 1 1 0 0 1 -2 1 1280 -2,0;-2,1;-1,-2;-1,0;-1,1;0,1;
B 2 1 1 0 0 1 -1 1 9428 -1,0;-1,1;0,1;
B 2 1 1 0 0 2 -2 2 8687 -2,-1;-2,0;-2,1;-2,2;-1,-2;-1,0;-1,1;-1,2;0,1;0,2;1,-2;1,-1;1,0;1,2;2,1;
B 2 1 1 0 0 3 -2 3 1280 -2,-1;-2,0;-2,1;-2,2;-2,3;-1,-2;-1,0;-1,1;-1,2;-1,3;0,1;0,2;0,3;1,-2;1,-1;1,0;1,2;1,3;2,-2;2,-1;2,0;2,1;2,3;3,1;3,2;
B 2 1 1 0 0 3 -2 4 551 -2,-1;-2,0;-2,1;-2,2;-2,3;-2,4;-1,-2;-1,0;-1,1;-1,2;-1,3;-1,4;0,1;0,2;0,3;0,4;1,-2;1,-1;1,0;1,2;1,3;1,4;2,-2;2,-1;2,0;2,1;2,3;2,4;3,1;3,2;3,4;4,1;4,2;
B 2 1 1 0 0 3 -2 5 190 -2,-1;-2,0;-2,1;-2,2;-2,3;-2,4;-2,5;-1,-2;-1,0;-1,1;-1,2;-1,3;-1,4;-1,5;0,1;0,2;0,3;0,4;0,5;1,-2;1,-1;1,0;1,2;1,3;1,4;1,5;2,-2;2,-1;2,0;2,1;2,3;2,4;2,5;3,1;3,2;3,4;3,5;4,1;4,2;4,5;5,1;5,2;5,4;
B 2 1 1 1 0 1 0 1 48900 0,1;
B 2 1 1 1 0 1 0 2 741 0,1;0,2;1,2;
B 2 1 1 1 0 2 -1 2 28579 -1,0;-1,1;-1,2;0,1;0,2;1,-1;1,0;1,2;2,1;
B 2 1 1 1 0 2 -1 3 1778 -1,0;-1,1;-1,2;-1,3;0,1;0,2;0,3;1,-1;1,0;1,2;1,3;2,1;2,3;3,1;
B 2 1 1 1 0 3 -2 5 190 -2,-1;-2,0;-2,1;-2,2;-2,3;-2,4;-2,5;-1,-2;-1,0;-1,1;-1,2;-1,3;-1,4;-1,5;0,1;0,2;0,3;0,4;0,5;1,-2;1,-1;1,0;1,2;1,3;1,4;1,5;2,-2;2,-1;2,0;2,1;2,3;2,4;2,5;3,1;3,2;3,4;3,5;4,1;4,2;4,5;5,1;5,2;5,4;
B 2 1 1 1 0 3 -1 3 28579 -1,0;-1,1;-1,2;-1,3;0,1;0,2;0,3;1,-1;1,0;1,2;1,3;2,-1;2,0;2,1;2,3;3,1;3,2;
B 2 1 1 1 0 3 -1 5 551 -1,0;-1,1;-1,2;-1,3;-1,4;-1,5;0,1;0,2;0,3;0,4;0,5;1,-1;1,0;1,2;1,3;1,4;1,5;2,-1;2,0;2,1;2,3;2,4;2,5;3,1;3,2;3,4;3,5;4,1;4,2;4,5;5,1;5,2;5,4;
B 2 1 1 2 0 1 0 1 939488 0,1;
B 2 1 1 2 0 1 0 2 8687 0,1;0,2;1,2;
B 2 1 1 2 0 1 0 3 1280 0,1;0,2;0,3;1,2;1,3;3,2;
B 2 1 1 2 0 2 0 2 294638 0,1;0,2;1,0;1,2;2,1;
B 2 1 1 2 0 2 0 3 28579 0,1;0,2;0,3;1,0;1,2;1,3;2,1;2,3;3,1;
B 2 1 1 2 0 2 0 4 8687 0,1;0,2;0,3;0,4;1,0;1,2;1,3;1,4;2,1;2,3;2,4;3,1;3,4;4,1;4,3;
B 2 1 1 2 0 3 -1 3 9694 -1,0;-1,1;-1,2;-1,3;0,1;0,2;0,3;1,-1;1,0;1,2;1,3;2,-1;2,0;2,1;2,3;3,1;3,2;
B 2 1 1 2 0 3 0 3 462322 0,1;0,2;0,3;1,0;1,2;1,3;2,0;2,1;2,3;3,1;3,2;
B 2 1 1 2 0 3 0 4 38273 0,1;0,2;0,3;0,4;1,0;1,2;1,3;1,4;2,0;2,1;2,3;2,4;3,1;3,2;3,4;4,1;4,2;
B 2 1 1 2 0 3 0 5 1280 0,1;0,2;0,3;0,4;0,5;1,0;1,2;1,3;1,4;1,5;2,0;2,1;2,3;2,4;2,5;3,1;3,2;3,4;3,5;4,1;4,2;4,5;5,1;5,2;5,4;
B 2 2 1 0 0 1 -2 1 11005 -2,0;-2,1;-1,-2;-1,0;-1,1;0,1;
B 2 2 1 0 0 1 -2 2 42173 -2,0;-2,1;-2,2;-1,-2;-1,0;-1,1;-1,2;0,1;0,2;2,-2;2,-1;2,0;2,1;
B 2 2 1 0 0 1 -2 3 164227 -2,0;-2,1;-2,2;-2,3;-1,-2;-1,0;-1,1;-1,2;-1,3;0,1;0,2;0,3;1,3;2,-2;2,-1;2,0;2,1;2,3;3,-2;3,-1;3,0;3,1;3,2;
B 2 2 1 0 0 1 -1 1 89028 -1,0;-1,1;0,1;
B 2 2 1 0 0 1 -1 2 46976 -1,0;-1,1;-1,2;0,1;0,2;2,-1;2,0;2,1;
B 2 2 1 0 0 1 -1 3 320934 -1,0;-1,1;-1,2;-1,3;0,1;0,2;0,3;1,3;2,-1;2,0;2,1;2,3;3,-1;3,0;3,1;3,2;
B 2 2 1 0 0 2 -2 2 22656 -2,-1;-2,0;-2,1;-2,2;-1,-2;-1,0;-1,1;-1,2;0,2;1,-2;1,-1;1,0;1,2;
B 2 2 1 0 0 2 -2 3 11005 -2,-1;-2,0;-2,1;-2,2;-2,3;-1,-2;-1,0;-1,1;-1,2;-1,3;0,2;0,3;1,-2;1,-1;1,0;1,2;1,3;3,-2;3,-1;3,0;3,1;3,2;
B 2 2 1 0 0 2 -2 4 170304 -2,-1;-2,0;-2,1;-2,2;-2,3;-2,4;-1,-2;-1,0;-1,1;-1,2;-1,3;-1,4;0,2;0,3;0,4;1,-2;1,-1;1,0;1,2;1,3;1,4;2,3;3,-2;3,-1;3,0;3,1;3,2;3,4;4,-2;4,-1;4,0;4,1;4,2;4,3;
B 2 2 1 0 0 3 -2 4 26824 -2,-1;-2,0;-2,1;-2,2;-2,3;-2,4;-1,-2;-1,0;-1,1;-1,2;-1,3;-1,4;0,1;0,2;0,3;0,4;1,-2;1,-1;1,0;1,2;1,3;1,4;2,-2;2,-1;2,0;2,1;2,3;2,4;4,-2;4,-1;4,0;4,1;4,2;4,3;
B 2 2 1 0 0 3 -2 5 86524 -2,-1;-2,0;-2,1;-2,2;-2,3;-2,4;-2,5;-1,-2;-1,0;-1,1;-1,2;-1,3;-1,4;-1,5;0,1;0,2;0,3;0,4;0,5;1,-2;1,-1;1,0;1,2;1,3;1,4;1,5;2,-2;2,-1;2,0;2,1;2,3;2,4;2,5;3,4;3,5;4,-2;4,-1;4,0;4,1;4,2;4,3;4,5;5,-2;5,-1;5,0;5,1;5,2;5,3;5,4;
B 2 2 1 1 0 1 0 1 157726 0,1;
B 2 2 1 1 0 1 0 2 246728 0,1;0,2;1,2;2,0;2,1;
B 2 2 1 1 0 1 0 3 695060 0,1;0,2;0,3;1,2;1,3;2,0;2,1;2,3;3,0;3,1;3,2;
B 2 2 1 1 0 2 -1 3 83707 -1,0;-1,1;-1,2;-1,3;0,2;0,3;1,-1;1,0;1,2;1,3;2,3;3,-1;3,0;3,1;3,2;
B 2 2 1 1 0 2 -1 4 139581 -1,0;-1,1;-1,2;-1,3;-1,4;0,2;0,3;0,4;1,-1;1,0;1,2;1,3;1,4;2,3;2,4;3,-1;3,0;3,1;3,2;3,4;4,-1;4,0;4,1;4,2;4,3;
B 2 2 1 1 0 3 -2 5 94161 -2,-1;-2,0;-2,1;-2,2;-2,3;-2,4;-2,5;-1,-2;-1,0;-1,1;-1,2;-1,3;-1,4;-1,5;0,1;0,2;0,3;0,4;0,5;1,-2;1,-1;1,0;1,2;1,3;1,4;1,5;2,-2;2,-1;2,0;2,1;2,3;2,4;2,5;3,4;3,5;4,-2;4,-1;4,0;4,1;4,2;4,3;4,5;5,-2;5,-1;5,0;5,1;5,2;5,3;5,4;
B 2 2 1 1 0 3 -1 5 152567 -1,0;-1,1;-1,2;-1,3;-1,4;-1,5;0,1;0,2;0,3;0,4;0,5;1,-1;1,0;1,2;1,3;1,4;1,5;2,-1;2,0;2,1;2,3;2,4;2,5;3,4;3,5;4,-1;4,0;4,1;4,2;4,3;4,5;5,-1;5,0;5,1;5,2;5,3;5,4;
B 2 2 1 2 0 1 0 1 893771 0,1;
B 2 2 1 2 0 1 0 2 355349 0,1;0,2;1,2;2,0;2,1;
B 2 2 1 2 0 1 0 3 707331 0,1;0,2;0,3;1,2;1,3;2,0;2,1;2,3;3,0;3,1;3,2;
B 2 2 1 2 0 2 0 2 249158 0,1;0,2;1,0;1,2;
B 2 2 1 2 0 2 0 3 161565 0,1;0,2;0,3;1,0;1,2;1,3;2,3;3,0;3,1;3,2;
B 2 2 1 2 0 2 0 4 752922 0,1;0,2;0,3;0,4;1,0;1,2;1,3;1,4;2,3;2,4;3,0;3,1;3,2;3,4;4,0;4,1;4,2;4,3;
B 2 2 1 2 0 3 -1 3 50987 -1,0;-1,1;-1,2;-1,3;0,1;0,2;0,3;1,-1;1,0;1,2;1,3;2,-1;2,0;2,1;2,3;
B 2 2 1 2 0 3 0 4 250622 0,1;0,2;0,3;0,4;1,0;1,2;1,3;1,4;2,0;2,1;2,3;2,4;3,4;4,0;4,1;4,2;4,3;
B 2 2 1 2 0 3 0 5 309758 0,1;0,2;0,3;0,4;0,5;1,0;1,2;1,3;1,4;1,5;2,0;2,1;2,3;2,4;2,5;3,4;3,5;4,0;4,1;4,2;4,3;4,5;5,0;5,1;5,2;5,3;5,4;
B 2 3 1 0 0 1 -2 1 17711 -2,0;-2,1;-1,-2;-1,0;-1,1;0,1;
B 2 3 1 0 0 1 -1 1 17487 -1,0;-1,1;0,1;
B 2 3 1 0 0 2 -2 2 24624 -2,-1;-2,0;-2,1;-2,2;-1,-2;-1,0;-1,1;-1,2;0,2;1,-2;1,-1;1,0;1,2;
B 2 3 1 0 0 2 -2 3 517 -2,-1;-2,0;-2,1;-2,2;-2,3;-1,-2;-1,0;-1,1;-1,2;-1,3;0,2;0,3;1,-2;1,-1;1,0;1,2;1,3;2,3;
B 2 3 1 0 0 3 -2 3 8847 -2,-1;-2,0;-2,1;-2,2;-2,3;-1,-2;-1,0;-1,1;-1,2;-1,3;0,1;0,2;0,3;1,-2;1,-1;1,0;1,2;1,3;2,-2;2,-1;2,0;2,1;2,3;
B 2 3 1 0 0 3 -2 4 1127 -2,-1;-2,0;-2,1;-2,2;-2,3;-2,4;-1,-2;-1,0;-1,1;-1,2;-1,3;-1,4;0,1;0,3;0,4;1,-2;1,-1;1,0;1,3;1,4;2,-2;2,-1;2,0;2,1;2,3;2,4;3,4;
B 2 3 1 0 0 3 -2 5 83 -2,-1;-2,0;-2,1;-2,2;-2,3;-2,4;-2,5;-1,-2;-1,0;-1,3;-1,4;-1,5;0,3;0,4;0,5;1,-2;1,-1;1,0;1,3;1,4;1,5;2,-2;2,-1;2,0;2,1;2,3;2,4;2,5;3,4;3,5;5,4;
B 2 3 1 1 0 1 0 1 47868 0,1;
B 2 3 1 1 0 1 0 2 26 0,1;0,2;1,2;
B 2 3 1 1 0 1 0 3 65 0,1;0,2;0,3;1,2;1,3;3,2;
B 2 3 1 1 0 2 -1 2 28419 -1,0;-1,1;-1,2;0,2;1,-1;1,0;1,2;
B 2 3 1 1 0 2 -1 3 237 -1,0;-1,1;-1,2;-1,3;0,2;0,3;1,-1;1,0;1,2;1,3;2,3;
B 2 3 1 1 0 2 -1 4 65 -1,0;-1,1;-1,2;-1,3;-1,4;0,2;0,3;0,4;1,-1;1,0;1,2;1,3;1,4;2,3;2,4;4,3;
B 2 3 1 1 0 3 -2 5 12 -2,-1;-2,0;-2,1;-2,2;-2,3;-2,4;-2,5;-1,-2;-1,0;-1,3;-1,4;-1,5;0,3;0,4;0,5;1,-2;1,-1;1,0;1,3;1,4;1,5;2,-2;2,-1;2,0;2,1;2,3;2,4;2,5;3,4;3,5;5,4;
B 2 3 1 1 0 3 -1 3 28419 -1,0;-1,1;-1,2;-1,3;0,1;0,2;0,3;1,-1;1,0;1,2;1,3;2,-1;2,0;2,1;2,3;
B 2 3 1 1 0 3 -1 5 14 -1,0;-1,3;-1,4;-1,5;0,3;0,4;0,5;1,-1;1,0;1,3;1,4;1,5;2,-1;2,0;2,1;2,3;2,4;2,5;3,4;3,5;5,4;
B 2 3 1 2 0 1 0 1 173232 0,1;
B 2 3 1 2 0 1 0 2 65 0,1;0,2;1,2;
B 2 3 1 2 0 1 0 3 527 0,1;0,2;0,3;1,2;1,3;3,2;
B 2 3 1 2 0 2 0 2 48732 0,1;0,2;1,0;1,2;
B 2 3 1 2 0 2 0 3 107 0,2;0,3;1,0;1,2;1,3;2,3;
B 2 3 1 2 0 2 0 4 508 0,2;0,3;0,4;1,0;1,2;1,3;1,4;2,3;2,4;4,3;
B 2 3 1 2 0 3 -1 3 2277 -1,0;-1,1;-1,2;-1,3;0,1;0,2;0,3;1,-1;1,0;1,2;1,3;2,-1;2,0;2,1;2,3;
B 2 3 1 2 0 3 0 3 93157 0,1;0,2;0,3;1,0;1,2;1,3;2,0;2,1;2,3;
B 2 3 1 2 0 3 0 4 326 0,1;0,2;0,3;0,4;1,0;1,3;1,4;2,0;2,1;2,3;2,4;3,4;
B 2 3 1 2 0 3 0 5 84 0,1;0,3;0,4;0,5;1,0;1,3;1,4;1,5;2,0;2,1;2,3;2,4;2,5;3,4;3,5;5,4;
B 3 0 1 0 0 1 -2 1 42 -2,0;-2,1;-1,-2;-1,0;-1,1;0,1;
B 3 0 1 0 0 1 -2 2 76 -2,0;-2,1;-2,2;-1,-2;-1,0;-1,1;-1,2;0,1;0,2;2,1;
B 3 0 1 0 0 1 -1 1 43 -1,0;-1,1;0,1;
B 3 0 1 0 0 1 -1 2 69 -1,0;-1,1;-1,2;0,1;0,2;2,1;
B 3 0 1 0 0 1 -1 3 550 -1,0;-1,1;-1,2;-1,3;0,1;0,2;0,3;1,3;2,1;2,3;3,1;3,2;
B 3 0 1 0 0 2 -2 2 11 -2,0;-2,1;-2,2;-1,-2;-1,0;-1,1;-1,2;0,1;0,2;2,1;
B 3 0 1 0 0 2 -2 3 42 -2,0;-2,1;-2,2;-2,3;-1,-2;-1,0;-1,1;-1,2;-1,3;0,1;0,2;0,3;2,1;3,1;3,2;
B 3 0 1 0 0 2 -2 4 626 -2,0;-2,1;-2,2;-2,3;-2,4;-1,-2;-1,0;-1,1;-1,2;-1,3;-1,4;0,1;0,2;0,3;0,4;1,3;2,1;2,3;3,1;3,2;3,4;4,1;4,2;4,3;
B 3 0 1 0 0 3 -2 4 14 -2,0;-2,1;-2,2;-2,3;-2,4;-1,-2;-1,0;-1,1;-1,2;-1,3;-1,4;0,1;0,2;0,3;0,4;2,1;2,3;3,1;4,1;4,2;4,3;
B 3 0 1 0 0 3 -2 5 87 -2,0;-2,1;-2,2;-2,3;-2,4;-2,5;-1,-2;-1,0;-1,1;-1,2;-1,3;-1,4;-1,5;0,1;0,2;0,3;0,4;0,5;1,5;2,1;2,3;2,5;3,1;3,2;3,4;3,5;4,1;4,2;4,3;4,5;5,1;5,2;5,3;5,4;
B 3 0 1 1 0 1 0 1 586 0,1;
B 3 0 1 1 0 1 0 2 3376 0,1;0,2;1,2;2,1;
B 3 0 1 1 0 1 0 3 5538 0,1;0,2;0,3;1,2;1,3;2,1;2,3;3,1;3,2;
B 3 0 1 1 0 2 -1 3 313 -1,0;-1,1;-1,2;-1,3;0,1;0,2;0,3;1,3;2,1;2,3;3,1;3,2;
B 3 0 1 1 0 2 -1 4 5538 -1,0;-1,1;-1,2;-1,3;-1,4;0,1;0,2;0,3;0,4;1,3;1,4;2,1;2,3;2,4;3,1;3,2;3,4;4,1;4,2;4,3;
B 3 0 1 1 0 3 -2 5 218 -2,0;-2,1;-2,2;-2,3;-2,4;-2,5;-1,-2;-1,0;-1,1;-1,2;-1,3;-1,4;-1,5;0,1;0,2;0,3;0,4;0,5;1,5;2,1;2,3;2,5;3,1;3,2;3,4;3,5;4,1;4,2;4,3;4,5;5,1;5,2;5,3;5,4;
B 3 0 1 1 0 3 -1 5 3158 -1,0;-1,1;-1,2;-1,3;-1,4;-1,5;0,1;0,2;0,3;0,4;0,5;1,4;1,5;2,1;2,3;2,4;2,5;3,1;3,2;3,4;3,5;4,1;4,2;4,3;4,5;5,1;5,2;5,3;5,4;
B 3 0 1 2 0 1 0 1 234392 0,1;
B 3 0 1 2 0 1 0 2 59469 0,1;0,2;1,2;2,1;
B 3 0 1 2 0 1 0 3 113672 0,1;0,2;0,3;1,2;1,3;2,1;2,3;3,1;3,2;
B 3 0 1 2 0 2 0 2 49542 0,1;0,2;1,2;2,1;
B 3 0 1 2 0 2 0 3 61184 0,1;0,2;0,3;1,2;1,3;2,1;2,3;3,1;3,2;
B 3 0 1 2 0 2 0 4 106051 0,1;0,2;0,3;0,4;1,2;1,3;1,4;2,1;2,3;2,4;3,1;3,2;3,4;4,1;4,2;4,3;
B 3 0 1 2 0 3 -1 3 161 -1,0;-1,1;-1,2;-1,3;0,1;0,2;0,3;1,3;2,1;2,3;3,1;3,2;
B 3 0 1 2 0 3 0 4 64557 0,1;0,2;0,3;0,4;1,2;1,3;1,4;2,1;2,3;2,4;3,1;3,2;3,4;4,1;4,2;4,3;
B 3 0 1 2 0 3 0 5 67090 0,1;0,2;0,3;0,4;0,5;1,2;1,3;1,4;1,5;2,1;2,3;2,4;2,5;3,1;3,2;3,4;3,5;4,1;4,2;4,3;4,5;5,1;5,2;5,3;5,4;
B 3 1 1 0 0 1 -2 1 42 -2,0;-2,1;-1,-2;-1,0;-1,1;0,1;
B 3 1 1 0 0 1 -1 1 23 -1,0;-1,1;0,1;
B 3 1 1 0 0 2 -2 2 23 -2,0;-2,1;-2,2;-1,-2;-1,0;-1,1;-1,2;0,1;0,2;2,1;
B 3 1 1 0 0 3 -2 3 42 -2,0;-2,1;-2,2;-2,3;-1,-2;-1,0;-1,1;-1,2;-1,3;0,1;0,2;0,3;2,1;2,3;3,1;
B 3 1 1 0 1 1 -2 1 550 -2,0;-2,1;-1,-2;-1,0;-1,1;0,1;
B 3 1 1 0 1 1 -1 1 68 -1,0;-1,1;0,1;
B 3 1 1 0 1 2 -2 2 485 -2,0;-2,1;-2,2;-1,-2;-1,0;-1,1;-1,2;0,1;0,2;2,1;
B 3 1 1 0 1 2 -2 3 65 -2,0;-2,1;-2,2;-2,3;-1,-2;-1,0;-1,1;-1,2;-1,3;0,1;0,2;0,3;1,3;2,1;2,3;3,1;
B 3 1 1 0 1 3 -2 3 42 -2,0;-2,1;-2,2;-2,3;-1,-2;-1,0;-1,1;-1,2;-1,3;0,1;0,2;0,3;2,1;3,1;3,2;
B 3 1 1 0 1 3 -2 4 14 -2,0;-2,1;-2,2;-2,3;-2,4;-1,-2;-1,0;-1,1;-1,2;-1,3;-1,4;0,1;0,2;0,3;0,4;2,1;3,1;3,2;3,4;4,1;4,2;
B 3 1 1 0 1 3 -2 5 12 -2,0;-2,1;-2,2;-2,3;-2,4;-2,5;-1,-2;-1,0;-1,1;-1,2;-1,3;-1,4;-1,5;0,1;0,2;0,3;0,4;0,5;1,5;2,1;2,5;3,1;3,2;3,4;3,5;4,1;4,2;4,5;5,1;5,2;5,4;
B 3 1 1 1 0 1 0 1 207 0,1;
B 3 1 1 1 0 1 0 2 72 0,1;0,2;1,2;
B 3 1 1 1 0 2 -1 2 74 -1,0;-1,1;-1,2;0,1;0,2;2,1;
B 3 1 1 1 0 2 -1 3 30 -1,0;-1,1;-1,2;-1,3;0,1;0,2;0,3;1,3;2,1;2,3;3,1;
B 3 1 1 1 0 3 -1 3 74 -1,0;-1,1;-1,2;-1,3;0,1;0,2;0,3;1,3;2,1;2,3;3,1;3,2;
B 3 1 1 1 0 3 -1 5 72 -1,0;-1,1;-1,2;-1,3;-1,4;-1,5;0,1;0,2;0,3;0,4;0,5;1,4;1,5;2,1;2,3;2,4;2,5;3,1;3,4;3,5;4,1;5,1;5,4;
B 3 1 1 1 1 1 0 1 358 0,1;
B 3 1 1 1 1 1 0 2 1138 0,1;0,2;1,2;
B 3 1 1 1 1 1 0 3 517 0,1;0,2;0,3;1,2;1,3;3,2;
B 3 1 1 1 1 2 -1 2 33 -1,0;-1,1;-1,2;0,1;0,2;2,1;
B 3 1 1 1 1 2 -1 3 207 -1,0;-1,1;-1,2;-1,3;0,1;0,2;0,3;1,3;2,1;2,3;3,1;
B 3 1 1 1 1 2 -1 4 517 -1,0;-1,1;-1,2;-1,3;-1,4;0,1;0,2;0,3;0,4;1,3;1,4;2,1;2,3;2,4;3,1;3,4;4,1;4,3;
B 3 1 1 1 1 3 -2 5 83 -2,0;-2,1;-2,2;-2,3;-2,4;-2,5;-1,-2;-1,0;-1,1;-1,2;-1,3;-1,4;-1,5;0,1;0,2;0,3;0,4;0,5;1,5;2,1;2,5;3,1;3,2;3,4;3,5;4,1;4,2;4,5;5,1;5,2;5,4;
B 3 1 1 1 1 3 -1 3 33 -1,0;-1,1;-1,2;-1,3;0,1;0,2;0,3;2,1;3,1;3,2;
B 3 1 1 1 1 3 -1 5 1055 -1,0;-1,1;-1,2;-1,3;-1,4;-1,5;0,1;0,2;0,3;0,4;0,5;1,4;1,5;2,1;2,4;2,5;3,1;3,2;3,4;3,5;4,1;4,2;4,5;5,1;5,2;5,4;
B 3 1 1 2 0 1 0 1 154188 0,1;
B 3 1 1 2 0 1 0 2 2066 0,1;0,2;1,2;
B 3 1 1 2 0 1 0 3 951 0,1;0,2;0,3;1,2;1,3;3,2;
B 3 1 1 2 0 2 0 2 37571 0,1;0,2;1,2;2,1;
B 3 1 1 2 0 2 0 3 10237 0,1;0,2;0,3;1,3;2,1;2,3;3,1;
B 3 1 1 2 0 2 0 4 2066 0,1;0,2;0,3;0,4;1,3;1,4;2,1;2,3;2,4;3,1;3,4;4,1;4,3;
B 3 1 1 2 0 3 -1 3 153 -1,0;-1,1;-1,2;-1,3;0,1;0,2;0,3;1,3;2,1;2,3;3,1;3,2;
B 3 1 1 2 0 3 0 3 80455 0,1;0,2;0,3;1,2;1,3;2,1;2,3;3,1;3,2;
B 3 1 1 2 0 3 0 4 11437 0,1;0,2;0,3;0,4;1,2;1,3;1,4;2,1;2,3;2,4;3,1;3,2;3,4;4,1;4,2;
B 3 1 1 2 0 3 0 5 951 0,1;0,2;0,3;0,4;0,5;1,2;1,3;1,4;1,5;2,1;2,3;2,4;2,5;3,1;3,2;3,4;3,5;4,1;4,2;4,5;5,1;5,2;5,4;
B 3 1 1 2 1 1 0 1 66347 0,1;
B 3 1 1 2 1 1 0 2 14211 0,1;0,2;1,2;
B 3 1 1 2 1 1 0 3 16243 0,1;0,2;0,3;1,2;1,3;3,2;
B 3 1 1 2 1 2 0 2 11161 0,1;0,2;2,1;
B 3 1 1 2 1 2 0 3 18182 0,1;0,2;0,3;1,3;2,1;2,3;3,1;
B 3 1 1 2 1 2 0 4 22558 0,1;0,2;0,3;0,4;1,3;1,4;2,1;2,3;2,4;3,1;3,4;4,1;4,3;
B 3 1 1 2 1 3 -1 3 66 -1,0;-1,1;-1,2;-1,3;0,1;0,2;0,3;2,1;3,1;3,2;
B 3 1 1 2 1 3 0 3 12702 0,1;0,2;0,3;1,2;2,1;3,1;3,2;
B 3 1 1 2 1 3 0 4 19259 0,1;0,2;0,3;0,4;1,2;1,4;2,1;2,4;3,1;3,2;3,4;4,1;4,2;
B 3 1 1 2 1 3 0 5 7896 0,1;0,2;0,3;0,4;0,5;1,2;1,4;1,5;2,1;2,4;2,5;3,1;3,2;3,4;3,5;4,1;4,2;4,5;5,1;5,2;5,4;
B 3 2 1 0 0 1 -2 2 443 -2,0;-2,1;-2,2;-1,-2;-1,0;-1,1;-1,2;0,1;0,2;2,1;
B 3 2 1 0 0 1 -2 3 733 -2,0;-2,1;-2,2;-2,3;-1,-2;-1,0;-1,1;-1,2;-1,3;0,1;0,2;0,3;1,3;2,1;2,3;3,1;3,2;
B 3 2 1 0 0 1 -1 1 18 -1,0;-1,1;0,1;
B 3 2 1 0 0 1 -1 2 38 -1,0;-1,1;-1,2;0,1;0,2;2,1;
B 3 2 1 0 0 1 -1 3 6055 -1,0;-1,1;-1,2;-1,3;0,1;0,2;0,3;1,3;2,1;2,3;3,1;3,2;
B 3 2 1 0 0 3 -2 4 10 -2,0;-2,1;-2,2;-2,3;-2,4;-1,-2;-1,0;-1,1;-1,2;-1,3;-1,4;0,1;0,2;0,3;0,4;1,3;2,1;2,3;4,1;4,2;4,3;
B 3 2 1 0 0 3 -2 5 46 -2,0;-2,1;-2,2;-2,3;-2,4;-2,5;-1,-2;-1,0;-1,1;-1,2;-1,3;-1,4;-1,5;0,1;0,2;0,3;0,4;0,5;1,3;1,5;2,1;2,3;2,5;4,1;4,2;4,3;4,5;5,1;5,2;5,3;5,4;
B 3 2 1 1 0 1 0 1 87 0,1;
B 3 2 1 1 0 1 0 2 1912 0,1;0,2;1,2;2,1;
B 3 2 1 1 0 1 0 3 92201 0,1;0,2;0,3;1,2;1,3;2,1;2,3;3,1;3,2;
B 3 2 1 1 0 3 -2 5 142 -2,0;-2,1;-2,2;-2,3;-2,4;-2,5;-1,-2;-1,0;-1,1;-1,2;-1,3;-1,4;-1,5;0,1;0,2;0,3;0,4;0,5;1,3;1,5;2,1;2,3;2,5;4,1;4,2;4,3;4,5;5,1;5,2;5,3;5,4;
B 3 2 1 1 0 3 -1 5 1770 -1,0;-1,1;-1,2;-1,3;-1,4;-1,5;0,1;0,2;0,3;0,4;0,5;1,3;1,4;1,5;2,1;2,3;2,4;2,5;3,4;4,1;4,2;4,3;4,5;5,1;5,2;5,3;5,4;
B 3 2 1 2 0 1 0 1 55643 0,1;
B 3 2 1 2 0 1 0 2 28565 0,1;0,2;1,2;2,1;
B 3 2 1 2 0 1 0 3 65623 0,1;0,2;0,3;1,2;1,3;2,1;2,3;3,1;3,2;
B 3 2 1 2 0 2 0 2 11957 0,1;0,2;1,2;
B 3 2 1 2 0 2 0 3 8653 0,1;0,2;0,3;1,2;1,3;3,1;3,2;
B 3 2 1 2 0 2 0 4 71892 0,1;0,2;0,3;0,4;1,2;1,3;1,4;2,4;3,1;3,2;3,4;4,1;4,2;4,3;
B 3 2 1 2 0 3 -1 3 59 -1,0;-1,1;-1,2;-1,3;0,1;0,2;0,3;1,3;2,1;2,3;
B 3 2 1 2 0 3 0 4 9054 0,1;0,2;0,3;0,4;1,3;1,4;2,1;2,3;2,4;3,4;4,1;4,2;4,3;
B 3 2 1 2 0 3 0 5 22296 0,1;0,2;0,3;0,4;0,5;1,3;1,4;1,5;2,1;2,3;2,4;2,5;3,4;3,5;4,1;4,2;4,3;4,5;5,1;5,2;5,3;5,4;
B 3 3 1 0 0 1 -2 1 23 -2,0;-2,1;-1,-2;-1,0;-1,1;0,1;
B 3 3 1 0 0 3 -2 3 23 -2,0;-2,1;-2,2;-2,3;-1,-2;-1,0;-1,1;-1,2;-1,3;0,1;0,2;0,3;1,3;2,1;2,3;
B 3 3 1 0 1 1 -2 1 6055 -2,0;-2,1;-1,-2;-1,0;-1,1;0,1;
B 3 3 1 1 0 1 0 1 7 0,1;
B 3 3 1 1 1 1 0 3 6055 0,1;0,2;0,3;1,2;1,3;3,2;
B 3 3 1 2 0 1 0 1 5816 0,1;
B 3 3 1 2 0 1 0 3 23 0,1;0,2;0,3;1,2;1,3;3,2;
B 3 3 1 2 0 2 0 2 578 0,1;0,2;1,2;
B 3 3 1 2 0 3 -1 3 4 -1,0;-1,1;-1,2;-1,3;0,1;0,2;0,3;1,3;2,1;2,3;
B 3 3 1 2 0 3 0 3 5099 0,1;0,2;0,3;1,3;2,1;2,3;
B 3 3 1 2 0 3 0 4 4 0,1;0,2;0,3;0,4;1,3;1,4;2,1;2,3;2,4;3,4;
B 3 3 1 2 0 3 0 5 23 0,1;0,2;0,3;0,4;0,5;1,3;1,4;1,5;2,1;2,3;2,4;2,5;3,4;3,5;5,4;
