N=120 universe=69 L=160626866400
SOLUTION: 3 4 13 14 15 25 26 55 56 77 78 90 91 99 100 104 105
SOLUTION: 3 4 20 21 22 25 26 27 44 45 54 55 65 66 77 78 99 100
SOLUTION: 4 5 9 10 11 21 22 25 26 65 66 77 78 99 100
SOLUTION: 4 5 9 10 18 19 35 36 44 45 55 56 57 65 66 76 77 104 105
SOLUTION: 4 5 10 11 12 18 19 35 36 56 57 65 66 76 77 104 105
SOLUTION: 4 5 10 11 22 23 32 33 44 45 56 57 69 70 76 77 78 90 91 95 96 114 115
SOLUTION: 4 5 13 14 15 19 20 25 26 55 56 57 76 77 78 90 91 99 100 104 105
SOLUTION: 4 5 13 14 21 22 24 25 26 35 36 44 45 77 78 90 91 99 100 104 105
SOLUTION: 4 5 17 18 19 21 22 24 25 34 35 44 45 56 57 76 77 84 85 99 100
SOLUTION: 4 5 17 18 21 22 24 25 27 28 34 35 54 55 65 66 84 85 99 100 104 105
SOLUTION: 5 6 8 9 10 14 15 27 28 54 55 65 66 104 105
SOLUTION: 5 6 8 9 14 15 24 25 27 28 54 55 77 78 90 91 99 100
SOLUTION: 5 6 9 10 11 12 21 22 25 26 65 66 77 78 99 100
SOLUTION: 5 6 9 10 14 15 19 20 24 25 55 56 57 76 77 99 100
SOLUTION: 5 6 9 10 18 19 20 21 24 25 55 56 57 76 77 78 90 91 99 100
SOLUTION: 5 6 9 10 21 22 25 26 27 28 39 40 54 55 56 65 66 90 91 99 100
SOLUTION: 5 6 10 11 12 22 23 32 33 44 45 56 57 69 70 76 77 78 90 91 95 96 114 115
SOLUTION: 5 6 10 11 14 15 18 19 20 56 57 65 66 76 77 78 90 91 104 105
SOLUTION: 5 6 10 11 14 15 21 22 25 26 35 36 65 66 77 78 99 100
SOLUTION: 5 6 10 11 20 21 24 25 26 35 36 39 40 44 45 65 66 90 91 99 100
SOLUTION: 5 6 11 12 19 20 21 22 25 26 39 40 56 57 65 66 76 77 90 91 99 100
SOLUTION: 5 6 12 13 14 15 19 20 25 26 55 56 57 76 77 78 90 91 99 100 104 105
SOLUTION: 5 6 12 13 14 21 22 24 25 26 35 36 44 45 77 78 90 91 99 100 104 105
SOLUTION: 5 6 13 14 17 18 21 22 26 27 33 34 44 45 54 55 56 84 85 104 105
SOLUTION: 5 6 14 15 17 18 20 21 22 27 28 33 34 44 45 54 55 84 85
SOLUTION: 5 6 14 15 17 18 20 21 25 26 33 34 44 45 65 66 77 78 84 85 99 100
SOLUTION: 5 6 14 15 19 20 21 22 24 25 35 36 44 45 56 57 76 77 78 90 91 99 100
SOLUTION: 5 6 18 19 20 21 22 25 26 27 39 40 44 45 54 55 56 57 65 66 76 77 90 91 99 100
SOLUTION: 6 7 8 9 13 14 15 25 26 27 54 55 77 78 90 91 99 100 104 105
SOLUTION: 6 7 8 9 20 21 22 25 26 27 28 39 40 54 55 65 66 90 91 99 100
SOLUTION: 6 7 8 9 20 21 25 26 32 33 38 39 44 45 65 66 76 77 90 91 95 96 99 100
SOLUTION: 6 7 8 11 12 17 18 20 21 34 35 65 66 77 78 84 85 90 91 104 105
SOLUTION: 6 7 8 11 12 20 21 23 24 32 33 55 56 57 69 70 76 77 95 96 114 115
SOLUTION: 6 7 8 12 13 14 15 21 22 25 26 35 36 99 100 104 105
SOLUTION: 6 7 8 14 15 17 18 26 27 34 35 44 45 54 55 56 65 66 77 78 84 85
SOLUTION: 6 7 8 17 18 20 21 24 25 26 33 34 35 44 45 65 66 77 78 84 85 99 100
SOLUTION: 6 7 9 10 11 12 19 20 35 36 56 57 65 66 76 77 78 90 91 104 105
SOLUTION: 6 7 9 10 13 14 20 21 24 25 39 40 55 56 77 78 99 100 104 105
SOLUTION: 6 7 9 10 17 18 20 21 24 25 34 35 55 56 77 78 84 85 90 91 99 100
SOLUTION: 6 7 9 10 19 20 21 24 25 27 28 35 36 54 55 56 57 76 77 99 100
SOLUTION: 6 7 9 10 20 21 25 26 32 33 38 39 40 44 45 65 66 76 77 90 91 95 96 99 100
SOLUTION: 6 7 10 11 13 14 20 21 32 33 38 39 40 55 56 76 77 78 95 96 104 105
SOLUTION: 6 7 10 11 22 23 24 32 33 34 35 44 45 56 57 68 69 76 77 78 84 85 90 91 95 96 114 115 119 120
SOLUTION: 6 7 11 12 14 15 23 24 32 33 34 55 56 57 68 69 70 76 77 84 85 95 96 114 115 119 120
SOLUTION: 6 7 11 12 17 18 21 22 24 25 34 35 36 65 66 77 78 84 85 90 91 99 100 104 105
SOLUTION: 6 7 11 12 21 22 23 24 32 33 44 45 55 56 57 65 66 69 70 76 77 78 90 91 95 96 104 105 114 115
SOLUTION: 6 7 12 13 14 18 19 20 21 25 26 27 54 55 56 57 76 77 99 100 104 105
SOLUTION: 6 7 12 13 19 20 21 25 26 27 28 35 36 54 55 56 57 76 77 78 90 91 99 100 104 105
SOLUTION: 6 7 13 14 15 18 19 20 21 22 25 26 44 45 56 57 76 77 99 100 104 105
SOLUTION: 6 7 13 14 18 19 20 21 22 24 25 39 40 44 45 56 57 76 77 78 99 100 104 105
SOLUTION: 6 7 14 15 20 21 22 24 25 26 27 28 35 36 39 40 54 55 65 66 90 91 99 100
SOLUTION: 6 7 14 15 20 21 24 25 26 32 33 35 36 38 39 44 45 65 66 76 77 90 91 95 96 99 100
SOLUTION: 6 7 17 18 22 23 24 27 28 32 33 34 44 45 50 51 54 55 56 57 68 69 70 75 76 95 96 114 115 119 120
SOLUTION: 6 7 17 18 23 24 25 26 32 33 34 44 45 50 51 56 57 65 66 68 69 70 75 76 77 78 95 96 99 100 114 115 119 120
SOLUTION: 7 8 9 10 13 14 20 21 25 26 27 28 54 55 77 78 90 91 99 100 104 105
SOLUTION: 7 8 9 10 14 15 17 18 19 34 35 36 44 45 56 57 76 77 84 85
SOLUTION: 7 8 9 10 14 15 17 18 27 28 34 35 36 54 55 65 66 84 85 104 105
SOLUTION: 7 8 9 10 20 21 24 25 26 32 33 38 39 40 44 45 65 66 76 77 90 91 95 96 99 100
SOLUTION: 7 8 9 10 21 22 24 25 27 28 35 36 44 45 54 55 56 65 66 77 78 90 91 99 100 104 105
SOLUTION: 7 8 9 11 12 21 22 23 24 25 32 33 55 56 57 69 70 76 77 95 96 99 100 114 115
SOLUTION: 7 8 9 12 13 14 19 20 21 24 25 26 55 56 57 76 77 99 100 104 105
SOLUTION: 7 8 9 12 13 20 21 24 25 27 28 35 36 39 40 54 55 77 78 99 100 104 105
SOLUTION: 7 8 9 14 15 17 18 24 25 27 28 34 35 36 54 55 77 78 84 85 90 91 99 100
SOLUTION: 7 8 9 23 24 25 26 32 33 34 35 39 40 44 45 56 57 65 66 68 69 76 77 84 85 90 91 95 96 99 100 114 115 119 120
SOLUTION: 7 8 10 11 12 22 23 32 33 34 35 44 45 56 57 68 69 76 77 78 84 85 90 91 95 96 114 115 119 120
SOLUTION: 7 8 10 11 13 14 15 20 21 32 33 38 39 55 56 76 77 78 95 96 104 105
SOLUTION: 7 8 10 11 17 18 19 21 22 33 34 35 36 44 45 56 57 76 77 78 84 85 90 91
SOLUTION: 7 8 10 11 20 21 22 23 32 33 34 44 45 56 57 68 69 70 76 77 78 84 85 90 91 95 96 114 115 119 120
SOLUTION: 7 8 11 12 13 20 21 27 28 32 33 35 36 38 39 40 54 55 76 77 78 95 96 104 105
SOLUTION: 7 8 11 12 14 15 23 24 27 28 32 33 54 55 56 57 69 70 76 77 78 90 91 95 96 114 115
SOLUTION: 7 8 11 12 17 18 21 22 26 27 28 33 34 44 45 54 55 56 65 66 77 78 84 85
SOLUTION: 7 8 12 13 14 18 19 20 21 24 25 26 27 54 55 56 57 76 77 99 100 104 105
SOLUTION: 7 8 12 13 19 20 21 24 25 26 27 28 35 36 54 55 56 57 76 77 78 90 91 99 100 104 105
SOLUTION: 7 8 13 14 15 17 18 20 21 22 26 27 33 34 44 45 54 55 84 85 104 105
SOLUTION: 7 8 13 14 15 18 19 20 21 22 24 25 26 44 45 56 57 76 77 99 100 104 105
SOLUTION: 7 8 17 18 20 21 22 23 27 28 32 33 34 44 45 50 51 54 55 56 57 68 69 75 76 95 96 114 115 119 120
SOLUTION: 8 9 10 11 12 13 17 18 19 33 34 39 40 55 56 57 76 77 78 84 85 104 105
SOLUTION: 8 9 10 11 12 13 17 18 26 27 28 33 34 54 55 77 78 84 85 90 91 104 105
SOLUTION: 8 9 10 11 12 17 18 23 24 32 33 34 35 55 56 57 69 70 76 77 84 85 95 96 114 115
SOLUTION: 8 9 10 11 12 20 21 22 23 32 33 44 45 55 56 57 65 66 69 70 76 77 95 96 104 105 114 115
SOLUTION: 8 9 10 11 13 14 15 17 18 33 34 35 39 40 55 56 77 78 84 85 104 105
SOLUTION: 8 9 10 11 13 14 17 18 32 33 34 35 38 39 55 56 76 77 78 84 85 95 96 104 105
SOLUTION: 8 9 10 11 13 14 20 21 27 28 32 33 38 39 40 54 55 76 77 78 95 96 104 105
SOLUTION: 8 9 10 11 17 18 19 21 22 25 26 34 35 36 56 57 65 66 76 77 78 84 85 99 100
SOLUTION: 8 9 10 11 17 18 22 23 32 33 34 44 45 50 51 56 57 68 69 75 76 77 78 90 91 95 96 114 115 119 120
SOLUTION: 8 9 10 11 17 18 23 24 32 33 34 50 51 52 55 56 57 68 69 70 75 76 77 78 95 96 104 105 114 115 119 120
SOLUTION: 8 9 10 11 21 22 23 24 25 27 28 32 33 54 55 56 57 69 70 76 77 78 90 91 95 96 99 100 114 115
SOLUTION: 8 9 10 12 13 14 18 19 20 24 25 26 55 56 57 76 77 78 90 91 99 100 104 105
SOLUTION: 8 9 10 12 13 14 19 20 24 25 26 27 54 55 56 57 76 77 78 90 91 99 100 104 105
SOLUTION: 8 9 10 12 13 14 20 21 24 25 26 27 28 54 55 56 77 78 90 91 99 100 104 105
SOLUTION: 8 9 10 13 14 17 18 19 20 34 35 36 39 40 44 45 56 57 76 77 78 84 85 104 105
SOLUTION: 8 9 10 13 14 17 18 19 24 25 26 34 35 36 55 56 57 76 77 84 85 99 100 104 105
SOLUTION: 8 9 10 13 14 19 20 21 24 25 26 27 28 54 55 56 57 76 77 78 90 91 99 100 104 105
SOLUTION: 8 9 10 14 15 17 18 20 21 25 26 33 34 35 39 40 65 66 84 85 90 91 99 100
SOLUTION: 8 9 10 17 18 19 21 22 25 26 27 34 35 44 45 54 55 56 57 65 66 76 77 78 84 85 99 100
SOLUTION: 8 9 11 12 13 14 17 18 19 33 34 35 39 40 55 56 57 76 77 78 84 85 104 105
SOLUTION: 8 9 11 12 13 14 17 18 26 27 28 33 34 35 54 55 77 78 84 85 90 91 104 105
SOLUTION: 8 9 11 12 13 20 21 22 23 25 26 32 33 55 56 57 69 70 76 77 95 96 99 100 104 105 114 115
SOLUTION: 8 9 11 12 13 23 24 26 27 28 32 33 34 54 55 56 57 68 69 76 77 84 85 95 96 104 105 114 115 119 120
SOLUTION: 8 9 11 12 17 18 19 21 22 24 25 34 35 56 57 65 66 76 77 78 84 85 90 91 99 100 104 105
SOLUTION: 8 9 11 12 17 18 22 23 24 32 33 34 35 36 44 45 56 57 69 70 76 77 84 85 95 96 114 115
SOLUTION: 8 9 11 12 17 18 22 23 24 32 33 34 50 51 55 56 57 65 66 68 69 75 76 95 96 104 105 114 115 119 120
SOLUTION: 8 9 12 13 14 15 17 18 19 34 35 36 39 40 44 45 56 57 76 77 78 84 85 104 105
SOLUTION: 8 9 14 15 18 19 21 22 24 25 26 35 36 39 40 44 45 55 56 57 65 66 76 77 90 91 99 100
