115
104 105 106 110 111 112 114 115 116 117 119 120 123 124 132 133 135 136 140 141 143 144 145 147 148 152 153 154 155 156 160 161 162 164 165 170 171 174 175 176 184 185 186 187 188 189 190 195 196 203 204 205 207 208 209 210 216 217 220 221 222 224 225 230 231 232 234 235 246 247 248 252 253 260 261 264 265 266 272 273 275 276 279 280 285 286 287 288 296 297 299 300 318 319 322 323 324 325 340 341 342 350 351 352 368 369 370 371 372 377 378 390 391 399 400
15
2 32 16
12 0 16 16 0 2 16 0 24 0 0 4 0 8 24 0 0 28 8 0 0 30 0 0 24 20 0 16 0 8 27 0 16 24 0 16 0 16 0 10 4 0 16 0 8 0 16 0 24 0 8 0 0 6 0 16 20 0 8 0 16 1 0 16 0 12 16 0 16 0 4 8 0 24 0 28 0 16 14 0 0 24 0 20 0 16 0 15 12 0 0 8 16 0 16 0 24 0 24 0 16 16 0 21 2 0 16 0 24 0 16 16 0 0 30
3 81 0
0 54 0 0 27 0 54 0 0 36 0 27 54 0 54 0 42 0 0 54 0 9 0 27 0 0 18 0 0 27 0 0 62 0 27 0 63 27 0 0 0 0 54 0 0 30 0 54 0 0 54 0 45 0 0 27 6 0 0 0 54 0 9 0 54 0 18 0 27 0 0 63 0 0 72 27 0 0 0 27 0 54 36 0 54 0 0 45 0 78 0 27 27 0 0 0 31 0 0 0 72 0 66 0 0 45 0 0 27 0 15 27 0 27 0
5 25 0
0 15 0 20 0 0 0 5 0 0 0 10 0 0 0 0 20 0 5 0 0 0 10 0 0 0 0 0 15 0 20 0 0 0 5 10 0 0 4 0 0 20 0 0 0 0 5 10 0 0 0 15 0 0 0 20 0 0 10 0 0 0 17 15 0 0 0 20 0 0 0 0 0 20 0 0 5 0 0 0 23 0 0 15 20 0 0 0 0 0 0 19 0 0 0 0 0 6 5 0 0 2 0 0 0 0 10 0 0 0 0 5 0 0 8
7 49 0
0 7 0 0 0 28 0 0 0 0 35 0 0 0 0 21 0 0 42 0 0 0 0 5 0 0 0 7 0 0 0 28 0 0 0 0 0 0 14 0 0 0 0 0 0 42 0 0 16 7 0 0 0 0 0 28 0 35 0 0 0 14 0 0 21 0 0 0 0 0 0 7 0 0 0 0 0 35 0 14 0 0 0 21 0 0 42 0 0 0 0 0 0 0 14 0 0 0 0 0 0 7 0 0 0 0 0 14 0 0 21 0 0 7 0
11 11 0
0 0 0 6 0 0 0 0 0 0 0 0 0 0 5 0 0 0 0 0 8 0 0 0 0 0 0 9 0 0 0 0 0 0 4 0 0 0 0 1 0 0 0 10 0 0 0 0 0 0 0 0 0 0 2 0 0 0 3 0 0 0 0 0 6 0 0 0 0 0 0 0 5 0 0 8 0 0 0 0 9 0 0 0 0 4 0 0 0 1 0 0 0 7 0 0 0 0 0 3 0 0 0 6 0 0 0 0 0 0 0 0 0 0 0
13 13 0
10 0 0 0 0 0 0 0 0 6 0 0 0 0 0 0 0 0 0 0 12 0 0 0 0 0 0 0 0 11 0 0 0 0 0 0 0 0 0 0 0 0 0 0 0 0 0 1 0 0 0 0 0 5 0 0 0 0 0 7 0 0 0 0 0 0 3 0 0 9 0 0 0 4 0 0 0 0 0 10 0 0 0 0 0 6 0 0 0 0 8 0 0 0 0 0 0 11 0 0 0 0 2 0 0 0 0 0 0 5 0 7 0 0 0
17 17 0
0 0 0 0 0 0 0 0 0 0 7 0 0 0 0 0 0 4 0 0 0 0 0 0 0 0 13 0 0 0 0 0 0 0 0 10 0 0 0 0 0 0 0 6 0 0 0 0 0 0 14 0 0 0 0 0 0 0 0 9 0 0 0 0 0 0 0 0 0 0 0 0 0 0 0 0 0 0 2 0 0 0 0 0 0 0 0 0 0 0 0 0 0 0 0 16 0 0 5 0 0 0 0 0 0 0 0 0 0 0 0 0 11 0 0
19 19 0
0 0 0 0 0 0 18 0 0 0 0 0 0 0 0 10 0 0 0 0 0 0 0 0 0 4 0 0 0 0 0 0 0 0 0 0 12 0 0 0 0 0 0 0 0 0 7 0 0 0 0 0 0 0 15 0 0 0 0 0 0 0 0 0 0 0 0 0 0 1 0 0 0 0 0 0 0 5 0 0 0 0 0 0 11 0 0 0 0 0 0 0 0 0 0 3 0 0 0 0 6 0 0 0 0 0 0 0 0 0 0 0 0 16 0
23 23 0
0 0 0 0 0 0 0 13 0 0 0 0 0 0 0 0 0 0 0 0 0 0 0 0 0 0 0 0 0 0 0 6 0 0 0 0 0 0 0 0 11 0 0 0 0 0 0 0 0 0 0 0 20 0 0 0 0 0 0 0 0 0 0 18 0 0 0 0 0 0 0 0 8 0 0 0 0 0 0 0 0 15 0 0 0 0 0 0 0 0 5 0 0 0 3 0 0 0 0 0 0 0 0 0 17 0 0 0 0 0 0 0 16 0 0
29 29 0
0 0 0 0 0 0 0 0 13 0 0 0 0 0 0 0 0 0 0 0 0 0 22 0 0 0 0 0 0 0 0 0 0 0 0 0 0 28 0 0 0 0 0 0 0 0 0 0 0 24 0 0 0 0 0 0 0 0 0 0 0 0 0 0 0 21 0 0 0 0 0 0 0 0 9 0 0 0 0 0 0 0 0 0 0 0 0 0 0 0 0 0 0 10 0 0 0 0 0 0 0 0 0 0 0 0 0 0 0 4 0 0 0 0 0
31 31 0
0 0 0 0 0 0 0 0 0 0 0 0 0 30 0 0 0 0 0 0 0 0 0 0 0 0 0 0 24 0 0 0 0 0 0 0 0 0 0 0 0 0 20 0 0 0 0 0 0 0 0 0 0 0 0 0 0 26 0 0 0 0 0 0 0 0 0 0 0 0 15 0 0 0 0 0 0 0 0 0 0 0 3 0 0 0 0 0 0 0 0 0 0 0 0 0 0 0 0 25 0 0 0 0 0 0 0 0 10 0 0 0 0 0 0
37 37 0
0 0 0 0 6 0 0 0 0 0 0 0 0 0 0 0 0 0 0 0 0 0 0 0 23 0 0 0 0 0 0 0 0 0 0 0 0 0 0 0 0 11 0 0 0 0 0 0 0 0 0 0 0 0 0 0 0 0 0 0 3 0 0 0 0 0 0 0 0 0 0 0 0 0 0 0 0 0 0 0 0 0 0 0 0 0 0 0 30 0 0 0 0 0 0 0 0 0 0 0 0 0 0 0 0 0 24 0 0 0 0 0 0 0 0
41 41 0
0 0 0 0 0 0 0 0 0 0 0 0 16 0 0 0 0 0 0 0 0 0 0 0 0 0 0 0 0 0 0 0 0 12 0 0 0 0 0 0 0 0 0 0 0 0 0 0 0 0 0 26 0 0 0 0 0 0 0 0 0 0 0 0 0 0 0 0 8 0 0 0 0 0 0 0 0 0 0 0 0 0 0 0 0 0 1 0 0 0 0 0 0 0 0 0 0 0 0 0 0 0 0 0 0 19 0 0 0 0 0 0 0 0 0
47 47 0
0 0 0 0 0 0 0 0 0 0 0 0 0 0 0 0 0 0 0 10 0 0 0 0 0 0 0 0 0 0 0 0 0 0 0 0 0 0 0 0 0 0 0 0 31 0 0 0 0 0 0 0 0 0 0 0 0 0 0 0 0 0 0 0 0 0 0 6 0 0 0 0 0 0 0 0 0 0 0 0 0 0 0 0 0 0 0 0 0 0 0 0 0 0 0 0 0 0 0 0 0 0 0 0 0 0 0 0 0 0 0 0 0 0 0
53 53 0
0 0 46 0 0 0 0 0 0 0 0 0 0 0 0 0 0 0 0 0 0 0 0 0 0 0 0 0 0 0 0 0 0 0 0 0 0 0 0 0 0 0 0 0 0 0 0 0 0 0 0 0 0 0 0 0 0 0 0 0 0 0 0 0 0 0 0 0 0 0 0 0 0 0 0 0 29 0 0 0 0 0 0 0 0 0 0 0 0 0 0 0 33 0 0 0 0 0 0 0 0 0 0 0 0 0 0 51 0 0 0 0 0 0 0
562949953421312 562949953421312
