167
104 105 106 110 111 112 114 115 116 117 118 119 120 123 124 128 129 130 132 133 135 136 140 141 143 144 145 147 148 152 153 154 155 156 159 160 161 162 164 165 170 171 172 174 175 176 184 185 186 187 188 189 190 195 196 203 204 205 207 208 209 210 215 216 217 220 221 222 224 225 230 231 232 234 235 245 246 247 248 252 253 258 259 260 261 264 265 266 272 273 275 276 279 280 285 286 287 288 294 295 296 297 299 300 301 318 319 320 322 323 324 325 340 341 342 344 345 350 351 352 368 369 370 371 372 377 378 384 385 390 391 392 399 400 405 406 407 408 413 414 424 425 429 430 434 435 440 441 442 450 451 455 456 459 460 464 465 475 476 477 480 481 492 493 494 495 496
17
2 128 64
48 0 64 64 0 72 64 0 96 0 64 0 16 0 32 127 0 64 96 0 0 112 32 0 0 56 0 0 96 80 0 64 0 32 0 76 0 64 96 0 64 0 32 64 0 104 16 0 64 0 32 0 64 0 96 0 32 0 0 88 0 64 0 80 0 32 0 64 36 0 64 0 48 64 0 0 64 0 16 32 0 64 0 96 0 112 0 64 120 0 0 96 0 80 0 64 0 28 64 0 48 0 0 32 0 64 0 102 64 0 96 0 96 0 64 80 0 64 0 116 72 0 64 0 96 0 64 85 0 64 0 112 0 56 0 64 0 80 0 64 48 0 0 64 64 0 16 0 64 64 0 0 112 0 32 88 0 0 32 0 68 0 32 0 64 0 8
3 81 0
0 27 0 0 54 0 27 0 0 18 0 0 54 27 0 0 54 0 27 0 75 0 0 27 0 45 0 54 0 0 9 0 0 54 27 0 0 49 0 54 0 72 0 54 0 0 0 0 27 0 0 42 0 27 0 0 27 0 63 0 0 54 0 57 0 0 0 27 0 45 0 27 0 9 0 0 54 0 0 72 0 27 0 0 36 54 0 0 0 54 0 27 18 0 27 0 0 63 27 0 0 12 0 54 0 54 0 0 0 0 65 0 0 0 36 0 54 0 60 0 0 63 0 0 54 0 21 27 0 54 0 0 54 0 52 0 0 54 0 72 0 0 27 0 0 54 0 18 0 63 0 0 27 3 0 0 27 0 0 9 54 0 27 0 0 72 0
5 25 0
0 20 0 10 0 0 0 15 0 0 0 0 5 0 0 0 0 20 0 0 10 0 15 0 0 0 5 0 0 0 0 0 20 0 0 10 0 0 0 15 5 0 0 0 17 0 0 10 0 0 0 0 15 5 0 0 0 20 0 0 0 10 15 0 0 5 0 0 0 16 20 0 0 0 10 5 0 0 0 0 0 0 0 10 0 0 15 0 0 0 4 0 0 20 10 0 0 0 0 5 0 0 0 12 0 0 0 5 0 0 0 13 15 0 0 0 5 21 0 0 0 0 5 0 0 0 0 0 10 15 0 0 0 9 20 0 0 0 0 0 0 7 0 20 0 10 15 0 0 8 0 20 0 0 10 0 15 1 0 0 20 0 0 0 0 5 0
7 49 0
0 35 0 0 0 42 0 0 0 0 0 28 0 0 0 0 0 0 0 7 0 0 14 0 0 0 0 25 0 0 0 35 0 0 0 0 42 0 0 0 0 0 0 0 21 0 0 0 0 0 0 14 0 0 31 35 0 0 0 0 0 42 0 0 28 0 0 0 21 0 0 7 0 0 0 15 0 0 0 35 0 0 42 0 0 0 0 28 0 21 0 0 0 7 0 0 14 0 37 0 0 0 0 0 35 0 0 0 21 0 0 0 0 0 0 0 0 35 0 0 0 0 0 21 0 0 7 0 14 0 0 40 35 0 0 42 0 0 28 0 0 0 0 0 14 0 0 41 0 0 0 42 0 0 0 0 0 0 7 0 0 0 0 0 0 0 0
11 11 0
0 0 0 3 0 0 0 0 0 0 0 0 0 0 0 0 0 0 8 0 0 0 0 0 4 0 0 0 0 0 0 10 0 0 0 0 0 0 0 2 0 0 0 0 0 6 0 0 0 5 0 0 0 0 0 0 0 0 0 0 1 0 0 0 0 7 0 0 0 0 0 3 0 0 0 0 0 0 0 0 8 0 0 0 0 4 0 0 0 0 10 0 0 0 0 2 0 0 0 0 0 6 0 0 0 0 9 0 0 0 0 0 0 7 0 0 0 0 0 3 0 0 0 0 0 0 0 0 4 0 0 0 0 0 0 0 2 0 0 0 0 0 5 0 0 0 9 0 0 0 1 0 0 0 0 0 0 0 0 0 0 0 0 0 0 8 0
13 13 0
2 0 0 0 0 0 0 0 0 9 0 0 0 0 0 0 0 12 0 0 0 0 0 0 5 0 0 0 0 0 0 0 0 10 0 0 0 0 0 0 0 0 0 0 0 0 0 0 0 0 0 0 0 8 0 0 0 0 0 1 0 0 0 0 0 0 4 0 0 0 0 0 0 11 0 0 0 7 0 0 0 0 0 6 0 0 0 0 0 2 0 0 0 0 0 9 0 0 0 0 0 0 12 0 0 0 0 0 0 0 0 10 0 0 0 0 0 0 3 0 0 0 0 0 0 1 0 0 0 4 0 0 0 0 0 0 0 0 0 0 0 0 6 0 0 0 0 0 2 0 0 9 0 0 0 0 0 0 0 0 0 5 0 0 10 0 0
17 17 0
0 0 0 0 0 0 0 0 0 0 0 10 0 0 0 0 0 0 0 0 0 13 0 0 0 0 0 0 0 0 4 0 0 0 0 0 0 0 0 0 7 0 0 0 0 0 0 0 0 11 0 0 0 0 0 0 3 0 0 0 0 0 0 0 0 0 8 0 0 0 0 0 0 0 0 0 0 0 0 0 0 0 0 0 0 0 0 0 15 0 0 0 0 0 0 0 0 0 0 0 0 0 0 0 0 0 0 0 0 1 0 0 12 0 0 0 0 0 0 0 0 0 0 0 0 0 0 0 0 0 6 0 0 0 0 0 0 10 0 0 0 13 0 0 0 0 0 0 4 0 0 0 0 7 0 0 0 0 11 0 0 0 0 3 0 0 0
19 19 0
0 0 0 0 0 0 17 0 0 0 0 0 0 0 0 0 0 0 0 1 0 0 0 0 0 0 0 0 0 8 0 0 0 0 0 0 0 0 0 0 0 5 0 0 0 0 0 0 0 0 0 0 14 0 0 0 0 0 0 0 11 0 0 0 0 0 0 0 0 0 0 0 0 0 0 0 0 2 0 0 0 0 0 0 0 0 0 10 0 0 0 0 0 0 3 0 0 0 0 0 0 0 0 0 0 0 0 0 0 6 0 0 0 0 12 0 0 0 0 0 0 0 0 0 0 0 0 0 0 0 0 0 13 0 0 0 0 0 0 0 0 0 0 0 0 0 0 0 0 0 0 0 9 0 0 0 0 17 0 0 0 0 0 0 1 0 0
23 23 0
0 0 0 0 0 0 0 19 0 0 0 0 0 0 0 0 0 0 0 0 0 0 0 0 0 0 0 0 0 0 0 0 0 0 0 0 7 0 0 0 0 0 0 0 0 0 9 0 0 0 0 0 0 0 0 0 0 0 8 0 0 0 0 0 0 0 0 0 0 0 21 0 0 0 0 0 0 0 0 0 17 0 0 0 0 0 0 0 0 0 0 6 0 0 0 0 0 0 0 0 0 0 2 0 0 0 0 0 15 0 0 0 0 0 0 0 14 0 0 0 16 0 0 0 0 0 0 0 0 0 11 0 0 0 0 0 0 0 0 4 0 0 0 0 0 0 0 0 0 0 0 0 0 0 22 0 0 0 0 0 0 0 0 0 0 0 0
29 29 0
0 0 0 0 0 0 0 0 3 0 0 0 0 0 0 0 0 0 0 0 0 0 0 0 0 0 14 0 0 0 0 0 0 0 0 0 0 0 0 0 0 0 0 2 0 0 0 0 0 0 0 0 0 0 0 10 0 0 0 0 0 0 0 0 0 0 0 0 0 0 0 0 16 0 0 0 0 0 0 0 0 0 0 0 11 0 0 0 0 0 0 0 0 0 0 0 0 0 0 0 0 0 0 0 0 0 9 0 0 0 0 0 0 0 0 0 0 0 0 0 0 0 0 0 0 21 0 0 0 0 0 0 0 0 0 5 0 0 0 0 0 0 0 0 0 24 0 0 0 0 0 0 0 0 0 8 0 0 0 0 0 0 0 28 0 0 0
31 31 0
0 0 0 0 0 0 0 0 0 0 0 0 0 0 20 0 0 0 0 0 0 0 0 0 0 0 0 0 0 0 0 0 16 0 0 0 0 0 0 0 0 0 0 0 0 0 0 0 3 0 0 0 0 0 0 0 0 0 0 0 0 0 0 0 7 0 0 0 0 0 0 0 0 0 0 0 0 0 10 0 0 0 0 0 0 0 0 0 0 0 0 0 2 0 0 0 0 0 0 0 0 0 0 0 0 0 0 0 0 0 0 0 0 27 0 0 0 0 0 0 0 0 0 0 17 0 0 0 0 0 0 0 0 0 0 0 0 0 0 0 0 0 0 0 19 0 0 0 0 0 0 0 0 0 0 0 26 0 0 0 0 0 0 0 0 0 5
37 37 0
0 0 0 0 23 0 0 0 0 0 0 0 0 0 0 0 0 0 0 0 0 0 0 0 0 0 0 0 8 0 0 0 0 0 0 0 0 0 0 0 0 0 0 0 0 0 0 36 0 0 0 0 0 0 0 0 0 0 0 0 0 0 0 0 0 0 0 30 0 0 0 0 0 0 0 0 0 0 0 0 0 0 31 0 0 0 0 0 0 0 0 0 0 0 0 0 0 0 0 0 4 0 0 0 0 0 0 0 0 0 0 0 0 0 0 0 0 0 0 0 0 0 18 0 0 0 0 0 0 0 0 0 0 0 0 0 13 0 0 0 0 0 0 0 0 0 0 0 0 0 0 0 0 0 0 0 0 0 0 0 0 11 0 0 0 0 0
41 41 0
0 0 0 0 0 0 0 0 0 0 0 0 0 8 0 0 0 0 0 0 0 0 0 0 0 0 0 0 0 0 0 0 0 0 0 0 0 0 6 0 0 0 0 0 0 0 0 0 0 0 0 0 0 0 0 0 0 13 0 0 0 0 0 0 0 0 0 0 0 0 0 0 0 0 0 0 4 0 0 0 0 0 0 0 0 0 0 0 0 0 0 0 0 0 0 0 21 0 0 0 0 0 0 0 0 0 0 0 0 0 0 0 0 0 0 0 0 0 0 0 0 30 0 0 0 0 0 0 0 0 0 0 0 0 0 0 0 0 0 0 0 0 0 0 0 0 0 0 0 0 32 0 0 0 0 0 0 0 0 0 0 0 2 0 0 0 0
43 43 0
0 0 0 0 0 0 0 0 0 0 0 0 0 0 0 0 7 0 0 0 0 0 0 0 0 0 0 0 0 0 0 0 0 0 0 0 0 0 0 0 0 0 16 0 0 0 0 0 0 0 0 0 0 0 0 0 0 0 0 0 0 0 30 0 0 0 0 0 0 0 0 0 0 0 0 0 0 0 0 0 0 25 0 0 0 0 0 0 0 0 0 0 0 0 0 0 0 0 0 0 0 0 0 0 3 0 0 0 0 0 0 0 0 0 0 8 0 0 0 0 0 0 0 0 0 0 0 0 0 0 0 0 0 0 0 0 0 0 0 0 0 0 0 15 0 0 0 0 0 0 0 0 0 0 0 0 0 0 0 0 0 0 0 0 0 0 0
47 47 0
0 0 0 0 0 0 0 0 0 0 0 0 0 0 0 0 0 0 0 0 0 0 0 7 0 0 0 0 0 0 0 0 0 0 0 0 0 0 0 0 0 0 0 0 0 0 0 0 0 0 17 0 0 0 0 0 0 0 0 0 0 0 0 0 0 0 0 0 0 0 0 0 0 0 23 0 0 0 0 0 0 0 0 0 0 0 0 0 0 0 0 0 0 0 0 0 0 0 0 0 0 0 0 0 0 0 0 0 0 0 0 0 0 0 0 0 0 0 0 0 0 0 0 0 0 0 0 0 0 0 0 0 0 0 0 0 0 0 0 0 0 0 0 0 0 0 0 0 0 0 0 0 0 0 0 0 0 0 0 0 0 0 0 0 0 0 0
53 53 0
0 0 37 0 0 0 0 0 0 0 0 0 0 0 0 0 0 0 0 0 0 0 0 0 0 0 0 0 0 0 0 0 0 0 7 0 0 0 0 0 0 0 0 0 0 0 0 0 0 0 0 0 0 0 0 0 0 0 0 0 0 0 0 0 0 0 0 0 0 0 0 0 0 0 0 0 0 0 0 0 0 0 0 0 0 0 36 0 0 0 0 0 0 0 0 0 0 0 0 0 0 0 0 0 0 30 0 0 0 0 0 0 0 0 0 0 0 0 0 0 0 0 0 3 0 0 0 0 0 0 0 0 0 0 0 0 0 0 0 0 49 0 0 0 0 0 0 0 0 0 0 0 0 0 0 0 0 0 0 20 0 0 0 0 0 0 0
59 59 0
0 0 0 0 0 0 0 0 0 0 8 0 0 0 0 0 0 0 0 0 0 0 0 0 0 0 0 0 0 0 0 0 0 0 0 0 0 0 0 0 0 0 0 0 0 0 0 0 0 0 0 0 0 0 0 0 0 0 0 0 0 0 0 0 0 0 0 0 0 0 0 0 0 0 0 0 0 0 0 0 0 0 0 0 0 0 0 0 0 0 0 0 0 0 0 0 0 0 0 15 0 0 0 0 0 0 0 0 0 0 0 0 0 0 0 0 0 0 0 0 0 0 0 0 0 0 0 0 0 0 0 0 0 0 0 0 0 0 36 0 0 0 0 0 0 0 0 0 0 0 0 0 0 0 0 0 0 0 0 0 0 0 0 0 0 0 0
562949953421312 562949953421312
