# 40 avoiders N=36 cls=A C=15/8 round=f
AVOIDER 1 7 2 4 3 16 9 8 5 21 6 24 20 18 19 13 14 10 12 11 36 30 34 32 31 25 22 15 33 23 17 28 35 29 27 26
AVOIDER 1 7 2 4 3 16 9 8 5 21 6 24 20 18 19 13 14 10 12 11 36 30 32 34 31 25 22 15 33 23 17 28 35 29 27 26
AVOIDER 1 7 2 4 3 16 9 8 5 21 6 24 20 18 19 13 14 10 12 11 36 30 32 31 34 25 22 15 33 23 17 28 35 29 27 26
AVOIDER 1 7 2 4 3 16 9 8 5 6 21 24 20 18 19 13 14 10 12 11 36 30 32 31 34 25 22 15 33 23 17 28 35 29 27 26
AVOIDER 1 7 2 4 3 16 9 8 5 6 21 24 20 18 19 13 14 10 12 11 36 30 32 34 31 25 22 15 33 23 17 28 35 29 27 26
AVOIDER 1 7 2 4 3 16 9 8 5 6 21 24 20 18 19 13 14 10 12 11 36 31 30 34 32 25 22 15 33 23 17 28 35 29 27 26
AVOIDER 1 7 2 4 3 16 9 8 5 6 21 24 20 18 19 13 14 10 12 11 36 31 30 32 34 25 22 15 33 23 17 28 35 29 27 26
AVOIDER 1 7 2 4 3 16 9 8 5 6 21 24 20 18 19 13 14 10 12 11 36 34 30 32 31 25 22 15 33 23 17 28 35 29 27 26
AVOIDER 1 7 2 4 3 16 9 8 5 6 21 24 20 18 19 13 14 10 12 11 36 31 30 34 25 32 22 15 33 23 17 28 35 29 27 26
AVOIDER 1 7 2 4 3 16 9 8 5 6 21 24 20 18 19 13 14 10 12 11 31 30 36 34 32 25 22 15 33 23 17 28 35 29 27 26
AVOIDER 1 7 2 4 3 16 9 8 5 6 21 24 20 18 19 13 14 10 12 11 31 30 36 34 25 32 22 15 33 23 17 28 35 29 27 26
AVOIDER 1 7 2 4 3 16 9 8 5 6 21 24 20 18 19 13 14 10 12 11 31 30 36 34 25 32 22 15 33 23 17 28 27 29 35 26
AVOIDER 1 7 2 4 3 16 9 8 5 6 21 24 20 18 19 13 14 10 12 11 31 30 36 34 32 25 22 15 33 23 17 28 27 29 35 26
AVOIDER 1 7 2 4 3 16 9 8 5 22 6 21 19 20 14 18 10 12 13 11 34 32 33 28 36 25 23 15 35 24 17 29 31 30 27 26
AVOIDER 1 7 2 4 3 16 9 8 5 6 22 21 19 20 14 18 10 12 13 11 34 32 33 28 36 25 23 15 35 24 17 29 31 30 27 26
AVOIDER 1 7 2 4 3 16 9 8 5 6 22 21 19 20 14 18 10 12 13 11 34 32 33 36 28 25 23 15 35 24 17 29 31 30 27 26
AVOIDER 1 7 2 4 3 16 9 8 5 22 6 21 19 20 14 18 10 12 13 11 34 32 33 36 28 25 23 15 35 24 17 29 31 30 27 26
AVOIDER 1 7 2 4 3 16 9 8 5 22 6 19 21 20 14 18 10 12 13 11 34 32 33 36 28 25 23 15 35 24 17 29 31 30 27 26
AVOIDER 1 7 2 4 3 16 9 8 5 6 22 19 21 20 14 18 10 12 13 11 34 32 33 36 28 25 23 15 35 24 17 29 31 30 27 26
AVOIDER 1 7 2 4 3 16 9 8 5 6 22 19 21 20 14 18 10 12 13 11 34 32 33 28 36 25 23 15 35 24 17 29 31 30 27 26
AVOIDER 1 7 2 4 3 16 9 8 5 22 6 19 21 20 14 18 10 12 13 11 34 32 33 28 36 25 23 15 35 24 17 29 31 30 27 26
AVOIDER 1 7 2 4 3 16 9 8 5 19 6 21 24 20 18 13 14 10 12 11 30 34 36 25 32 31 22 15 33 23 17 28 27 29 35 26
AVOIDER 1 7 2 4 3 16 9 8 5 19 6 21 24 20 18 13 14 10 12 11 34 30 36 25 32 31 22 15 33 23 17 28 27 29 35 26
AVOIDER 1 7 2 4 3 16 9 8 5 19 6 21 24 20 18 12 14 10 13 11 34 30 36 25 32 31 22 15 33 23 17 28 27 29 35 26
AVOIDER 1 7 2 4 3 16 9 8 5 19 6 21 24 20 18 12 14 10 13 11 30 34 36 25 32 31 22 15 33 23 17 28 27 29 35 26
AVOIDER 1 7 2 4 3 16 9 8 5 19 6 21 24 20 12 18 14 10 13 11 30 34 36 25 32 31 22 15 33 23 17 28 27 29 35 26
AVOIDER 1 7 2 4 3 16 9 8 5 19 6 21 24 20 12 18 14 10 13 11 34 30 36 25 32 31 22 15 33 23 17 28 27 29 35 26
AVOIDER 1 7 2 4 3 16 9 8 5 19 6 21 24 20 18 14 10 12 13 11 34 30 36 25 32 31 22 15 33 23 17 28 27 29 35 26
AVOIDER 1 7 2 4 3 16 9 8 5 19 6 21 24 20 18 14 10 12 13 11 30 34 36 25 32 31 22 15 33 23 17 28 27 29 35 26
AVOIDER 1 7 2 4 3 16 9 8 5 19 6 21 24 20 18 14 10 12 13 11 30 34 36 25 32 31 22 15 33 23 17 28 27 35 29 26
AVOIDER 1 7 2 4 3 16 9 8 5 19 6 21 24 20 18 14 10 12 13 11 34 30 36 25 32 31 22 15 33 23 17 28 27 35 29 26
AVOIDER 1 7 2 4 3 16 9 8 5 19 6 21 24 20 18 12 14 10 13 11 34 30 36 25 32 31 22 15 33 23 17 28 27 35 29 26
AVOIDER 1 7 2 4 3 16 9 8 5 19 6 21 24 20 18 13 14 10 12 11 34 30 36 25 32 31 22 15 33 23 17 28 27 35 29 26
AVOIDER 1 7 2 4 3 16 9 8 5 19 6 21 24 20 18 13 14 10 12 11 30 34 36 25 32 31 22 15 33 23 17 28 27 35 29 26
AVOIDER 1 7 2 4 3 16 9 8 5 19 6 21 24 20 18 12 14 10 13 11 30 34 36 25 32 31 22 15 33 23 17 28 27 35 29 26
AVOIDER 1 7 2 4 3 16 9 8 5 19 6 21 24 20 12 18 14 10 13 11 30 34 36 25 32 31 22 15 33 23 17 28 27 35 29 26
AVOIDER 1 7 2 4 3 16 9 8 5 19 6 21 24 20 12 18 14 10 13 11 34 30 36 25 32 31 22 15 33 23 17 28 27 35 29 26
AVOIDER 1 7 2 4 3 16 9 8 5 19 6 21 24 20 12 18 14 10 13 11 34 30 36 25 32 31 22 15 33 23 17 35 27 28 29 26
AVOIDER 1 7 2 4 3 16 9 8 5 19 6 21 24 20 12 18 14 10 13 11 30 34 36 25 32 31 22 15 33 23 17 35 27 28 29 26
AVOIDER 1 7 2 4 3 16 9 8 5 19 6 21 24 20 18 12 14 10 13 11 30 34 36 25 32 31 22 15 33 23 17 35 27 28 29 26
