AVOIDER 1 3 2 6 7 4 5 12 13 9 11 8 14 10
AVOIDER 1 3 2 6 7 4 5 11 13 12 9 8 14 10
AVOIDER 1 3 2 6 7 4 5 12 11 13 9 8 14 10
AVOIDER 1 3 2 6 7 4 5 13 11 12 9 8 14 10
AVOIDER 1 3 2 6 7 4 5 12 13 11 9 8 14 10
AVOIDER 1 3 2 7 6 4 5 12 13 9 11 8 14 10
AVOIDER 1 3 2 7 6 4 5 11 13 12 9 8 14 10
AVOIDER 1 3 2 7 6 4 5 12 11 13 9 8 14 10
AVOIDER 1 3 2 7 6 4 5 13 11 12 9 8 14 10
AVOIDER 1 3 2 7 6 4 5 12 13 11 9 8 14 10
AVOIDER 1 4 2 3 10 7 5 6 11 8 13 12 9 14
AVOIDER 1 4 2 3 10 7 5 6 11 13 8 12 9 14
AVOIDER 1 4 2 3 10 7 5 6 12 11 8 13 9 14
AVOIDER 1 4 2 3 10 7 5 6 13 11 8 12 9 14
AVOIDER 1 4 2 3 10 7 5 6 11 13 12 8 9 14
AVOIDER 1 4 2 3 10 7 5 6 12 11 13 8 9 14
AVOIDER 1 4 2 3 10 7 5 6 13 11 12 8 9 14
AVOIDER 1 4 2 3 10 7 5 6 12 13 11 8 9 14
AVOIDER 1 4 2 3 10 7 5 6 13 12 11 8 9 14
AVOIDER 1 4 2 3 10 7 5 11 6 8 13 12 9 14
AVOIDER 1 4 2 3 10 7 5 11 6 13 8 12 9 14
AVOIDER 1 4 2 3 10 7 5 12 6 11 8 13 9 14
AVOIDER 1 4 2 3 10 7 5 13 6 11 8 12 9 14
AVOIDER 1 4 2 3 10 7 5 11 6 13 12 8 9 14
AVOIDER 1 4 2 3 10 7 5 12 6 11 13 8 9 14
AVOIDER 1 4 2 3 10 7 5 13 6 11 12 8 9 14
AVOIDER 1 4 2 3 10 7 5 12 6 13 11 8 9 14
AVOIDER 1 4 2 3 10 7 5 13 6 12 11 8 9 14
