AVOIDER 5 1 2 4 3 11 10 8 6 7 16 17 12 9 19 20 14 18 13 21 15
AVOIDER 5 1 2 4 3 11 10 8 6 7 16 17 12 9 20 19 14 18 13 21 15
AVOIDER 5 1 2 4 3 11 10 8 6 7 17 16 12 9 19 20 14 18 13 21 15
AVOIDER 5 1 2 4 3 11 10 8 6 7 17 16 12 9 20 19 14 18 13 21 15
AVOIDER 5 1 2 4 3 11 10 8 6 7 16 17 12 9 19 18 20 14 13 21 15
AVOIDER 5 1 2 4 3 11 10 8 6 7 16 17 12 9 19 20 18 14 13 21 15
AVOIDER 5 1 2 4 3 11 10 8 6 7 16 17 12 9 20 19 18 14 13 21 15
AVOIDER 5 1 2 4 3 11 10 8 6 7 17 16 12 9 18 20 19 14 13 21 15
AVOIDER 5 1 2 4 3 11 10 8 6 7 17 16 12 9 19 18 20 14 13 21 15
AVOIDER 5 1 2 4 3 11 10 8 6 7 17 16 12 9 20 18 19 14 13 21 15
AVOIDER 5 1 2 4 3 11 10 8 6 7 17 16 12 9 19 20 18 14 13 21 15
AVOIDER 5 1 2 4 3 11 10 8 6 7 17 16 12 9 20 19 18 14 13 21 15
AVOIDER 5 1 2 4 3 11 10 8 6 7 16 17 12 9 19 20 14 18 21 13 15
AVOIDER 5 1 2 4 3 11 10 8 6 7 16 17 12 9 20 19 14 18 21 13 15
AVOIDER 5 1 2 4 3 11 10 8 6 7 16 17 12 9 19 20 14 21 18 13 15
AVOIDER 5 1 2 4 3 11 10 8 6 7 16 17 12 9 20 19 14 21 18 13 15
AVOIDER 5 1 2 4 3 11 10 8 6 7 17 16 12 9 19 20 14 18 21 13 15
AVOIDER 5 1 2 4 3 11 10 8 6 7 17 16 12 9 20 19 14 18 21 13 15
AVOIDER 5 1 2 4 3 11 10 8 6 7 17 16 12 9 19 20 14 21 18 13 15
AVOIDER 5 1 2 4 3 11 10 8 6 7 17 16 12 9 20 19 14 21 18 13 15
AVOIDER 5 1 2 4 3 11 10 8 6 7 16 17 12 9 19 18 20 14 21 13 15
AVOIDER 5 1 2 4 3 11 10 8 6 7 16 17 12 9 19 20 18 14 21 13 15
AVOIDER 5 1 2 4 3 11 10 8 6 7 16 17 12 9 20 19 18 14 21 13 15
AVOIDER 5 1 2 4 3 11 10 8 6 7 16 17 12 9 19 20 21 14 18 13 15
AVOIDER 5 1 2 4 3 11 10 8 6 7 16 17 12 9 19 21 20 14 18 13 15
AVOIDER 5 1 2 4 3 11 10 8 6 7 16 17 12 9 20 19 21 14 18 13 15
AVOIDER 5 1 2 4 3 11 10 8 6 7 16 17 12 9 21 19 20 14 18 13 15
AVOIDER 5 1 2 4 3 11 10 8 6 7 16 17 12 9 20 21 19 14 18 13 15
AVOIDER 5 1 2 4 3 11 10 8 6 7 17 16 12 9 18 20 19 14 21 13 15
AVOIDER 5 1 2 4 3 11 10 8 6 7 17 16 12 9 19 18 20 14 21 13 15
AVOIDER 5 1 2 4 3 11 10 8 6 7 17 16 12 9 20 18 19 14 21 13 15
AVOIDER 5 1 2 4 3 11 10 8 6 7 17 16 12 9 19 20 18 14 21 13 15
AVOIDER 5 1 2 4 3 11 10 8 6 7 17 16 12 9 20 19 18 14 21 13 15
AVOIDER 5 1 2 4 3 11 10 8 6 7 17 16 12 9 19 20 21 14 18 13 15
AVOIDER 5 1 2 4 3 11 10 8 6 7 17 16 12 9 19 21 20 14 18 13 15
AVOIDER 5 1 2 4 3 11 10 8 6 7 17 16 12 9 20 19 21 14 18 13 15
AVOIDER 5 1 2 4 3 11 10 8 6 7 17 16 12 9 21 19 20 14 18 13 15
AVOIDER 5 1 2 4 3 11 10 8 6 7 17 16 12 9 20 21 19 14 18 13 15
AVOIDER 5 1 2 4 3 11 10 8 6 7 16 17 12 9 19 18 20 21 14 13 15
AVOIDER 5 1 2 4 3 11 10 8 6 7 16 17 12 9 19 18 21 20 14 13 15
AVOIDER 5 1 2 4 3 11 10 8 6 7 16 17 12 9 19 20 18 21 14 13 15
AVOIDER 5 1 2 4 3 11 10 8 6 7 16 17 12 9 19 21 18 20 14 13 15
AVOIDER 5 1 2 4 3 11 10 8 6 7 16 17 12 9 20 19 18 21 14 13 15
AVOIDER 5 1 2 4 3 11 10 8 6 7 16 17 12 9 21 19 18 20 14 13 15
AVOIDER 5 1 2 4 3 11 10 8 6 7 16 17 12 9 19 20 21 18 14 13 15
AVOIDER 5 1 2 4 3 11 10 8 6 7 16 17 12 9 19 21 20 18 14 13 15
AVOIDER 5 1 2 4 3 11 10 8 6 7 16 17 12 9 20 19 21 18 14 13 15
AVOIDER 5 1 2 4 3 11 10 8 6 7 16 17 12 9 21 19 20 18 14 13 15
AVOIDER 5 1 2 4 3 11 10 8 6 7 16 17 12 9 20 21 19 18 14 13 15
AVOIDER 5 1 2 4 3 11 10 8 6 7 17 16 12 9 18 20 19 21 14 13 15
AVOIDER 5 1 2 4 3 11 10 8 6 7 17 16 12 9 18 20 21 19 14 13 15
AVOIDER 5 1 2 4 3 11 10 8 6 7 17 16 12 9 18 21 20 19 14 13 15
AVOIDER 5 1 2 4 3 11 10 8 6 7 17 16 12 9 19 18 20 21 14 13 15
AVOIDER 5 1 2 4 3 11 10 8 6 7 17 16 12 9 19 18 21 20 14 13 15
AVOIDER 5 1 2 4 3 11 10 8 6 7 17 16 12 9 20 18 19 21 14 13 15
AVOIDER 5 1 2 4 3 11 10 8 6 7 17 16 12 9 20 18 21 19 14 13 15
AVOIDER 5 1 2 4 3 11 10 8 6 7 17 16 12 9 21 18 20 19 14 13 15
AVOIDER 5 1 2 4 3 11 10 8 6 7 17 16 12 9 19 20 18 21 14 13 15
AVOIDER 5 1 2 4 3 11 10 8 6 7 17 16 12 9 19 21 18 20 14 13 15
AVOIDER 5 1 2 4 3 11 10 8 6 7 17 16 12 9 20 19 18 21 14 13 15
AVOIDER 5 1 2 4 3 11 10 8 6 7 17 16 12 9 21 19 18 20 14 13 15
AVOIDER 5 1 2 4 3 11 10 8 6 7 17 16 12 9 20 21 18 19 14 13 15
AVOIDER 5 1 2 4 3 11 10 8 6 7 17 16 12 9 21 20 18 19 14 13 15
AVOIDER 5 1 2 4 3 11 10 8 6 7 17 16 12 9 19 20 21 18 14 13 15
AVOIDER 5 1 2 4 3 11 10 8 6 7 17 16 12 9 19 21 20 18 14 13 15
AVOIDER 5 1 2 4 3 11 10 8 6 7 17 16 12 9 20 19 21 18 14 13 15
AVOIDER 5 1 2 4 3 11 10 8 6 7 17 16 12 9 21 19 20 18 14 13 15
AVOIDER 5 1 2 4 3 11 10 8 6 7 17 16 12 9 20 21 19 18 14 13 15
AVOIDER 5 1 2 4 3 11 10 8 6 16 7 17 12 9 19 20 14 18 13 21 15
AVOIDER 5 1 2 4 3 11 10 8 6 16 7 17 12 9 20 19 14 18 13 21 15
AVOIDER 5 1 2 4 3 11 10 8 6 17 7 16 12 9 19 20 14 18 13 21 15
AVOIDER 5 1 2 4 3 11 10 8 6 17 7 16 12 9 20 19 14 18 13 21 15
AVOIDER 5 1 2 4 3 11 10 8 6 16 7 17 12 9 19 18 20 14 13 21 15
AVOIDER 5 1 2 4 3 11 10 8 6 16 7 17 12 9 19 20 18 14 13 21 15
AVOIDER 5 1 2 4 3 11 10 8 6 16 7 17 12 9 20 19 18 14 13 21 15
AVOIDER 5 1 2 4 3 11 10 8 6 17 7 16 12 9 18 20 19 14 13 21 15
AVOIDER 5 1 2 4 3 11 10 8 6 17 7 16 12 9 19 18 20 14 13 21 15
AVOIDER 5 1 2 4 3 11 10 8 6 17 7 16 12 9 20 18 19 14 13 21 15
AVOIDER 5 1 2 4 3 11 10 8 6 17 7 16 12 9 19 20 18 14 13 21 15
AVOIDER 5 1 2 4 3 11 10 8 6 17 7 16 12 9 20 19 18 14 13 21 15
AVOIDER 5 1 2 4 3 11 10 8 6 16 7 17 12 9 19 20 14 18 21 13 15
AVOIDER 5 1 2 4 3 11 10 8 6 16 7 17 12 9 20 19 14 18 21 13 15
AVOIDER 5 1 2 4 3 11 10 8 6 16 7 17 12 9 19 20 14 21 18 13 15
AVOIDER 5 1 2 4 3 11 10 8 6 16 7 17 12 9 20 19 14 21 18 13 15
AVOIDER 5 1 2 4 3 11 10 8 6 17 7 16 12 9 19 20 14 18 21 13 15
AVOIDER 5 1 2 4 3 11 10 8 6 17 7 16 12 9 20 19 14 18 21 13 15
AVOIDER 5 1 2 4 3 11 10 8 6 17 7 16 12 9 19 20 14 21 18 13 15
AVOIDER 5 1 2 4 3 11 10 8 6 17 7 16 12 9 20 19 14 21 18 13 15
AVOIDER 5 1 2 4 3 11 10 8 6 16 7 17 12 9 19 18 20 14 21 13 15
AVOIDER 5 1 2 4 3 11 10 8 6 16 7 17 12 9 19 20 18 14 21 13 15
AVOIDER 5 1 2 4 3 11 10 8 6 16 7 17 12 9 20 19 18 14 21 13 15
AVOIDER 5 1 2 4 3 11 10 8 6 16 7 17 12 9 19 20 21 14 18 13 15
AVOIDER 5 1 2 4 3 11 10 8 6 16 7 17 12 9 19 21 20 14 18 13 15
AVOIDER 5 1 2 4 3 11 10 8 6 16 7 17 12 9 20 19 21 14 18 13 15
AVOIDER 5 1 2 4 3 11 10 8 6 16 7 17 12 9 21 19 20 14 18 13 15
AVOIDER 5 1 2 4 3 11 10 8 6 16 7 17 12 9 20 21 19 14 18 13 15
AVOIDER 5 1 2 4 3 11 10 8 6 17 7 16 12 9 18 20 19 14 21 13 15
AVOIDER 5 1 2 4 3 11 10 8 6 17 7 16 12 9 19 18 20 14 21 13 15
AVOIDER 5 1 2 4 3 11 10 8 6 17 7 16 12 9 20 18 19 14 21 13 15
AVOIDER 5 1 2 4 3 11 10 8 6 17 7 16 12 9 19 20 18 14 21 13 15
AVOIDER 5 1 2 4 3 11 10 8 6 17 7 16 12 9 20 19 18 14 21 13 15
AVOIDER 5 1 2 4 3 11 10 8 6 17 7 16 12 9 19 20 21 14 18 13 15
AVOIDER 5 1 2 4 3 11 10 8 6 17 7 16 12 9 19 21 20 14 18 13 15
AVOIDER 5 1 2 4 3 11 10 8 6 17 7 16 12 9 20 19 21 14 18 13 15
AVOIDER 5 1 2 4 3 11 10 8 6 17 7 16 12 9 21 19 20 14 18 13 15
AVOIDER 5 1 2 4 3 11 10 8 6 17 7 16 12 9 20 21 19 14 18 13 15
AVOIDER 5 1 2 4 3 11 10 8 6 16 7 17 12 9 19 18 20 21 14 13 15
AVOIDER 5 1 2 4 3 11 10 8 6 16 7 17 12 9 19 18 21 20 14 13 15
AVOIDER 5 1 2 4 3 11 10 8 6 16 7 17 12 9 19 20 18 21 14 13 15
AVOIDER 5 1 2 4 3 11 10 8 6 16 7 17 12 9 19 21 18 20 14 13 15
AVOIDER 5 1 2 4 3 11 10 8 6 16 7 17 12 9 20 19 18 21 14 13 15
AVOIDER 5 1 2 4 3 11 10 8 6 16 7 17 12 9 21 19 18 20 14 13 15
AVOIDER 5 1 2 4 3 11 10 8 6 16 7 17 12 9 19 20 21 18 14 13 15
AVOIDER 5 1 2 4 3 11 10 8 6 16 7 17 12 9 19 21 20 18 14 13 15
AVOIDER 5 1 2 4 3 11 10 8 6 16 7 17 12 9 20 19 21 18 14 13 15
AVOIDER 5 1 2 4 3 11 10 8 6 16 7 17 12 9 21 19 20 18 14 13 15
AVOIDER 5 1 2 4 3 11 10 8 6 16 7 17 12 9 20 21 19 18 14 13 15
AVOIDER 5 1 2 4 3 11 10 8 6 17 7 16 12 9 18 20 19 21 14 13 15
AVOIDER 5 1 2 4 3 11 10 8 6 17 7 16 12 9 18 20 21 19 14 13 15
AVOIDER 5 1 2 4 3 11 10 8 6 17 7 16 12 9 18 21 20 19 14 13 15
AVOIDER 5 1 2 4 3 11 10 8 6 17 7 16 12 9 19 18 20 21 14 13 15
AVOIDER 5 1 2 4 3 11 10 8 6 17 7 16 12 9 19 18 21 20 14 13 15
AVOIDER 5 1 2 4 3 11 10 8 6 17 7 16 12 9 20 18 19 21 14 13 15
AVOIDER 5 1 2 4 3 11 10 8 6 17 7 16 12 9 20 18 21 19 14 13 15
AVOIDER 5 1 2 4 3 11 10 8 6 17 7 16 12 9 21 18 20 19 14 13 15
AVOIDER 5 1 2 4 3 11 10 8 6 17 7 16 12 9 19 20 18 21 14 13 15
AVOIDER 5 1 2 4 3 11 10 8 6 17 7 16 12 9 19 21 18 20 14 13 15
AVOIDER 5 1 2 4 3 11 10 8 6 17 7 16 12 9 20 19 18 21 14 13 15
AVOIDER 5 1 2 4 3 11 10 8 6 17 7 16 12 9 21 19 18 20 14 13 15
AVOIDER 5 1 2 4 3 11 10 8 6 17 7 16 12 9 20 21 18 19 14 13 15
AVOIDER 5 1 2 4 3 11 10 8 6 17 7 16 12 9 21 20 18 19 14 13 15
AVOIDER 5 1 2 4 3 11 10 8 6 17 7 16 12 9 19 20 21 18 14 13 15
AVOIDER 5 1 2 4 3 11 10 8 6 17 7 16 12 9 19 21 20 18 14 13 15
AVOIDER 5 1 2 4 3 11 10 8 6 17 7 16 12 9 20 19 21 18 14 13 15
AVOIDER 5 1 2 4 3 11 10 8 6 17 7 16 12 9 21 19 20 18 14 13 15
AVOIDER 5 1 2 4 3 11 10 8 6 17 7 16 12 9 20 21 19 18 14 13 15
AVOIDER 7 1 2 4 3 10 8 5 6 16 12 18 13 9 11 19 21 15 17 20 14
AVOIDER 7 1 2 4 3 10 8 5 6 16 12 18 13 9 11 21 19 15 17 20 14
AVOIDER 7 1 2 4 3 10 8 5 6 16 12 18 13 9 11 19 21 15 20 17 14
AVOIDER 7 1 2 4 3 10 8 5 6 16 12 18 13 9 11 21 19 15 20 17 14
AVOIDER 7 1 2 4 3 10 8 5 6 16 12 18 13 9 11 17 19 21 15 20 14
AVOIDER 7 1 2 4 3 10 8 5 6 16 12 18 13 9 11 17 21 19 15 20 14
AVOIDER 7 1 2 4 3 10 8 5 6 16 12 18 13 9 11 19 17 21 15 20 14
AVOIDER 7 1 2 4 3 10 8 5 6 16 12 18 13 9 11 21 17 19 15 20 14
AVOIDER 7 1 2 4 3 10 8 5 6 16 12 18 13 9 11 19 21 17 15 20 14
AVOIDER 7 1 2 4 3 10 8 5 6 16 12 18 13 9 11 19 21 20 15 17 14
AVOIDER 7 1 2 4 3 10 8 5 6 16 12 18 13 9 11 20 19 21 15 17 14
AVOIDER 7 1 2 4 3 10 8 5 6 16 12 18 13 9 11 21 19 20 15 17 14
AVOIDER 7 1 2 4 3 10 8 5 6 16 12 18 13 9 11 20 21 19 15 17 14
AVOIDER 7 1 2 4 3 10 8 5 6 16 12 18 13 9 11 21 20 19 15 17 14
AVOIDER 7 1 2 4 3 10 8 5 6 16 12 18 13 9 11 17 19 21 20 15 14
AVOIDER 7 1 2 4 3 10 8 5 6 16 12 18 13 9 11 17 20 19 21 15 14
AVOIDER 7 1 2 4 3 10 8 5 6 16 12 18 13 9 11 17 21 19 20 15 14
AVOIDER 7 1 2 4 3 10 8 5 6 16 12 18 13 9 11 17 20 21 19 15 14
AVOIDER 7 1 2 4 3 10 8 5 6 16 12 18 13 9 11 17 21 20 19 15 14
AVOIDER 7 1 2 4 3 10 8 5 6 16 12 18 13 9 11 19 17 21 20 15 14
AVOIDER 7 1 2 4 3 10 8 5 6 16 12 18 13 9 11 20 17 19 21 15 14
AVOIDER 7 1 2 4 3 10 8 5 6 16 12 18 13 9 11 21 17 19 20 15 14
AVOIDER 7 1 2 4 3 10 8 5 6 16 12 18 13 9 11 20 17 21 19 15 14
AVOIDER 7 1 2 4 3 10 8 5 6 16 12 18 13 9 11 21 17 20 19 15 14
AVOIDER 7 1 2 4 3 10 8 5 6 16 12 18 13 9 11 19 21 17 20 15 14
AVOIDER 7 1 2 4 3 10 8 5 6 16 12 18 13 9 11 20 19 17 21 15 14
AVOIDER 7 1 2 4 3 10 8 5 6 16 12 18 13 9 11 20 21 17 19 15 14
AVOIDER 7 1 2 4 3 10 8 5 6 16 12 18 13 9 11 21 20 17 19 15 14
AVOIDER 7 1 2 4 3 10 8 5 6 16 12 18 13 9 11 19 21 20 17 15 14
AVOIDER 7 1 2 4 3 10 8 5 6 16 12 18 13 9 11 20 19 21 17 15 14
AVOIDER 7 1 2 4 3 10 8 5 6 16 18 12 13 9 11 19 21 15 17 20 14
AVOIDER 7 1 2 4 3 10 8 5 6 16 18 12 13 9 11 21 19 15 17 20 14
AVOIDER 7 1 2 4 3 10 8 5 6 16 18 12 13 9 11 19 21 15 20 17 14
AVOIDER 7 1 2 4 3 10 8 5 6 16 18 12 13 9 11 21 19 15 20 17 14
AVOIDER 7 1 2 4 3 10 8 5 6 18 16 12 13 9 11 19 21 15 17 20 14
AVOIDER 7 1 2 4 3 10 8 5 6 18 16 12 13 9 11 21 19 15 17 20 14
AVOIDER 7 1 2 4 3 10 8 5 6 18 16 12 13 9 11 19 21 15 20 17 14
AVOIDER 7 1 2 4 3 10 8 5 6 18 16 12 13 9 11 21 19 15 20 17 14
AVOIDER 7 1 2 4 3 10 8 5 6 16 18 12 13 9 11 17 19 21 15 20 14
AVOIDER 7 1 2 4 3 10 8 5 6 16 18 12 13 9 11 17 21 19 15 20 14
AVOIDER 7 1 2 4 3 10 8 5 6 16 18 12 13 9 11 19 17 21 15 20 14
AVOIDER 7 1 2 4 3 10 8 5 6 16 18 12 13 9 11 21 17 19 15 20 14
AVOIDER 7 1 2 4 3 10 8 5 6 16 18 12 13 9 11 19 21 17 15 20 14
AVOIDER 7 1 2 4 3 10 8 5 6 16 18 12 13 9 11 19 21 20 15 17 14
AVOIDER 7 1 2 4 3 10 8 5 6 16 18 12 13 9 11 20 19 21 15 17 14
AVOIDER 7 1 2 4 3 10 8 5 6 16 18 12 13 9 11 21 19 20 15 17 14
AVOIDER 7 1 2 4 3 10 8 5 6 16 18 12 13 9 11 20 21 19 15 17 14
AVOIDER 7 1 2 4 3 10 8 5 6 16 18 12 13 9 11 21 20 19 15 17 14
AVOIDER 7 1 2 4 3 10 8 5 6 18 16 12 13 9 11 17 19 21 15 20 14
AVOIDER 7 1 2 4 3 10 8 5 6 18 16 12 13 9 11 17 21 19 15 20 14
AVOIDER 7 1 2 4 3 10 8 5 6 18 16 12 13 9 11 19 17 21 15 20 14
AVOIDER 7 1 2 4 3 10 8 5 6 18 16 12 13 9 11 21 17 19 15 20 14
AVOIDER 7 1 2 4 3 10 8 5 6 18 16 12 13 9 11 19 21 17 15 20 14
AVOIDER 7 1 2 4 3 10 8 5 6 18 16 12 13 9 11 19 21 20 15 17 14
AVOIDER 7 1 2 4 3 10 8 5 6 18 16 12 13 9 11 20 19 21 15 17 14
AVOIDER 7 1 2 4 3 10 8 5 6 18 16 12 13 9 11 21 19 20 15 17 14
AVOIDER 7 1 2 4 3 10 8 5 6 18 16 12 13 9 11 20 21 19 15 17 14
AVOIDER 7 1 2 4 3 10 8 5 6 18 16 12 13 9 11 21 20 19 15 17 14
AVOIDER 7 1 2 4 3 10 8 5 6 16 18 12 13 9 11 17 19 21 20 15 14
AVOIDER 7 1 2 4 3 10 8 5 6 16 18 12 13 9 11 17 20 19 21 15 14
AVOIDER 7 1 2 4 3 10 8 5 6 16 18 12 13 9 11 17 21 19 20 15 14
AVOIDER 7 1 2 4 3 10 8 5 6 16 18 12 13 9 11 17 20 21 19 15 14
AVOIDER 7 1 2 4 3 10 8 5 6 16 18 12 13 9 11 17 21 20 19 15 14
AVOIDER 7 1 2 4 3 10 8 5 6 16 18 12 13 9 11 19 17 21 20 15 14
AVOIDER 7 1 2 4 3 10 8 5 6 16 18 12 13 9 11 20 17 19 21 15 14
AVOIDER 7 1 2 4 3 10 8 5 6 16 18 12 13 9 11 21 17 19 20 15 14
AVOIDER 7 1 2 4 3 10 8 5 6 16 18 12 13 9 11 20 17 21 19 15 14
AVOIDER 7 1 2 4 3 10 8 5 6 16 18 12 13 9 11 21 17 20 19 15 14
AVOIDER 7 1 2 4 3 10 8 5 6 16 18 12 13 9 11 19 21 17 20 15 14
AVOIDER 7 1 2 4 3 10 8 5 6 16 18 12 13 9 11 20 19 17 21 15 14
AVOIDER 7 1 2 4 3 10 8 5 6 16 18 12 13 9 11 20 21 17 19 15 14
AVOIDER 7 1 2 4 3 10 8 5 6 16 18 12 13 9 11 21 20 17 19 15 14
AVOIDER 7 1 2 4 3 10 8 5 6 16 18 12 13 9 11 19 21 20 17 15 14
AVOIDER 7 1 2 4 3 10 8 5 6 16 18 12 13 9 11 20 19 21 17 15 14
AVOIDER 7 1 2 4 3 10 8 5 6 18 16 12 13 9 11 17 19 21 20 15 14
AVOIDER 7 1 2 4 3 10 8 5 6 18 16 12 13 9 11 17 20 19 21 15 14
AVOIDER 7 1 2 4 3 10 8 5 6 18 16 12 13 9 11 17 21 19 20 15 14
AVOIDER 7 1 2 4 3 10 8 5 6 18 16 12 13 9 11 17 20 21 19 15 14
AVOIDER 7 1 2 4 3 10 8 5 6 18 16 12 13 9 11 17 21 20 19 15 14
AVOIDER 7 1 2 4 3 10 8 5 6 18 16 12 13 9 11 19 17 21 20 15 14
AVOIDER 7 1 2 4 3 10 8 5 6 18 16 12 13 9 11 20 17 19 21 15 14
AVOIDER 7 1 2 4 3 10 8 5 6 18 16 12 13 9 11 21 17 19 20 15 14
AVOIDER 7 1 2 4 3 10 8 5 6 18 16 12 13 9 11 20 17 21 19 15 14
AVOIDER 7 1 2 4 3 10 8 5 6 18 16 12 13 9 11 21 17 20 19 15 14
AVOIDER 7 1 2 4 3 10 8 5 6 18 16 12 13 9 11 19 21 17 20 15 14
AVOIDER 7 1 2 4 3 10 8 5 6 18 16 12 13 9 11 20 19 17 21 15 14
AVOIDER 7 1 2 4 3 10 8 5 6 18 16 12 13 9 11 20 21 17 19 15 14
AVOIDER 7 1 2 4 3 10 8 5 6 18 16 12 13 9 11 21 20 17 19 15 14
AVOIDER 7 1 2 4 3 10 8 5 6 18 16 12 13 9 11 19 21 20 17 15 14
AVOIDER 7 1 2 4 3 10 8 5 6 18 16 12 13 9 11 20 19 21 17 15 14
AVOIDER 7 1 2 4 3 10 8 5 6 16 18 13 12 9 11 17 20 19 14 21 15
AVOIDER 7 1 2 4 3 10 8 5 6 16 18 13 12 9 11 20 17 19 14 21 15
AVOIDER 7 1 2 4 3 10 8 5 6 16 18 13 12 9 11 20 19 17 14 21 15
AVOIDER 7 1 2 4 3 10 8 5 6 18 16 13 12 9 11 17 20 19 14 21 15
AVOIDER 7 1 2 4 3 10 8 5 6 18 16 13 12 9 11 20 17 19 14 21 15
AVOIDER 7 1 2 4 3 10 8 5 6 18 16 13 12 9 11 20 19 17 14 21 15
AVOIDER 7 1 2 4 3 10 8 5 6 16 18 13 12 9 11 17 19 21 20 14 15
AVOIDER 7 1 2 4 3 10 8 5 6 16 18 13 12 9 11 17 20 19 21 14 15
AVOIDER 7 1 2 4 3 10 8 5 6 16 18 13 12 9 11 17 21 19 20 14 15
AVOIDER 7 1 2 4 3 10 8 5 6 16 18 13 12 9 11 17 20 21 19 14 15
AVOIDER 7 1 2 4 3 10 8 5 6 16 18 13 12 9 11 17 21 20 19 14 15
AVOIDER 7 1 2 4 3 10 8 5 6 16 18 13 12 9 11 19 17 21 20 14 15
AVOIDER 7 1 2 4 3 10 8 5 6 16 18 13 12 9 11 20 17 19 21 14 15
AVOIDER 7 1 2 4 3 10 8 5 6 16 18 13 12 9 11 21 17 19 20 14 15
AVOIDER 7 1 2 4 3 10 8 5 6 16 18 13 12 9 11 20 17 21 19 14 15
AVOIDER 7 1 2 4 3 10 8 5 6 16 18 13 12 9 11 21 17 20 19 14 15
AVOIDER 7 1 2 4 3 10 8 5 6 16 18 13 12 9 11 19 21 17 20 14 15
AVOIDER 7 1 2 4 3 10 8 5 6 16 18 13 12 9 11 20 19 17 21 14 15
AVOIDER 7 1 2 4 3 10 8 5 6 16 18 13 12 9 11 20 21 17 19 14 15
AVOIDER 7 1 2 4 3 10 8 5 6 16 18 13 12 9 11 21 20 17 19 14 15
AVOIDER 7 1 2 4 3 10 8 5 6 16 18 13 12 9 11 19 21 20 17 14 15
AVOIDER 7 1 2 4 3 10 8 5 6 16 18 13 12 9 11 20 19 21 17 14 15
AVOIDER 7 1 2 4 3 10 8 5 6 18 16 13 12 9 11 17 19 21 20 14 15
AVOIDER 7 1 2 4 3 10 8 5 6 18 16 13 12 9 11 17 20 19 21 14 15
AVOIDER 7 1 2 4 3 10 8 5 6 18 16 13 12 9 11 17 21 19 20 14 15
AVOIDER 7 1 2 4 3 10 8 5 6 18 16 13 12 9 11 17 20 21 19 14 15
AVOIDER 7 1 2 4 3 10 8 5 6 18 16 13 12 9 11 17 21 20 19 14 15
AVOIDER 7 1 2 4 3 10 8 5 6 18 16 13 12 9 11 19 17 21 20 14 15
AVOIDER 7 1 2 4 3 10 8 5 6 18 16 13 12 9 11 20 17 19 21 14 15
AVOIDER 7 1 2 4 3 10 8 5 6 18 16 13 12 9 11 21 17 19 20 14 15
AVOIDER 7 1 2 4 3 10 8 5 6 18 16 13 12 9 11 20 17 21 19 14 15
AVOIDER 7 1 2 4 3 10 8 5 6 18 16 13 12 9 11 21 17 20 19 14 15
AVOIDER 7 1 2 4 3 10 8 5 6 18 16 13 12 9 11 19 21 17 20 14 15
AVOIDER 7 1 2 4 3 10 8 5 6 18 16 13 12 9 11 20 19 17 21 14 15
AVOIDER 7 1 2 4 3 10 8 5 6 18 16 13 12 9 11 20 21 17 19 14 15
AVOIDER 7 1 2 4 3 10 8 5 6 18 16 13 12 9 11 21 20 17 19 14 15
AVOIDER 7 1 2 4 3 10 8 5 6 18 16 13 12 9 11 19 21 20 17 14 15
AVOIDER 7 1 2 4 3 10 8 5 6 18 16 13 12 9 11 20 19 21 17 14 15
AVOIDER 7 1 2 4 3 10 8 5 6 16 18 13 12 9 11 19 21 15 17 20 14
AVOIDER 7 1 2 4 3 10 8 5 6 16 18 13 12 9 11 21 19 15 17 20 14
AVOIDER 7 1 2 4 3 10 8 5 6 16 18 13 12 9 11 19 21 15 20 17 14
AVOIDER 7 1 2 4 3 10 8 5 6 16 18 13 12 9 11 21 19 15 20 17 14
AVOIDER 7 1 2 4 3 10 8 5 6 18 16 13 12 9 11 19 21 15 17 20 14
AVOIDER 7 1 2 4 3 10 8 5 6 18 16 13 12 9 11 21 19 15 17 20 14
AVOIDER 7 1 2 4 3 10 8 5 6 18 16 13 12 9 11 19 21 15 20 17 14
AVOIDER 7 1 2 4 3 10 8 5 6 18 16 13 12 9 11 21 19 15 20 17 14
AVOIDER 7 1 2 4 3 10 8 5 6 16 18 13 12 9 11 17 19 21 15 20 14
AVOIDER 7 1 2 4 3 10 8 5 6 16 18 13 12 9 11 17 21 19 15 20 14
AVOIDER 7 1 2 4 3 10 8 5 6 16 18 13 12 9 11 19 17 21 15 20 14
AVOIDER 7 1 2 4 3 10 8 5 6 16 18 13 12 9 11 21 17 19 15 20 14
AVOIDER 7 1 2 4 3 10 8 5 6 16 18 13 12 9 11 19 21 17 15 20 14
AVOIDER 7 1 2 4 3 10 8 5 6 16 18 13 12 9 11 19 21 20 15 17 14
AVOIDER 7 1 2 4 3 10 8 5 6 16 18 13 12 9 11 20 19 21 15 17 14
AVOIDER 7 1 2 4 3 10 8 5 6 16 18 13 12 9 11 21 19 20 15 17 14
AVOIDER 7 1 2 4 3 10 8 5 6 16 18 13 12 9 11 20 21 19 15 17 14
AVOIDER 7 1 2 4 3 10 8 5 6 16 18 13 12 9 11 21 20 19 15 17 14
AVOIDER 7 1 2 4 3 10 8 5 6 18 16 13 12 9 11 17 19 21 15 20 14
AVOIDER 7 1 2 4 3 10 8 5 6 18 16 13 12 9 11 17 21 19 15 20 14
AVOIDER 7 1 2 4 3 10 8 5 6 18 16 13 12 9 11 19 17 21 15 20 14
AVOIDER 7 1 2 4 3 10 8 5 6 18 16 13 12 9 11 21 17 19 15 20 14
AVOIDER 7 1 2 4 3 10 8 5 6 18 16 13 12 9 11 19 21 17 15 20 14
AVOIDER 7 1 2 4 3 10 8 5 6 18 16 13 12 9 11 19 21 20 15 17 14
AVOIDER 7 1 2 4 3 10 8 5 6 18 16 13 12 9 11 20 19 21 15 17 14
AVOIDER 7 1 2 4 3 10 8 5 6 18 16 13 12 9 11 21 19 20 15 17 14
AVOIDER 7 1 2 4 3 10 8 5 6 18 16 13 12 9 11 20 21 19 15 17 14
AVOIDER 7 1 2 4 3 10 8 5 6 18 16 13 12 9 11 21 20 19 15 17 14
AVOIDER 7 1 2 4 3 10 8 5 6 16 18 13 12 9 11 17 19 21 20 15 14
AVOIDER 7 1 2 4 3 10 8 5 6 16 18 13 12 9 11 17 20 19 21 15 14
AVOIDER 7 1 2 4 3 10 8 5 6 16 18 13 12 9 11 17 21 19 20 15 14
AVOIDER 7 1 2 4 3 10 8 5 6 16 18 13 12 9 11 17 20 21 19 15 14
AVOIDER 7 1 2 4 3 10 8 5 6 16 18 13 12 9 11 17 21 20 19 15 14
AVOIDER 7 1 2 4 3 10 8 5 6 16 18 13 12 9 11 19 17 21 20 15 14
AVOIDER 7 1 2 4 3 10 8 5 6 16 18 13 12 9 11 20 17 19 21 15 14
AVOIDER 7 1 2 4 3 10 8 5 6 16 18 13 12 9 11 21 17 19 20 15 14
AVOIDER 7 1 2 4 3 10 8 5 6 16 18 13 12 9 11 20 17 21 19 15 14
AVOIDER 7 1 2 4 3 10 8 5 6 16 18 13 12 9 11 21 17 20 19 15 14
AVOIDER 7 1 2 4 3 10 8 5 6 16 18 13 12 9 11 19 21 17 20 15 14
AVOIDER 7 1 2 4 3 10 8 5 6 16 18 13 12 9 11 20 19 17 21 15 14
AVOIDER 7 1 2 4 3 10 8 5 6 16 18 13 12 9 11 20 21 17 19 15 14
AVOIDER 7 1 2 4 3 10 8 5 6 16 18 13 12 9 11 21 20 17 19 15 14
AVOIDER 7 1 2 4 3 10 8 5 6 16 18 13 12 9 11 19 21 20 17 15 14
AVOIDER 7 1 2 4 3 10 8 5 6 16 18 13 12 9 11 20 19 21 17 15 14
AVOIDER 7 1 2 4 3 10 8 5 6 18 16 13 12 9 11 17 19 21 20 15 14
AVOIDER 7 1 2 4 3 10 8 5 6 18 16 13 12 9 11 17 20 19 21 15 14
AVOIDER 7 1 2 4 3 10 8 5 6 18 16 13 12 9 11 17 21 19 20 15 14
AVOIDER 7 1 2 4 3 10 8 5 6 18 16 13 12 9 11 17 20 21 19 15 14
AVOIDER 7 1 2 4 3 10 8 5 6 18 16 13 12 9 11 17 21 20 19 15 14
AVOIDER 7 1 2 4 3 10 8 5 6 18 16 13 12 9 11 19 17 21 20 15 14
AVOIDER 7 1 2 4 3 10 8 5 6 18 16 13 12 9 11 20 17 19 21 15 14
AVOIDER 7 1 2 4 3 10 8 5 6 18 16 13 12 9 11 21 17 19 20 15 14
AVOIDER 7 1 2 4 3 10 8 5 6 18 16 13 12 9 11 20 17 21 19 15 14
AVOIDER 7 1 2 4 3 10 8 5 6 18 16 13 12 9 11 21 17 20 19 15 14
AVOIDER 7 1 2 4 3 10 8 5 6 18 16 13 12 9 11 19 21 17 20 15 14
AVOIDER 7 1 2 4 3 10 8 5 6 18 16 13 12 9 11 20 19 17 21 15 14
AVOIDER 7 1 2 4 3 10 8 5 6 18 16 13 12 9 11 20 21 17 19 15 14
AVOIDER 7 1 2 4 3 10 8 5 6 18 16 13 12 9 11 21 20 17 19 15 14
AVOIDER 7 1 2 4 3 10 8 5 6 18 16 13 12 9 11 19 21 20 17 15 14
AVOIDER 7 1 2 4 3 10 8 5 6 18 16 13 12 9 11 20 19 21 17 15 14
AVOIDER 7 1 2 4 3 10 8 5 6 16 12 18 13 9 19 11 21 15 17 20 14
AVOIDER 7 1 2 4 3 10 8 5 6 16 12 18 13 9 21 11 19 15 17 20 14
AVOIDER 7 1 2 4 3 10 8 5 6 16 12 18 13 9 19 11 21 15 20 17 14
AVOIDER 7 1 2 4 3 10 8 5 6 16 12 18 13 9 21 11 19 15 20 17 14
AVOIDER 7 1 2 4 3 10 8 5 6 16 12 18 13 9 17 11 19 21 15 20 14
AVOIDER 7 1 2 4 3 10 8 5 6 16 12 18 13 9 17 11 21 19 15 20 14
AVOIDER 7 1 2 4 3 10 8 5 6 16 12 18 13 9 19 11 17 21 15 20 14
AVOIDER 7 1 2 4 3 10 8 5 6 16 12 18 13 9 21 11 17 19 15 20 14
AVOIDER 7 1 2 4 3 10 8 5 6 16 12 18 13 9 19 11 21 17 15 20 14
AVOIDER 7 1 2 4 3 10 8 5 6 16 12 18 13 9 19 11 21 20 15 17 14
AVOIDER 7 1 2 4 3 10 8 5 6 16 12 18 13 9 20 11 19 21 15 17 14
AVOIDER 7 1 2 4 3 10 8 5 6 16 12 18 13 9 21 11 19 20 15 17 14
AVOIDER 7 1 2 4 3 10 8 5 6 16 12 18 13 9 20 11 21 19 15 17 14
AVOIDER 7 1 2 4 3 10 8 5 6 16 12 18 13 9 21 11 20 19 15 17 14
AVOIDER 7 1 2 4 3 10 8 5 6 16 12 18 13 9 17 11 19 21 20 15 14
AVOIDER 7 1 2 4 3 10 8 5 6 16 12 18 13 9 17 11 20 19 21 15 14
AVOIDER 7 1 2 4 3 10 8 5 6 16 12 18 13 9 17 11 21 19 20 15 14
AVOIDER 7 1 2 4 3 10 8 5 6 16 12 18 13 9 17 11 20 21 19 15 14
AVOIDER 7 1 2 4 3 10 8 5 6 16 12 18 13 9 17 11 21 20 19 15 14
AVOIDER 7 1 2 4 3 10 8 5 6 16 12 18 13 9 19 11 17 21 20 15 14
AVOIDER 7 1 2 4 3 10 8 5 6 16 12 18 13 9 20 11 17 19 21 15 14
AVOIDER 7 1 2 4 3 10 8 5 6 16 12 18 13 9 21 11 17 19 20 15 14
AVOIDER 7 1 2 4 3 10 8 5 6 16 12 18 13 9 20 11 17 21 19 15 14
AVOIDER 7 1 2 4 3 10 8 5 6 16 12 18 13 9 21 11 17 20 19 15 14
AVOIDER 7 1 2 4 3 10 8 5 6 16 12 18 13 9 19 11 21 17 20 15 14
AVOIDER 7 1 2 4 3 10 8 5 6 16 12 18 13 9 20 11 19 17 21 15 14
AVOIDER 7 1 2 4 3 10 8 5 6 16 12 18 13 9 20 11 21 17 19 15 14
AVOIDER 7 1 2 4 3 10 8 5 6 16 12 18 13 9 21 11 20 17 19 15 14
AVOIDER 7 1 2 4 3 10 8 5 6 16 12 18 13 9 19 11 21 20 17 15 14
AVOIDER 7 1 2 4 3 10 8 5 6 16 12 18 13 9 20 11 19 21 17 15 14
AVOIDER 7 1 2 4 3 10 8 5 6 16 18 12 13 9 19 11 21 15 17 20 14
AVOIDER 7 1 2 4 3 10 8 5 6 16 18 12 13 9 21 11 19 15 17 20 14
AVOIDER 7 1 2 4 3 10 8 5 6 16 18 12 13 9 19 11 21 15 20 17 14
AVOIDER 7 1 2 4 3 10 8 5 6 16 18 12 13 9 21 11 19 15 20 17 14
AVOIDER 7 1 2 4 3 10 8 5 6 18 16 12 13 9 19 11 21 15 17 20 14
AVOIDER 7 1 2 4 3 10 8 5 6 18 16 12 13 9 21 11 19 15 17 20 14
AVOIDER 7 1 2 4 3 10 8 5 6 18 16 12 13 9 19 11 21 15 20 17 14
AVOIDER 7 1 2 4 3 10 8 5 6 18 16 12 13 9 21 11 19 15 20 17 14
AVOIDER 7 1 2 4 3 10 8 5 6 16 18 12 13 9 17 11 19 21 15 20 14
AVOIDER 7 1 2 4 3 10 8 5 6 16 18 12 13 9 17 11 21 19 15 20 14
AVOIDER 7 1 2 4 3 10 8 5 6 16 18 12 13 9 19 11 17 21 15 20 14
AVOIDER 7 1 2 4 3 10 8 5 6 16 18 12 13 9 21 11 17 19 15 20 14
AVOIDER 7 1 2 4 3 10 8 5 6 16 18 12 13 9 19 11 21 17 15 20 14
AVOIDER 7 1 2 4 3 10 8 5 6 16 18 12 13 9 19 11 21 20 15 17 14
AVOIDER 7 1 2 4 3 10 8 5 6 16 18 12 13 9 20 11 19 21 15 17 14
AVOIDER 7 1 2 4 3 10 8 5 6 16 18 12 13 9 21 11 19 20 15 17 14
AVOIDER 7 1 2 4 3 10 8 5 6 16 18 12 13 9 20 11 21 19 15 17 14
AVOIDER 7 1 2 4 3 10 8 5 6 16 18 12 13 9 21 11 20 19 15 17 14
AVOIDER 7 1 2 4 3 10 8 5 6 18 16 12 13 9 17 11 19 21 15 20 14
AVOIDER 7 1 2 4 3 10 8 5 6 18 16 12 13 9 17 11 21 19 15 20 14
AVOIDER 7 1 2 4 3 10 8 5 6 18 16 12 13 9 19 11 17 21 15 20 14
AVOIDER 7 1 2 4 3 10 8 5 6 18 16 12 13 9 21 11 17 19 15 20 14
AVOIDER 7 1 2 4 3 10 8 5 6 18 16 12 13 9 19 11 21 17 15 20 14
AVOIDER 7 1 2 4 3 10 8 5 6 18 16 12 13 9 19 11 21 20 15 17 14
AVOIDER 7 1 2 4 3 10 8 5 6 18 16 12 13 9 20 11 19 21 15 17 14
AVOIDER 7 1 2 4 3 10 8 5 6 18 16 12 13 9 21 11 19 20 15 17 14
AVOIDER 7 1 2 4 3 10 8 5 6 18 16 12 13 9 20 11 21 19 15 17 14
AVOIDER 7 1 2 4 3 10 8 5 6 18 16 12 13 9 21 11 20 19 15 17 14
AVOIDER 7 1 2 4 3 10 8 5 6 16 18 12 13 9 17 11 19 21 20 15 14
AVOIDER 7 1 2 4 3 10 8 5 6 16 18 12 13 9 17 11 20 19 21 15 14
AVOIDER 7 1 2 4 3 10 8 5 6 16 18 12 13 9 17 11 21 19 20 15 14
AVOIDER 7 1 2 4 3 10 8 5 6 16 18 12 13 9 17 11 20 21 19 15 14
AVOIDER 7 1 2 4 3 10 8 5 6 16 18 12 13 9 17 11 21 20 19 15 14
AVOIDER 7 1 2 4 3 10 8 5 6 16 18 12 13 9 19 11 17 21 20 15 14
AVOIDER 7 1 2 4 3 10 8 5 6 16 18 12 13 9 20 11 17 19 21 15 14
AVOIDER 7 1 2 4 3 10 8 5 6 16 18 12 13 9 21 11 17 19 20 15 14
AVOIDER 7 1 2 4 3 10 8 5 6 16 18 12 13 9 20 11 17 21 19 15 14
AVOIDER 7 1 2 4 3 10 8 5 6 16 18 12 13 9 21 11 17 20 19 15 14
AVOIDER 7 1 2 4 3 10 8 5 6 16 18 12 13 9 19 11 21 17 20 15 14
AVOIDER 7 1 2 4 3 10 8 5 6 16 18 12 13 9 20 11 19 17 21 15 14
AVOIDER 7 1 2 4 3 10 8 5 6 16 18 12 13 9 20 11 21 17 19 15 14
AVOIDER 7 1 2 4 3 10 8 5 6 16 18 12 13 9 21 11 20 17 19 15 14
AVOIDER 7 1 2 4 3 10 8 5 6 16 18 12 13 9 19 11 21 20 17 15 14
AVOIDER 7 1 2 4 3 10 8 5 6 16 18 12 13 9 20 11 19 21 17 15 14
AVOIDER 7 1 2 4 3 10 8 5 6 18 16 12 13 9 17 11 19 21 20 15 14
AVOIDER 7 1 2 4 3 10 8 5 6 18 16 12 13 9 17 11 20 19 21 15 14
AVOIDER 7 1 2 4 3 10 8 5 6 18 16 12 13 9 17 11 21 19 20 15 14
AVOIDER 7 1 2 4 3 10 8 5 6 18 16 12 13 9 17 11 20 21 19 15 14
AVOIDER 7 1 2 4 3 10 8 5 6 18 16 12 13 9 17 11 21 20 19 15 14
AVOIDER 7 1 2 4 3 10 8 5 6 18 16 12 13 9 19 11 17 21 20 15 14
AVOIDER 7 1 2 4 3 10 8 5 6 18 16 12 13 9 20 11 17 19 21 15 14
AVOIDER 7 1 2 4 3 10 8 5 6 18 16 12 13 9 21 11 17 19 20 15 14
AVOIDER 7 1 2 4 3 10 8 5 6 18 16 12 13 9 20 11 17 21 19 15 14
AVOIDER 7 1 2 4 3 10 8 5 6 18 16 12 13 9 21 11 17 20 19 15 14
AVOIDER 7 1 2 4 3 10 8 5 6 18 16 12 13 9 19 11 21 17 20 15 14
AVOIDER 7 1 2 4 3 10 8 5 6 18 16 12 13 9 20 11 19 17 21 15 14
AVOIDER 7 1 2 4 3 10 8 5 6 18 16 12 13 9 20 11 21 17 19 15 14
AVOIDER 7 1 2 4 3 10 8 5 6 18 16 12 13 9 21 11 20 17 19 15 14
AVOIDER 7 1 2 4 3 10 8 5 6 18 16 12 13 9 19 11 21 20 17 15 14
AVOIDER 7 1 2 4 3 10 8 5 6 18 16 12 13 9 20 11 19 21 17 15 14
AVOIDER 7 1 2 4 3 10 8 5 6 16 18 13 12 9 17 11 20 19 14 21 15
AVOIDER 7 1 2 4 3 10 8 5 6 16 18 13 12 9 20 11 17 19 14 21 15
AVOIDER 7 1 2 4 3 10 8 5 6 16 18 13 12 9 20 11 19 17 14 21 15
AVOIDER 7 1 2 4 3 10 8 5 6 18 16 13 12 9 17 11 20 19 14 21 15
AVOIDER 7 1 2 4 3 10 8 5 6 18 16 13 12 9 20 11 17 19 14 21 15
AVOIDER 7 1 2 4 3 10 8 5 6 18 16 13 12 9 20 11 19 17 14 21 15
AVOIDER 7 1 2 4 3 10 8 5 6 16 18 13 12 9 17 11 19 21 20 14 15
AVOIDER 7 1 2 4 3 10 8 5 6 16 18 13 12 9 17 11 20 19 21 14 15
AVOIDER 7 1 2 4 3 10 8 5 6 16 18 13 12 9 17 11 21 19 20 14 15
AVOIDER 7 1 2 4 3 10 8 5 6 16 18 13 12 9 17 11 20 21 19 14 15
AVOIDER 7 1 2 4 3 10 8 5 6 16 18 13 12 9 17 11 21 20 19 14 15
AVOIDER 7 1 2 4 3 10 8 5 6 16 18 13 12 9 19 11 17 21 20 14 15
AVOIDER 7 1 2 4 3 10 8 5 6 16 18 13 12 9 20 11 17 19 21 14 15
AVOIDER 7 1 2 4 3 10 8 5 6 16 18 13 12 9 21 11 17 19 20 14 15
AVOIDER 7 1 2 4 3 10 8 5 6 16 18 13 12 9 20 11 17 21 19 14 15
AVOIDER 7 1 2 4 3 10 8 5 6 16 18 13 12 9 21 11 17 20 19 14 15
AVOIDER 7 1 2 4 3 10 8 5 6 16 18 13 12 9 19 11 21 17 20 14 15
AVOIDER 7 1 2 4 3 10 8 5 6 16 18 13 12 9 20 11 19 17 21 14 15
AVOIDER 7 1 2 4 3 10 8 5 6 16 18 13 12 9 20 11 21 17 19 14 15
AVOIDER 7 1 2 4 3 10 8 5 6 16 18 13 12 9 21 11 20 17 19 14 15
AVOIDER 7 1 2 4 3 10 8 5 6 16 18 13 12 9 19 11 21 20 17 14 15
AVOIDER 7 1 2 4 3 10 8 5 6 16 18 13 12 9 20 11 19 21 17 14 15
AVOIDER 7 1 2 4 3 10 8 5 6 18 16 13 12 9 17 11 19 21 20 14 15
AVOIDER 7 1 2 4 3 10 8 5 6 18 16 13 12 9 17 11 20 19 21 14 15
AVOIDER 7 1 2 4 3 10 8 5 6 18 16 13 12 9 17 11 21 19 20 14 15
AVOIDER 7 1 2 4 3 10 8 5 6 18 16 13 12 9 17 11 20 21 19 14 15
AVOIDER 7 1 2 4 3 10 8 5 6 18 16 13 12 9 17 11 21 20 19 14 15
AVOIDER 7 1 2 4 3 10 8 5 6 18 16 13 12 9 19 11 17 21 20 14 15
AVOIDER 7 1 2 4 3 10 8 5 6 18 16 13 12 9 20 11 17 19 21 14 15
AVOIDER 7 1 2 4 3 10 8 5 6 18 16 13 12 9 21 11 17 19 20 14 15
AVOIDER 7 1 2 4 3 10 8 5 6 18 16 13 12 9 20 11 17 21 19 14 15
AVOIDER 7 1 2 4 3 10 8 5 6 18 16 13 12 9 21 11 17 20 19 14 15
AVOIDER 7 1 2 4 3 10 8 5 6 18 16 13 12 9 19 11 21 17 20 14 15
AVOIDER 7 1 2 4 3 10 8 5 6 18 16 13 12 9 20 11 19 17 21 14 15
AVOIDER 7 1 2 4 3 10 8 5 6 18 16 13 12 9 20 11 21 17 19 14 15
AVOIDER 7 1 2 4 3 10 8 5 6 18 16 13 12 9 21 11 20 17 19 14 15
AVOIDER 7 1 2 4 3 10 8 5 6 18 16 13 12 9 19 11 21 20 17 14 15
AVOIDER 7 1 2 4 3 10 8 5 6 18 16 13 12 9 20 11 19 21 17 14 15
AVOIDER 7 1 2 4 3 10 8 5 6 16 18 13 12 9 19 11 21 15 17 20 14
AVOIDER 7 1 2 4 3 10 8 5 6 16 18 13 12 9 21 11 19 15 17 20 14
AVOIDER 7 1 2 4 3 10 8 5 6 16 18 13 12 9 19 11 21 15 20 17 14
AVOIDER 7 1 2 4 3 10 8 5 6 16 18 13 12 9 21 11 19 15 20 17 14
AVOIDER 7 1 2 4 3 10 8 5 6 18 16 13 12 9 19 11 21 15 17 20 14
AVOIDER 7 1 2 4 3 10 8 5 6 18 16 13 12 9 21 11 19 15 17 20 14
AVOIDER 7 1 2 4 3 10 8 5 6 18 16 13 12 9 19 11 21 15 20 17 14
AVOIDER 7 1 2 4 3 10 8 5 6 18 16 13 12 9 21 11 19 15 20 17 14
AVOIDER 7 1 2 4 3 10 8 5 6 16 18 13 12 9 17 11 19 21 15 20 14
AVOIDER 7 1 2 4 3 10 8 5 6 16 18 13 12 9 17 11 21 19 15 20 14
AVOIDER 7 1 2 4 3 10 8 5 6 16 18 13 12 9 19 11 17 21 15 20 14
AVOIDER 7 1 2 4 3 10 8 5 6 16 18 13 12 9 21 11 17 19 15 20 14
AVOIDER 7 1 2 4 3 10 8 5 6 16 18 13 12 9 19 11 21 17 15 20 14
AVOIDER 7 1 2 4 3 10 8 5 6 16 18 13 12 9 19 11 21 20 15 17 14
AVOIDER 7 1 2 4 3 10 8 5 6 16 18 13 12 9 20 11 19 21 15 17 14
AVOIDER 7 1 2 4 3 10 8 5 6 16 18 13 12 9 21 11 19 20 15 17 14
AVOIDER 7 1 2 4 3 10 8 5 6 16 18 13 12 9 20 11 21 19 15 17 14
AVOIDER 7 1 2 4 3 10 8 5 6 16 18 13 12 9 21 11 20 19 15 17 14
AVOIDER 7 1 2 4 3 10 8 5 6 18 16 13 12 9 17 11 19 21 15 20 14
AVOIDER 7 1 2 4 3 10 8 5 6 18 16 13 12 9 17 11 21 19 15 20 14
AVOIDER 7 1 2 4 3 10 8 5 6 18 16 13 12 9 19 11 17 21 15 20 14
AVOIDER 7 1 2 4 3 10 8 5 6 18 16 13 12 9 21 11 17 19 15 20 14
AVOIDER 7 1 2 4 3 10 8 5 6 18 16 13 12 9 19 11 21 17 15 20 14
AVOIDER 7 1 2 4 3 10 8 5 6 18 16 13 12 9 19 11 21 20 15 17 14
AVOIDER 7 1 2 4 3 10 8 5 6 18 16 13 12 9 20 11 19 21 15 17 14
AVOIDER 7 1 2 4 3 10 8 5 6 18 16 13 12 9 21 11 19 20 15 17 14
AVOIDER 7 1 2 4 3 10 8 5 6 18 16 13 12 9 20 11 21 19 15 17 14
AVOIDER 7 1 2 4 3 10 8 5 6 18 16 13 12 9 21 11 20 19 15 17 14
AVOIDER 7 1 2 4 3 10 8 5 6 16 18 13 12 9 17 11 19 21 20 15 14
AVOIDER 7 1 2 4 3 10 8 5 6 16 18 13 12 9 17 11 20 19 21 15 14
AVOIDER 7 1 2 4 3 10 8 5 6 16 18 13 12 9 17 11 21 19 20 15 14
AVOIDER 7 1 2 4 3 10 8 5 6 16 18 13 12 9 17 11 20 21 19 15 14
AVOIDER 7 1 2 4 3 10 8 5 6 16 18 13 12 9 17 11 21 20 19 15 14
AVOIDER 7 1 2 4 3 10 8 5 6 16 18 13 12 9 19 11 17 21 20 15 14
AVOIDER 7 1 2 4 3 10 8 5 6 16 18 13 12 9 20 11 17 19 21 15 14
AVOIDER 7 1 2 4 3 10 8 5 6 16 18 13 12 9 21 11 17 19 20 15 14
AVOIDER 7 1 2 4 3 10 8 5 6 16 18 13 12 9 20 11 17 21 19 15 14
AVOIDER 7 1 2 4 3 10 8 5 6 16 18 13 12 9 21 11 17 20 19 15 14
AVOIDER 7 1 2 4 3 10 8 5 6 16 18 13 12 9 19 11 21 17 20 15 14
AVOIDER 7 1 2 4 3 10 8 5 6 16 18 13 12 9 20 11 19 17 21 15 14
AVOIDER 7 1 2 4 3 10 8 5 6 16 18 13 12 9 20 11 21 17 19 15 14
AVOIDER 7 1 2 4 3 10 8 5 6 16 18 13 12 9 21 11 20 17 19 15 14
AVOIDER 7 1 2 4 3 10 8 5 6 16 18 13 12 9 19 11 21 20 17 15 14
AVOIDER 7 1 2 4 3 10 8 5 6 16 18 13 12 9 20 11 19 21 17 15 14
AVOIDER 7 1 2 4 3 10 8 5 6 18 16 13 12 9 17 11 19 21 20 15 14
AVOIDER 7 1 2 4 3 10 8 5 6 18 16 13 12 9 17 11 20 19 21 15 14
AVOIDER 7 1 2 4 3 10 8 5 6 18 16 13 12 9 17 11 21 19 20 15 14
AVOIDER 7 1 2 4 3 10 8 5 6 18 16 13 12 9 17 11 20 21 19 15 14
AVOIDER 7 1 2 4 3 10 8 5 6 18 16 13 12 9 17 11 21 20 19 15 14
AVOIDER 7 1 2 4 3 10 8 5 6 18 16 13 12 9 19 11 17 21 20 15 14
AVOIDER 7 1 2 4 3 10 8 5 6 18 16 13 12 9 20 11 17 19 21 15 14
AVOIDER 7 1 2 4 3 10 8 5 6 18 16 13 12 9 21 11 17 19 20 15 14
AVOIDER 7 1 2 4 3 10 8 5 6 18 16 13 12 9 20 11 17 21 19 15 14
AVOIDER 7 1 2 4 3 10 8 5 6 18 16 13 12 9 21 11 17 20 19 15 14
AVOIDER 7 1 2 4 3 10 8 5 6 18 16 13 12 9 19 11 21 17 20 15 14
AVOIDER 7 1 2 4 3 10 8 5 6 18 16 13 12 9 20 11 19 17 21 15 14
AVOIDER 7 1 2 4 3 10 8 5 6 18 16 13 12 9 20 11 21 17 19 15 14
AVOIDER 7 1 2 4 3 10 8 5 6 18 16 13 12 9 21 11 20 17 19 15 14
AVOIDER 7 1 2 4 3 10 8 5 6 18 16 13 12 9 19 11 21 20 17 15 14
AVOIDER 7 1 2 4 3 10 8 5 6 18 16 13 12 9 20 11 19 21 17 15 14
AVOIDER 7 1 2 4 3 10 8 5 6 16 12 18 13 9 21 15 11 19 17 20 14
AVOIDER 7 1 2 4 3 10 8 5 6 16 12 18 13 9 21 15 11 19 20 17 14
AVOIDER 7 1 2 4 3 10 8 5 6 16 12 18 13 9 21 15 11 20 19 17 14
AVOIDER 7 1 2 4 3 10 8 5 6 16 12 18 13 9 19 21 11 15 17 20 14
AVOIDER 7 1 2 4 3 10 8 5 6 16 12 18 13 9 21 19 11 15 17 20 14
AVOIDER 7 1 2 4 3 10 8 5 6 16 12 18 13 9 19 21 11 15 20 17 14
AVOIDER 7 1 2 4 3 10 8 5 6 16 12 18 13 9 21 19 11 15 20 17 14
AVOIDER 7 1 2 4 3 10 8 5 6 16 12 18 13 9 17 19 11 21 15 20 14
AVOIDER 7 1 2 4 3 10 8 5 6 16 12 18 13 9 17 21 11 19 15 20 14
AVOIDER 7 1 2 4 3 10 8 5 6 16 12 18 13 9 19 17 11 21 15 20 14
AVOIDER 7 1 2 4 3 10 8 5 6 16 12 18 13 9 21 17 11 19 15 20 14
AVOIDER 7 1 2 4 3 10 8 5 6 16 12 18 13 9 19 21 11 17 15 20 14
AVOIDER 7 1 2 4 3 10 8 5 6 16 12 18 13 9 19 21 11 20 15 17 14
AVOIDER 7 1 2 4 3 10 8 5 6 16 12 18 13 9 20 19 11 21 15 17 14
AVOIDER 7 1 2 4 3 10 8 5 6 16 12 18 13 9 21 19 11 20 15 17 14
AVOIDER 7 1 2 4 3 10 8 5 6 16 12 18 13 9 20 21 11 19 15 17 14
AVOIDER 7 1 2 4 3 10 8 5 6 16 12 18 13 9 21 20 11 19 15 17 14
AVOIDER 7 1 2 4 3 10 8 5 6 16 12 18 13 9 17 19 11 21 20 15 14
AVOIDER 7 1 2 4 3 10 8 5 6 16 12 18 13 9 17 20 11 19 21 15 14
AVOIDER 7 1 2 4 3 10 8 5 6 16 12 18 13 9 17 21 11 19 20 15 14
AVOIDER 7 1 2 4 3 10 8 5 6 16 12 18 13 9 17 20 11 21 19 15 14
AVOIDER 7 1 2 4 3 10 8 5 6 16 12 18 13 9 17 21 11 20 19 15 14
AVOIDER 7 1 2 4 3 10 8 5 6 16 12 18 13 9 19 17 11 21 20 15 14
AVOIDER 7 1 2 4 3 10 8 5 6 16 12 18 13 9 20 17 11 19 21 15 14
AVOIDER 7 1 2 4 3 10 8 5 6 16 12 18 13 9 21 17 11 19 20 15 14
AVOIDER 7 1 2 4 3 10 8 5 6 16 12 18 13 9 20 17 11 21 19 15 14
AVOIDER 7 1 2 4 3 10 8 5 6 16 12 18 13 9 21 17 11 20 19 15 14
AVOIDER 7 1 2 4 3 10 8 5 6 16 12 18 13 9 19 21 11 17 20 15 14
AVOIDER 7 1 2 4 3 10 8 5 6 16 12 18 13 9 20 19 11 17 21 15 14
AVOIDER 7 1 2 4 3 10 8 5 6 16 12 18 13 9 20 21 11 17 19 15 14
AVOIDER 7 1 2 4 3 10 8 5 6 16 12 18 13 9 21 20 11 17 19 15 14
AVOIDER 7 1 2 4 3 10 8 5 6 16 12 18 13 9 19 21 11 20 17 15 14
AVOIDER 7 1 2 4 3 10 8 5 6 16 12 18 13 9 20 19 11 21 17 15 14
AVOIDER 7 1 2 4 3 10 8 5 6 16 18 12 13 9 21 15 11 19 17 20 14
AVOIDER 7 1 2 4 3 10 8 5 6 16 18 12 13 9 21 15 11 19 20 17 14
AVOIDER 7 1 2 4 3 10 8 5 6 16 18 12 13 9 21 15 11 20 19 17 14
AVOIDER 7 1 2 4 3 10 8 5 6 18 16 12 13 9 21 15 11 19 17 20 14
AVOIDER 7 1 2 4 3 10 8 5 6 18 16 12 13 9 21 15 11 19 20 17 14
AVOIDER 7 1 2 4 3 10 8 5 6 18 16 12 13 9 21 15 11 20 19 17 14
AVOIDER 7 1 2 4 3 10 8 5 6 16 18 12 13 9 19 21 11 15 17 20 14
AVOIDER 7 1 2 4 3 10 8 5 6 16 18 12 13 9 21 19 11 15 17 20 14
AVOIDER 7 1 2 4 3 10 8 5 6 16 18 12 13 9 19 21 11 15 20 17 14
AVOIDER 7 1 2 4 3 10 8 5 6 16 18 12 13 9 21 19 11 15 20 17 14
AVOIDER 7 1 2 4 3 10 8 5 6 18 16 12 13 9 19 21 11 15 17 20 14
AVOIDER 7 1 2 4 3 10 8 5 6 18 16 12 13 9 21 19 11 15 17 20 14
AVOIDER 7 1 2 4 3 10 8 5 6 18 16 12 13 9 19 21 11 15 20 17 14
AVOIDER 7 1 2 4 3 10 8 5 6 18 16 12 13 9 21 19 11 15 20 17 14
AVOIDER 7 1 2 4 3 10 8 5 6 16 18 12 13 9 17 19 11 21 15 20 14
AVOIDER 7 1 2 4 3 10 8 5 6 16 18 12 13 9 17 21 11 19 15 20 14
AVOIDER 7 1 2 4 3 10 8 5 6 16 18 12 13 9 19 17 11 21 15 20 14
AVOIDER 7 1 2 4 3 10 8 5 6 16 18 12 13 9 21 17 11 19 15 20 14
AVOIDER 7 1 2 4 3 10 8 5 6 16 18 12 13 9 19 21 11 17 15 20 14
AVOIDER 7 1 2 4 3 10 8 5 6 16 18 12 13 9 19 21 11 20 15 17 14
AVOIDER 7 1 2 4 3 10 8 5 6 16 18 12 13 9 20 19 11 21 15 17 14
AVOIDER 7 1 2 4 3 10 8 5 6 16 18 12 13 9 21 19 11 20 15 17 14
AVOIDER 7 1 2 4 3 10 8 5 6 16 18 12 13 9 20 21 11 19 15 17 14
AVOIDER 7 1 2 4 3 10 8 5 6 16 18 12 13 9 21 20 11 19 15 17 14
AVOIDER 7 1 2 4 3 10 8 5 6 18 16 12 13 9 17 19 11 21 15 20 14
AVOIDER 7 1 2 4 3 10 8 5 6 18 16 12 13 9 17 21 11 19 15 20 14
AVOIDER 7 1 2 4 3 10 8 5 6 18 16 12 13 9 19 17 11 21 15 20 14
AVOIDER 7 1 2 4 3 10 8 5 6 18 16 12 13 9 21 17 11 19 15 20 14
AVOIDER 7 1 2 4 3 10 8 5 6 18 16 12 13 9 19 21 11 17 15 20 14
AVOIDER 7 1 2 4 3 10 8 5 6 18 16 12 13 9 19 21 11 20 15 17 14
AVOIDER 7 1 2 4 3 10 8 5 6 18 16 12 13 9 20 19 11 21 15 17 14
AVOIDER 7 1 2 4 3 10 8 5 6 18 16 12 13 9 21 19 11 20 15 17 14
AVOIDER 7 1 2 4 3 10 8 5 6 18 16 12 13 9 20 21 11 19 15 17 14
AVOIDER 7 1 2 4 3 10 8 5 6 18 16 12 13 9 21 20 11 19 15 17 14
AVOIDER 7 1 2 4 3 10 8 5 6 16 18 12 13 9 17 19 11 21 20 15 14
AVOIDER 7 1 2 4 3 10 8 5 6 16 18 12 13 9 17 20 11 19 21 15 14
AVOIDER 7 1 2 4 3 10 8 5 6 16 18 12 13 9 17 21 11 19 20 15 14
AVOIDER 7 1 2 4 3 10 8 5 6 16 18 12 13 9 17 20 11 21 19 15 14
AVOIDER 7 1 2 4 3 10 8 5 6 16 18 12 13 9 17 21 11 20 19 15 14
AVOIDER 7 1 2 4 3 10 8 5 6 16 18 12 13 9 19 17 11 21 20 15 14
AVOIDER 7 1 2 4 3 10 8 5 6 16 18 12 13 9 20 17 11 19 21 15 14
AVOIDER 7 1 2 4 3 10 8 5 6 16 18 12 13 9 21 17 11 19 20 15 14
AVOIDER 7 1 2 4 3 10 8 5 6 16 18 12 13 9 20 17 11 21 19 15 14
AVOIDER 7 1 2 4 3 10 8 5 6 16 18 12 13 9 21 17 11 20 19 15 14
AVOIDER 7 1 2 4 3 10 8 5 6 16 18 12 13 9 19 21 11 17 20 15 14
AVOIDER 7 1 2 4 3 10 8 5 6 16 18 12 13 9 20 19 11 17 21 15 14
AVOIDER 7 1 2 4 3 10 8 5 6 16 18 12 13 9 20 21 11 17 19 15 14
AVOIDER 7 1 2 4 3 10 8 5 6 16 18 12 13 9 21 20 11 17 19 15 14
AVOIDER 7 1 2 4 3 10 8 5 6 16 18 12 13 9 19 21 11 20 17 15 14
AVOIDER 7 1 2 4 3 10 8 5 6 16 18 12 13 9 20 19 11 21 17 15 14
AVOIDER 7 1 2 4 3 10 8 5 6 18 16 12 13 9 17 19 11 21 20 15 14
AVOIDER 7 1 2 4 3 10 8 5 6 18 16 12 13 9 17 20 11 19 21 15 14
AVOIDER 7 1 2 4 3 10 8 5 6 18 16 12 13 9 17 21 11 19 20 15 14
AVOIDER 7 1 2 4 3 10 8 5 6 18 16 12 13 9 17 20 11 21 19 15 14
AVOIDER 7 1 2 4 3 10 8 5 6 18 16 12 13 9 17 21 11 20 19 15 14
AVOIDER 7 1 2 4 3 10 8 5 6 18 16 12 13 9 19 17 11 21 20 15 14
AVOIDER 7 1 2 4 3 10 8 5 6 18 16 12 13 9 20 17 11 19 21 15 14
AVOIDER 7 1 2 4 3 10 8 5 6 18 16 12 13 9 21 17 11 19 20 15 14
AVOIDER 7 1 2 4 3 10 8 5 6 18 16 12 13 9 20 17 11 21 19 15 14
AVOIDER 7 1 2 4 3 10 8 5 6 18 16 12 13 9 21 17 11 20 19 15 14
AVOIDER 7 1 2 4 3 10 8 5 6 18 16 12 13 9 19 21 11 17 20 15 14
AVOIDER 7 1 2 4 3 10 8 5 6 18 16 12 13 9 20 19 11 17 21 15 14
AVOIDER 7 1 2 4 3 10 8 5 6 18 16 12 13 9 20 21 11 17 19 15 14
AVOIDER 7 1 2 4 3 10 8 5 6 18 16 12 13 9 21 20 11 17 19 15 14
AVOIDER 7 1 2 4 3 10 8 5 6 18 16 12 13 9 19 21 11 20 17 15 14
AVOIDER 7 1 2 4 3 10 8 5 6 18 16 12 13 9 20 19 11 21 17 15 14
AVOIDER 7 1 2 4 3 10 8 5 6 16 18 13 12 9 17 20 11 19 14 21 15
AVOIDER 7 1 2 4 3 10 8 5 6 16 18 13 12 9 20 17 11 19 14 21 15
AVOIDER 7 1 2 4 3 10 8 5 6 16 18 13 12 9 20 19 11 17 14 21 15
AVOIDER 7 1 2 4 3 10 8 5 6 18 16 13 12 9 17 20 11 19 14 21 15
AVOIDER 7 1 2 4 3 10 8 5 6 18 16 13 12 9 20 17 11 19 14 21 15
AVOIDER 7 1 2 4 3 10 8 5 6 18 16 13 12 9 20 19 11 17 14 21 15
AVOIDER 7 1 2 4 3 10 8 5 6 16 18 13 12 9 17 19 11 21 20 14 15
AVOIDER 7 1 2 4 3 10 8 5 6 16 18 13 12 9 17 20 11 19 21 14 15
AVOIDER 7 1 2 4 3 10 8 5 6 16 18 13 12 9 17 21 11 19 20 14 15
AVOIDER 7 1 2 4 3 10 8 5 6 16 18 13 12 9 17 20 11 21 19 14 15
AVOIDER 7 1 2 4 3 10 8 5 6 16 18 13 12 9 17 21 11 20 19 14 15
AVOIDER 7 1 2 4 3 10 8 5 6 16 18 13 12 9 19 17 11 21 20 14 15
AVOIDER 7 1 2 4 3 10 8 5 6 16 18 13 12 9 20 17 11 19 21 14 15
AVOIDER 7 1 2 4 3 10 8 5 6 16 18 13 12 9 21 17 11 19 20 14 15
AVOIDER 7 1 2 4 3 10 8 5 6 16 18 13 12 9 20 17 11 21 19 14 15
AVOIDER 7 1 2 4 3 10 8 5 6 16 18 13 12 9 21 17 11 20 19 14 15
AVOIDER 7 1 2 4 3 10 8 5 6 16 18 13 12 9 19 21 11 17 20 14 15
AVOIDER 7 1 2 4 3 10 8 5 6 16 18 13 12 9 20 19 11 17 21 14 15
AVOIDER 7 1 2 4 3 10 8 5 6 16 18 13 12 9 20 21 11 17 19 14 15
AVOIDER 7 1 2 4 3 10 8 5 6 16 18 13 12 9 21 20 11 17 19 14 15
AVOIDER 7 1 2 4 3 10 8 5 6 16 18 13 12 9 19 21 11 20 17 14 15
AVOIDER 7 1 2 4 3 10 8 5 6 16 18 13 12 9 20 19 11 21 17 14 15
AVOIDER 7 1 2 4 3 10 8 5 6 18 16 13 12 9 17 19 11 21 20 14 15
AVOIDER 7 1 2 4 3 10 8 5 6 18 16 13 12 9 17 20 11 19 21 14 15
AVOIDER 7 1 2 4 3 10 8 5 6 18 16 13 12 9 17 21 11 19 20 14 15
AVOIDER 7 1 2 4 3 10 8 5 6 18 16 13 12 9 17 20 11 21 19 14 15
AVOIDER 7 1 2 4 3 10 8 5 6 18 16 13 12 9 17 21 11 20 19 14 15
AVOIDER 7 1 2 4 3 10 8 5 6 18 16 13 12 9 19 17 11 21 20 14 15
AVOIDER 7 1 2 4 3 10 8 5 6 18 16 13 12 9 20 17 11 19 21 14 15
AVOIDER 7 1 2 4 3 10 8 5 6 18 16 13 12 9 21 17 11 19 20 14 15
AVOIDER 7 1 2 4 3 10 8 5 6 18 16 13 12 9 20 17 11 21 19 14 15
AVOIDER 7 1 2 4 3 10 8 5 6 18 16 13 12 9 21 17 11 20 19 14 15
AVOIDER 7 1 2 4 3 10 8 5 6 18 16 13 12 9 19 21 11 17 20 14 15
AVOIDER 7 1 2 4 3 10 8 5 6 18 16 13 12 9 20 19 11 17 21 14 15
AVOIDER 7 1 2 4 3 10 8 5 6 18 16 13 12 9 20 21 11 17 19 14 15
AVOIDER 7 1 2 4 3 10 8 5 6 18 16 13 12 9 21 20 11 17 19 14 15
AVOIDER 7 1 2 4 3 10 8 5 6 18 16 13 12 9 19 21 11 20 17 14 15
AVOIDER 7 1 2 4 3 10 8 5 6 18 16 13 12 9 20 19 11 21 17 14 15
AVOIDER 7 1 2 4 3 10 8 5 6 16 18 13 12 9 21 15 11 19 17 20 14
AVOIDER 7 1 2 4 3 10 8 5 6 16 18 13 12 9 21 15 11 19 20 17 14
AVOIDER 7 1 2 4 3 10 8 5 6 16 18 13 12 9 21 15 11 20 19 17 14
AVOIDER 7 1 2 4 3 10 8 5 6 18 16 13 12 9 21 15 11 19 17 20 14
AVOIDER 7 1 2 4 3 10 8 5 6 18 16 13 12 9 21 15 11 19 20 17 14
AVOIDER 7 1 2 4 3 10 8 5 6 18 16 13 12 9 21 15 11 20 19 17 14
AVOIDER 7 1 2 4 3 10 8 5 6 16 18 13 12 9 19 21 11 15 17 20 14
AVOIDER 7 1 2 4 3 10 8 5 6 16 18 13 12 9 21 19 11 15 17 20 14
AVOIDER 7 1 2 4 3 10 8 5 6 16 18 13 12 9 19 21 11 15 20 17 14
AVOIDER 7 1 2 4 3 10 8 5 6 16 18 13 12 9 21 19 11 15 20 17 14
AVOIDER 7 1 2 4 3 10 8 5 6 18 16 13 12 9 19 21 11 15 17 20 14
AVOIDER 7 1 2 4 3 10 8 5 6 18 16 13 12 9 21 19 11 15 17 20 14
AVOIDER 7 1 2 4 3 10 8 5 6 18 16 13 12 9 19 21 11 15 20 17 14
AVOIDER 7 1 2 4 3 10 8 5 6 18 16 13 12 9 21 19 11 15 20 17 14
AVOIDER 7 1 2 4 3 10 8 5 6 16 18 13 12 9 17 19 11 21 15 20 14
AVOIDER 7 1 2 4 3 10 8 5 6 16 18 13 12 9 17 21 11 19 15 20 14
AVOIDER 7 1 2 4 3 10 8 5 6 16 18 13 12 9 19 17 11 21 15 20 14
AVOIDER 7 1 2 4 3 10 8 5 6 16 18 13 12 9 21 17 11 19 15 20 14
AVOIDER 7 1 2 4 3 10 8 5 6 16 18 13 12 9 19 21 11 17 15 20 14
AVOIDER 7 1 2 4 3 10 8 5 6 16 18 13 12 9 19 21 11 20 15 17 14
AVOIDER 7 1 2 4 3 10 8 5 6 16 18 13 12 9 20 19 11 21 15 17 14
AVOIDER 7 1 2 4 3 10 8 5 6 16 18 13 12 9 21 19 11 20 15 17 14
AVOIDER 7 1 2 4 3 10 8 5 6 16 18 13 12 9 20 21 11 19 15 17 14
AVOIDER 7 1 2 4 3 10 8 5 6 16 18 13 12 9 21 20 11 19 15 17 14
AVOIDER 7 1 2 4 3 10 8 5 6 18 16 13 12 9 17 19 11 21 15 20 14
AVOIDER 7 1 2 4 3 10 8 5 6 18 16 13 12 9 17 21 11 19 15 20 14
AVOIDER 7 1 2 4 3 10 8 5 6 18 16 13 12 9 19 17 11 21 15 20 14
AVOIDER 7 1 2 4 3 10 8 5 6 18 16 13 12 9 21 17 11 19 15 20 14
AVOIDER 7 1 2 4 3 10 8 5 6 18 16 13 12 9 19 21 11 17 15 20 14
AVOIDER 7 1 2 4 3 10 8 5 6 18 16 13 12 9 19 21 11 20 15 17 14
AVOIDER 7 1 2 4 3 10 8 5 6 18 16 13 12 9 20 19 11 21 15 17 14
AVOIDER 7 1 2 4 3 10 8 5 6 18 16 13 12 9 21 19 11 20 15 17 14
AVOIDER 7 1 2 4 3 10 8 5 6 18 16 13 12 9 20 21 11 19 15 17 14
AVOIDER 7 1 2 4 3 10 8 5 6 18 16 13 12 9 21 20 11 19 15 17 14
AVOIDER 7 1 2 4 3 10 8 5 6 16 18 13 12 9 17 19 11 21 20 15 14
AVOIDER 7 1 2 4 3 10 8 5 6 16 18 13 12 9 17 20 11 19 21 15 14
AVOIDER 7 1 2 4 3 10 8 5 6 16 18 13 12 9 17 21 11 19 20 15 14
AVOIDER 7 1 2 4 3 10 8 5 6 16 18 13 12 9 17 20 11 21 19 15 14
AVOIDER 7 1 2 4 3 10 8 5 6 16 18 13 12 9 17 21 11 20 19 15 14
AVOIDER 7 1 2 4 3 10 8 5 6 16 18 13 12 9 19 17 11 21 20 15 14
AVOIDER 7 1 2 4 3 10 8 5 6 16 18 13 12 9 20 17 11 19 21 15 14
AVOIDER 7 1 2 4 3 10 8 5 6 16 18 13 12 9 21 17 11 19 20 15 14
AVOIDER 7 1 2 4 3 10 8 5 6 16 18 13 12 9 20 17 11 21 19 15 14
AVOIDER 7 1 2 4 3 10 8 5 6 16 18 13 12 9 21 17 11 20 19 15 14
AVOIDER 7 1 2 4 3 10 8 5 6 16 18 13 12 9 19 21 11 17 20 15 14
AVOIDER 7 1 2 4 3 10 8 5 6 16 18 13 12 9 20 19 11 17 21 15 14
AVOIDER 7 1 2 4 3 10 8 5 6 16 18 13 12 9 20 21 11 17 19 15 14
AVOIDER 7 1 2 4 3 10 8 5 6 16 18 13 12 9 21 20 11 17 19 15 14
AVOIDER 7 1 2 4 3 10 8 5 6 16 18 13 12 9 19 21 11 20 17 15 14
AVOIDER 7 1 2 4 3 10 8 5 6 16 18 13 12 9 20 19 11 21 17 15 14
AVOIDER 7 1 2 4 3 10 8 5 6 18 16 13 12 9 17 19 11 21 20 15 14
AVOIDER 7 1 2 4 3 10 8 5 6 18 16 13 12 9 17 20 11 19 21 15 14
AVOIDER 7 1 2 4 3 10 8 5 6 18 16 13 12 9 17 21 11 19 20 15 14
AVOIDER 7 1 2 4 3 10 8 5 6 18 16 13 12 9 17 20 11 21 19 15 14
AVOIDER 7 1 2 4 3 10 8 5 6 18 16 13 12 9 17 21 11 20 19 15 14
AVOIDER 7 1 2 4 3 10 8 5 6 18 16 13 12 9 19 17 11 21 20 15 14
AVOIDER 7 1 2 4 3 10 8 5 6 18 16 13 12 9 20 17 11 19 21 15 14
AVOIDER 7 1 2 4 3 10 8 5 6 18 16 13 12 9 21 17 11 19 20 15 14
AVOIDER 7 1 2 4 3 10 8 5 6 18 16 13 12 9 20 17 11 21 19 15 14
AVOIDER 7 1 2 4 3 10 8 5 6 18 16 13 12 9 21 17 11 20 19 15 14
AVOIDER 7 1 2 4 3 10 8 5 6 18 16 13 12 9 19 21 11 17 20 15 14
AVOIDER 7 1 2 4 3 10 8 5 6 18 16 13 12 9 20 19 11 17 21 15 14
AVOIDER 7 1 2 4 3 10 8 5 6 18 16 13 12 9 20 21 11 17 19 15 14
AVOIDER 7 1 2 4 3 10 8 5 6 18 16 13 12 9 21 20 11 17 19 15 14
AVOIDER 7 1 2 4 3 10 8 5 6 18 16 13 12 9 19 21 11 20 17 15 14
AVOIDER 7 1 2 4 3 10 8 5 6 18 16 13 12 9 20 19 11 21 17 15 14
