AVOIDER 1 3 2 6 7 4 5 12 13 9 15 16 11 8 14 10
AVOIDER 1 3 2 6 7 4 5 12 13 9 16 15 11 8 14 10
AVOIDER 1 3 2 6 7 4 5 12 13 15 9 16 11 8 14 10
AVOIDER 1 3 2 6 7 4 5 12 13 15 16 9 11 8 14 10
AVOIDER 1 3 2 6 7 4 5 12 13 15 16 11 9 8 14 10
AVOIDER 1 3 2 6 7 4 5 12 13 9 15 16 11 14 8 10
AVOIDER 1 3 2 6 7 4 5 12 13 9 16 15 11 14 8 10
AVOIDER 1 3 2 6 7 4 5 12 13 9 15 14 16 11 8 10
AVOIDER 1 3 2 6 7 4 5 12 13 9 15 16 14 11 8 10
AVOIDER 1 3 2 6 7 4 5 12 13 9 16 15 14 11 8 10
AVOIDER 1 3 2 6 7 4 5 12 13 15 9 16 11 14 8 10
AVOIDER 1 3 2 6 7 4 5 12 13 15 9 14 16 11 8 10
AVOIDER 1 3 2 6 7 4 5 12 13 15 9 16 14 11 8 10
AVOIDER 1 3 2 6 7 4 5 12 13 15 16 9 11 14 8 10
AVOIDER 1 3 2 6 7 4 5 12 13 15 14 9 16 11 8 10
AVOIDER 1 3 2 6 7 4 5 12 13 15 16 9 14 11 8 10
AVOIDER 1 3 2 6 7 4 5 12 13 15 16 11 9 14 8 10
AVOIDER 1 3 2 6 7 4 5 12 13 15 14 16 9 11 8 10
AVOIDER 1 3 2 6 7 4 5 12 13 15 16 14 9 11 8 10
AVOIDER 1 3 2 6 7 4 5 12 13 15 16 11 14 9 8 10
AVOIDER 1 3 2 6 7 4 5 12 13 15 14 16 11 9 8 10
AVOIDER 1 3 2 6 7 4 5 12 13 15 16 14 11 9 8 10
AVOIDER 1 3 2 6 7 4 5 12 13 9 15 14 10 16 11 8
AVOIDER 1 3 2 6 7 4 5 12 13 9 15 14 16 10 11 8
AVOIDER 1 3 2 6 7 4 5 12 13 9 15 16 14 10 11 8
AVOIDER 1 3 2 6 7 4 5 12 13 9 16 15 14 10 11 8
AVOIDER 1 3 2 6 7 4 5 12 13 9 15 16 11 14 10 8
AVOIDER 1 3 2 6 7 4 5 12 13 9 16 15 11 14 10 8
AVOIDER 1 3 2 6 7 4 5 12 13 9 15 14 16 11 10 8
AVOIDER 1 3 2 6 7 4 5 12 13 9 15 16 14 11 10 8
AVOIDER 1 3 2 6 7 4 5 12 13 9 16 15 14 11 10 8
AVOIDER 1 3 2 6 7 4 5 12 13 15 9 14 10 16 11 8
AVOIDER 1 3 2 6 7 4 5 12 13 15 9 14 16 10 11 8
AVOIDER 1 3 2 6 7 4 5 12 13 15 9 16 14 10 11 8
AVOIDER 1 3 2 6 7 4 5 12 13 15 9 16 11 14 10 8
AVOIDER 1 3 2 6 7 4 5 12 13 15 9 14 16 11 10 8
AVOIDER 1 3 2 6 7 4 5 12 13 15 9 16 14 11 10 8
AVOIDER 1 3 2 6 7 4 5 12 13 15 14 9 10 16 11 8
AVOIDER 1 3 2 6 7 4 5 12 13 15 14 9 16 10 11 8
AVOIDER 1 3 2 6 7 4 5 12 13 15 16 9 14 10 11 8
AVOIDER 1 3 2 6 7 4 5 12 13 15 16 9 11 14 10 8
AVOIDER 1 3 2 6 7 4 5 12 13 15 14 9 16 11 10 8
AVOIDER 1 3 2 6 7 4 5 12 13 15 16 9 14 11 10 8
AVOIDER 1 3 2 6 7 4 5 12 13 15 14 10 9 16 11 8
AVOIDER 1 3 2 6 7 4 5 12 13 15 14 16 9 10 11 8
AVOIDER 1 3 2 6 7 4 5 12 13 15 16 14 9 10 11 8
AVOIDER 1 3 2 6 7 4 5 12 13 15 16 11 9 14 10 8
AVOIDER 1 3 2 6 7 4 5 12 13 15 14 16 9 11 10 8
AVOIDER 1 3 2 6 7 4 5 12 13 15 16 14 9 11 10 8
AVOIDER 1 3 2 6 7 4 5 12 13 15 14 10 16 9 11 8
AVOIDER 1 3 2 6 7 4 5 12 13 15 14 16 10 9 11 8
AVOIDER 1 3 2 6 7 4 5 12 13 15 16 14 10 9 11 8
AVOIDER 1 3 2 6 7 4 5 12 13 15 16 11 14 9 10 8
AVOIDER 1 3 2 6 7 4 5 12 13 15 14 16 11 9 10 8
AVOIDER 1 3 2 6 7 4 5 12 13 15 16 14 11 9 10 8
AVOIDER 1 3 2 6 7 4 5 12 13 15 14 10 16 11 9 8
AVOIDER 1 3 2 6 7 4 5 12 13 15 14 16 10 11 9 8
AVOIDER 1 3 2 6 7 4 5 12 13 15 16 14 10 11 9 8
AVOIDER 1 3 2 6 7 5 4 12 13 9 15 16 11 8 14 10
AVOIDER 1 3 2 6 7 5 4 12 13 9 16 15 11 8 14 10
AVOIDER 1 3 2 6 7 5 4 12 13 15 9 16 11 8 14 10
AVOIDER 1 3 2 6 7 5 4 12 13 15 16 9 11 8 14 10
AVOIDER 1 3 2 6 7 5 4 12 13 15 16 11 9 8 14 10
AVOIDER 1 3 2 6 7 5 4 12 13 9 15 16 11 14 8 10
AVOIDER 1 3 2 6 7 5 4 12 13 9 16 15 11 14 8 10
AVOIDER 1 3 2 6 7 5 4 12 13 9 15 14 16 11 8 10
AVOIDER 1 3 2 6 7 5 4 12 13 9 15 16 14 11 8 10
AVOIDER 1 3 2 6 7 5 4 12 13 9 16 15 14 11 8 10
AVOIDER 1 3 2 6 7 5 4 12 13 15 9 16 11 14 8 10
AVOIDER 1 3 2 6 7 5 4 12 13 15 9 14 16 11 8 10
AVOIDER 1 3 2 6 7 5 4 12 13 15 9 16 14 11 8 10
AVOIDER 1 3 2 6 7 5 4 12 13 15 16 9 11 14 8 10
AVOIDER 1 3 2 6 7 5 4 12 13 15 14 9 16 11 8 10
AVOIDER 1 3 2 6 7 5 4 12 13 15 16 9 14 11 8 10
AVOIDER 1 3 2 6 7 5 4 12 13 15 16 11 9 14 8 10
AVOIDER 1 3 2 6 7 5 4 12 13 15 14 16 9 11 8 10
AVOIDER 1 3 2 6 7 5 4 12 13 15 16 14 9 11 8 10
AVOIDER 1 3 2 6 7 5 4 12 13 15 16 11 14 9 8 10
AVOIDER 1 3 2 6 7 5 4 12 13 15 14 16 11 9 8 10
AVOIDER 1 3 2 6 7 5 4 12 13 15 16 14 11 9 8 10
AVOIDER 1 3 2 6 7 5 4 12 13 9 15 14 10 16 11 8
AVOIDER 1 3 2 6 7 5 4 12 13 9 15 14 16 10 11 8
AVOIDER 1 3 2 6 7 5 4 12 13 9 15 16 14 10 11 8
AVOIDER 1 3 2 6 7 5 4 12 13 9 16 15 14 10 11 8
AVOIDER 1 3 2 6 7 5 4 12 13 9 15 16 11 14 10 8
AVOIDER 1 3 2 6 7 5 4 12 13 9 16 15 11 14 10 8
AVOIDER 1 3 2 6 7 5 4 12 13 9 15 14 16 11 10 8
AVOIDER 1 3 2 6 7 5 4 12 13 9 15 16 14 11 10 8
AVOIDER 1 3 2 6 7 5 4 12 13 9 16 15 14 11 10 8
AVOIDER 1 3 2 6 7 5 4 12 13 15 9 14 10 16 11 8
AVOIDER 1 3 2 6 7 5 4 12 13 15 9 14 16 10 11 8
AVOIDER 1 3 2 6 7 5 4 12 13 15 9 16 14 10 11 8
AVOIDER 1 3 2 6 7 5 4 12 13 15 9 16 11 14 10 8
AVOIDER 1 3 2 6 7 5 4 12 13 15 9 14 16 11 10 8
AVOIDER 1 3 2 6 7 5 4 12 13 15 9 16 14 11 10 8
AVOIDER 1 3 2 6 7 5 4 12 13 15 14 9 10 16 11 8
AVOIDER 1 3 2 6 7 5 4 12 13 15 14 9 16 10 11 8
AVOIDER 1 3 2 6 7 5 4 12 13 15 16 9 14 10 11 8
AVOIDER 1 3 2 6 7 5 4 12 13 15 16 9 11 14 10 8
AVOIDER 1 3 2 6 7 5 4 12 13 15 14 9 16 11 10 8
AVOIDER 1 3 2 6 7 5 4 12 13 15 16 9 14 11 10 8
AVOIDER 1 3 2 6 7 5 4 12 13 15 14 10 9 16 11 8
AVOIDER 1 3 2 6 7 5 4 12 13 15 14 16 9 10 11 8
AVOIDER 1 3 2 6 7 5 4 12 13 15 16 14 9 10 11 8
AVOIDER 1 3 2 6 7 5 4 12 13 15 16 11 9 14 10 8
AVOIDER 1 3 2 6 7 5 4 12 13 15 14 16 9 11 10 8
AVOIDER 1 3 2 6 7 5 4 12 13 15 16 14 9 11 10 8
AVOIDER 1 3 2 6 7 5 4 12 13 15 14 10 16 9 11 8
AVOIDER 1 3 2 6 7 5 4 12 13 15 14 16 10 9 11 8
AVOIDER 1 3 2 6 7 5 4 12 13 15 16 14 10 9 11 8
AVOIDER 1 3 2 6 7 5 4 12 13 15 16 11 14 9 10 8
AVOIDER 1 3 2 6 7 5 4 12 13 15 14 16 11 9 10 8
AVOIDER 1 3 2 6 7 5 4 12 13 15 16 14 11 9 10 8
AVOIDER 1 3 2 6 7 5 4 12 13 15 14 10 16 11 9 8
AVOIDER 1 3 2 6 7 5 4 12 13 15 14 16 10 11 9 8
AVOIDER 1 3 2 6 7 5 4 12 13 15 16 14 10 11 9 8
