# 40 avoiders N=49 cls=C C=2 round=f
AVOIDER 1 3 6 2 8 7 4 5 16 18 22 20 17 19 12 13 15 9 11 10 14 41 40 48 49 38 43 44 42 30 34 39 28 46 29 47 45 32 33 31 23 21 35 37 36 27 25 24 26
AVOIDER 1 3 6 2 8 7 4 5 16 18 22 20 17 19 12 13 15 9 11 10 14 41 40 48 49 38 43 44 42 30 34 39 28 46 47 29 45 32 33 31 23 21 35 37 36 27 25 24 26
AVOIDER 1 3 6 2 8 7 4 5 16 18 22 20 17 19 12 13 15 9 11 10 14 41 40 48 49 38 43 44 42 30 34 39 28 29 46 47 45 32 33 31 23 21 35 37 36 27 25 24 26
AVOIDER 1 3 6 2 8 7 4 5 16 18 22 20 17 19 12 13 15 9 11 10 14 41 40 48 49 38 43 44 42 30 34 39 46 28 29 47 45 32 33 31 23 21 35 37 36 27 25 24 26
AVOIDER 1 3 6 2 8 7 4 5 16 18 22 20 17 19 12 13 15 9 11 10 14 41 40 48 49 38 43 44 42 30 34 39 46 28 47 29 45 32 33 31 23 21 35 37 36 27 25 24 26
AVOIDER 1 3 6 2 8 7 4 5 16 18 22 20 17 19 12 13 15 9 11 10 14 41 40 48 49 38 43 44 42 30 34 39 46 47 28 29 45 32 33 31 23 21 35 37 36 27 25 24 26
AVOIDER 1 3 6 2 8 7 5 4 16 18 22 20 17 19 12 13 15 9 11 10 14 41 40 48 49 38 43 44 42 30 34 39 46 28 29 47 45 32 33 31 23 21 35 37 36 27 25 24 26
AVOIDER 1 3 6 2 8 7 5 4 16 18 22 20 17 19 12 13 15 9 11 10 14 41 40 48 49 38 43 44 42 30 34 39 46 28 47 29 45 32 33 31 23 21 35 37 36 27 25 24 26
AVOIDER 1 3 6 2 8 7 5 4 16 18 22 20 17 19 12 13 15 9 11 10 14 41 40 48 49 38 43 44 42 30 34 39 46 47 28 29 45 32 33 31 23 21 35 37 36 27 25 24 26
AVOIDER 1 3 6 2 8 7 5 4 16 18 22 20 17 19 12 13 15 9 11 10 14 41 40 48 49 38 43 44 42 30 34 39 28 46 47 29 45 32 33 31 23 21 35 37 36 27 25 24 26
AVOIDER 1 3 6 2 8 7 5 4 16 18 22 20 17 19 12 13 15 9 11 10 14 41 40 48 49 38 43 44 42 30 34 39 28 46 29 47 45 32 33 31 23 21 35 37 36 27 25 24 26
AVOIDER 1 3 6 2 8 7 5 4 16 18 22 20 17 19 12 13 15 9 11 10 14 41 40 48 49 38 43 44 42 30 34 39 28 46 29 47 45 33 31 32 23 21 35 37 36 27 25 24 26
AVOIDER 1 3 6 2 8 7 5 4 16 18 22 20 17 19 12 13 15 9 11 10 14 41 40 48 49 38 43 44 42 30 34 39 28 46 47 33 45 29 31 32 23 21 35 37 36 27 25 24 26
AVOIDER 1 3 6 2 8 7 5 4 16 18 22 20 17 19 12 13 15 9 11 10 14 41 40 48 49 38 43 44 42 30 34 39 28 46 47 29 45 33 31 32 23 21 35 37 36 27 25 24 26
AVOIDER 1 3 6 2 8 7 4 5 16 18 22 20 17 19 12 13 15 9 11 10 14 41 40 48 49 38 43 44 42 30 34 39 28 46 47 29 45 33 31 32 23 21 35 37 36 27 25 24 26
AVOIDER 1 3 6 2 8 7 4 5 16 18 22 20 17 19 12 13 15 9 11 10 14 41 40 48 49 38 43 44 42 30 34 39 28 46 29 47 45 33 31 32 23 21 35 37 36 27 25 24 26
AVOIDER 1 3 6 2 8 7 4 5 16 18 22 20 17 19 12 13 15 9 11 10 14 41 40 48 49 38 43 44 42 30 34 39 28 46 47 33 45 29 31 32 23 21 35 37 36 27 25 24 26
AVOIDER 1 3 6 2 8 7 4 5 16 18 22 20 17 19 12 13 15 9 11 10 14 41 40 48 49 38 43 44 42 30 34 39 28 46 47 33 29 45 31 32 23 21 35 37 36 27 25 24 26
AVOIDER 1 3 6 2 8 7 4 5 16 18 22 20 17 19 12 13 15 9 11 10 14 41 40 48 49 38 43 44 42 30 34 39 28 46 47 45 33 29 31 32 23 21 35 37 36 27 25 24 26
AVOIDER 1 3 6 2 8 7 4 5 16 18 22 20 17 19 12 13 15 9 11 10 14 41 40 48 49 38 43 44 42 30 34 39 28 46 47 29 33 45 31 32 23 21 35 37 36 27 25 24 26
AVOIDER 1 3 6 2 8 7 4 5 16 18 22 20 17 19 12 13 15 9 11 10 14 41 40 48 49 38 43 44 42 30 34 39 28 46 47 45 29 33 31 32 23 21 35 37 36 27 25 24 26
AVOIDER 1 3 6 2 8 7 5 4 16 18 22 20 17 19 12 13 15 9 11 10 14 41 40 48 49 38 43 44 42 30 34 39 28 46 47 45 29 33 31 32 23 21 35 37 36 27 25 24 26
AVOIDER 1 3 6 2 8 7 5 4 16 18 22 20 17 19 12 13 15 9 11 10 14 41 40 48 49 38 43 44 42 30 34 39 28 46 47 45 33 29 31 32 23 21 35 37 36 27 25 24 26
AVOIDER 1 3 6 2 8 7 5 4 16 18 22 20 17 19 12 13 15 9 11 10 14 41 40 48 49 38 43 44 42 30 34 39 28 46 47 29 33 45 31 32 23 21 35 37 36 27 25 24 26
AVOIDER 1 3 6 2 8 7 5 4 16 18 22 20 17 19 12 13 15 9 11 10 14 41 40 48 49 38 43 44 42 30 34 39 28 46 47 33 29 45 31 32 23 21 35 37 36 27 25 24 26
AVOIDER 1 3 6 2 8 7 4 16 5 18 22 20 17 19 12 13 15 9 11 10 14 41 40 48 49 38 43 44 42 30 34 39 28 46 47 33 29 45 31 32 23 21 35 37 36 27 25 24 26
AVOIDER 1 3 6 2 8 7 4 16 5 18 22 20 17 19 12 13 15 9 11 10 14 41 40 48 49 38 43 44 42 30 34 39 28 46 47 45 33 29 31 32 23 21 35 37 36 27 25 24 26
AVOIDER 1 3 6 2 8 7 4 16 5 18 22 20 17 19 12 13 15 9 11 10 14 41 40 48 49 38 43 44 42 30 34 39 28 46 47 29 33 45 31 32 23 21 35 37 36 27 25 24 26
AVOIDER 1 3 6 2 8 7 4 16 5 18 22 20 17 19 12 13 15 9 11 10 14 41 40 48 49 38 43 44 42 30 34 39 28 46 47 45 29 33 31 32 23 21 35 37 36 27 25 24 26
AVOIDER 1 3 6 2 8 7 4 16 18 5 22 20 17 19 12 13 15 9 11 10 14 41 40 48 49 38 43 44 42 30 34 39 28 46 47 45 29 33 31 32 23 21 35 37 36 27 25 24 26
AVOIDER 1 3 6 2 8 7 4 5 18 16 22 20 17 19 12 13 15 9 11 10 14 41 40 48 49 38 43 44 42 30 34 39 28 46 47 45 29 33 31 32 23 21 35 37 36 27 25 24 26
AVOIDER 1 3 6 2 8 7 4 5 18 16 22 20 17 19 12 13 15 9 11 10 14 41 40 48 49 38 43 44 42 30 34 39 28 46 47 45 33 29 31 32 23 21 35 37 36 27 25 24 26
AVOIDER 1 3 6 2 8 7 4 5 18 16 22 20 17 19 12 13 15 9 11 10 14 41 40 48 49 38 43 44 42 30 34 39 28 46 47 29 33 45 31 32 23 21 35 37 36 27 25 24 26
AVOIDER 1 3 6 2 8 7 4 16 18 5 22 20 17 19 12 13 15 9 11 10 14 41 40 48 49 38 43 44 42 30 34 39 28 46 47 29 33 45 31 32 23 21 35 37 36 27 25 24 26
AVOIDER 1 3 6 2 8 7 4 16 18 5 22 20 17 19 12 13 15 9 11 10 14 41 40 48 49 38 43 44 42 30 34 39 28 46 47 45 33 29 31 32 23 21 35 37 36 27 25 24 26
AVOIDER 1 3 6 2 8 7 4 16 18 5 22 20 17 19 12 13 15 9 11 10 14 41 40 48 49 38 43 44 42 30 34 39 28 46 47 29 45 33 31 32 23 21 35 37 36 27 25 24 26
AVOIDER 1 3 6 2 8 7 4 16 5 18 22 20 17 19 12 13 15 9 11 10 14 41 40 48 49 38 43 44 42 30 34 39 28 46 47 29 45 33 31 32 23 21 35 37 36 27 25 24 26
AVOIDER 1 3 6 2 8 7 4 5 18 16 22 20 17 19 12 13 15 9 11 10 14 41 40 48 49 38 43 44 42 30 34 39 28 46 47 29 45 33 31 32 23 21 35 37 36 27 25 24 26
AVOIDER 1 3 6 2 8 7 4 5 18 16 22 20 17 19 12 13 15 9 11 10 14 41 40 48 49 38 43 44 42 30 34 39 28 46 47 33 45 29 31 32 23 21 35 37 36 27 25 24 26
AVOIDER 1 3 6 2 8 7 4 16 18 5 22 20 17 19 12 13 15 9 11 10 14 41 40 48 49 38 43 44 42 30 34 39 28 46 47 33 45 29 31 32 23 21 35 37 36 27 25 24 26
