2 0 0 0 0 0.00000
3 0 0 0 0 0.00000
4 0 0 0 0 0.00000
5 0 0 0 0 0.00000
6 0 0 0 0 0.00000
7 0 0 0 0 0.00000
8 0 0 0 0 0.00000
9 0 0 0 0 0.00000
10 0 0 0 0 0.00000
11 0 0 0 0 0.00000
12 0 0 0 0 0.00000
13 0 0 0 0 0.00000
14 0 0 0 0 0.00000
15 0 0 0 0 0.00000
16 0 0 0 0 0.00000
17 0 0 0 0 0.00000
18 0 0 0 0 0.00000
19 0 0 0 0 0.00000
20 0 0 0 0 0.00000
21 0 0 0 0 0.00000
22 0 0 0 0 0.00000
23 0 0 0 0 0.00000
24 0 0 0 0 0.00000
25 0 0 0 0 0.00000
26 0 0 0 0 0.00000
27 0 0 0 0 0.00000
28 0 0 0 0 0.00000
29 0 0 0 0 0.00000
30 0 0 0 0 0.00000
31 0 0 0 0 0.00000
32 0 0 0 0 0.00000
33 0 0 0 0 0.00000
34 0 0 0 0 0.00000
35 0 0 0 0 0.00000
36 0 0 0 0 0.00000
37 0 0 0 0 0.00000
38 0 0 0 0 0.00000
39 0 0 0 0 0.00000
40 0 0 0 0 0.00000
41 0 0 0 0 0.00000
42 0 0 0 0 0.00000
43 0 0 0 0 0.00000
44 0 0 0 0 0.00000
45 0 0 0 0 0.00000
46 0 0 0 0 0.00000
47 0 0 0 0 0.00000
48 0 0 0 0 0.00000
49 0 0 0 0 0.00000
50 0 0 0 0 0.00000
51 0 0 0 0 0.00000
52 0 0 0 0 0.00000
53 0 0 0 0 0.00000
54 0 0 0 0 0.00000
55 0 0 0 0 0.00000
56 0 0 0 0 0.00000
57 0 0 0 0 0.00000
58 0 0 0 0 0.00000
59 0 0 0 0 0.00000
60 0 0 0 0 0.00000
61 0 0 0 0 0.00000
62 0 0 0 0 0.00000
63 0 0 0 0 0.00000
64 0 0 0 0 0.00000
65 0 0 0 0 0.00000
66 0 0 0 0 0.00000
67 0 0 0 0 0.00000
68 0 0 0 0 0.00000
69 0 0 0 0 0.00000
70 0 0 0 0 0.00000
71 0 0 0 0 0.00000
72 0 0 0 0 0.00000
73 0 0 0 0 0.00000
74 0 0 0 0 0.00000
75 0 0 0 0 0.00000
76 0 0 0 0 0.00000
77 30 1 1 30 2.76486
78 38 1 1 38 3.00056
79 38 0 0 0 3.00056
80 38 0 0 0 3.00056
81 38 0 0 0 3.00056
82 38 0 0 0 3.00056
83 38 0 0 0 3.00056
84 38 0 0 0 3.00056
85 49 1 1 49 3.29661
86 49 0 0 0 3.29661
87 49 0 0 0 3.29661
88 49 0 0 0 3.29661
89 49 0 0 0 3.29661
90 49 0 0 0 3.29661
91 51 1 1 51 3.31871
92 51 0 0 0 3.31871
93 51 0 0 0 3.31871
94 51 0 0 0 3.31871
95 51 0 0 0 3.31871
96 55 1 1 55 3.43340
97 55 0 0 0 3.43340
98 55 0 0 0 3.43340
99 55 0 0 0 3.43340
100 57 1 1 57 3.45350
101 57 0 0 0 3.45350
102 57 0 0 0 3.45350
103 57 0 0 0 3.45350
104 57 0 0 0 3.45350
105 59 1 1 59 3.47264
106 59 0 0 0 3.47264
107 59 0 0 0 3.47264
108 59 0 0 0 3.47264
109 59 0 0 0 3.47264
110 59 0 0 0 3.47264
111 59 0 0 0 3.47264
112 59 0 0 0 3.47264
113 59 0 0 0 3.47264
114 59 0 0 0 3.47264
115 67 1 1 67 3.60968
116 67 0 0 0 3.60968
117 67 0 0 0 3.60968
118 67 0 0 0 3.60968
119 67 0 0 0 3.60968
120 69 1 1 69 3.62642
121 69 0 0 0 3.62642
122 69 0 0 0 3.62642
123 69 0 0 0 3.62642
124 69 0 0 0 3.62642
125 69 0 0 0 3.62642
126 69 0 0 0 3.62642
127 69 0 0 0 3.62642
128 69 0 0 0 3.62642
129 69 0 0 0 3.62642
130 69 0 0 0 3.62642
131 69 0 0 0 3.62642
132 69 0 0 0 3.62642
133 71 1 1 71 3.64151
134 71 0 0 0 3.64151
135 71 0 0 0 3.64151
136 73 1 1 73 3.65627
137 73 0 0 0 3.65627
138 73 0 0 0 3.65627
139 73 0 0 0 3.65627
140 73 0 0 0 3.65627
141 73 0 0 0 3.65627
142 73 0 0 0 3.65627
143 73 0 0 0 3.65627
144 75 1 1 75 3.67021
145 83 1 1 83 3.80219
146 83 0 0 0 3.80219
147 83 0 0 0 3.80219
148 83 0 0 0 3.80219
149 83 0 0 0 3.80219
150 83 0 0 0 3.80219
151 83 0 0 0 3.80219
152 83 0 0 0 3.80219
153 85 1 1 85 3.81530
154 86 1 1 86 3.82180
155 91 1 1 91 3.90326
156 92 1 1 92 3.90967
157 92 0 0 0 3.90967
158 92 0 0 0 3.90967
159 92 0 0 0 3.90967
160 92 0 0 0 3.90967
# candidates: 77 78 85 91 96 100 105 115 120 133 136 144 145 153 154 155 156
