# pool 17358 values, range 0.17881 .. 0.41971
# seed 101 done, 2 gadgets tried, 60s
# seed 102 done, 7 gadgets tried, 120s
# seed 103 done, 8 gadgets tried, 180s
# seed 104 done, 12 gadgets tried, 240s
# seed 105 done, 12 gadgets tried, 300s
HIT  s1=33409/86400  s2=9791/86400
CERT 104 105 106 111 112 115 116 117 119 120 123 124 132 133 135 136 143 144 145 152 153 161 162 164 165 175 176 184 185 186 187 204 205 207 208 209 220 221 222 230 231 246 247 248 252 253 260 261 264 265 266 279 280 287 288 296 297 318 319 323 324 325 340 341 350 351 352 369 370 371 377 378 384 385 390 391 406 407 408 413 414 429 430 434 435 450 451 455 456 480 481 493 494 527 528 539 540 558 559 560 594 595 608 609 615 616 620 621 629 630 637 638 644 645 650 651 665 666 667 735 736 740 741 774 775 779 780 782 783 805 806 825 826 832 833 850 851 860 861 884 885 896 897 899 900
OK  sum=1/2  |U|=145  min=104  max=900
    runs: [104,106] [111,112] [115,117] [119,120] [123,124] [132,133] [135,136] [143,145] [152,153] [161,162] [164,165] [175,176] [184,187] [204,205] [207,209] [220,222] [230,231] [246,248] [252,253] [260,261] [264,266] [279,280] [287,288] [296,297] [318,319] [323,325] [340,341] [350,352] [369,371] [377,378] [384,385] [390,391] [406,408] [413,414] [429,430] [434,435] [450,451] [455,456] [480,481] [493,494] [527,528] [539,540] [558,560] [594,595] [608,609] [615,616] [620,621] [629,630] [637,638] [644,645] [650,651] [665,667] [735,736] [740,741] [774,775] [779,780] [782,783] [805,806] [825,826] [832,833] [850,851] [860,861] [884,885] [896,897] [899,900]
    lengths: 3 2 3 2 2 2 2 3 2 2 2 2 4 2 3 3 2 3 2 2 3 2 2 2 2 3 2 3 3 2 2 2 3 2 2 2 2 2 2 2 2 2 3 2 2 2 2 2 2 2 2 3 2 2 2 2 2 2 2 2 2 2 2 2 2
    r=65  cap=66  ->  realisable block counts k in [65,66]
