185 2304 135 136 140 141 170 171 188 189 190 234 235 255 256 272 273
329 2304 135 136 140 141 143 144 153 154 170 171 187 188 189 207 208 209 210 230 231 234 235 252 253 255 256 285 286
995 6912 104 105 116 117 135 136 140 141 187 188 203 204 220 221 224 225 231 232 234 235 252 253 255 256 275 276
353 2304 116 117 135 136 144 145 152 153 170 171 174 175 189 190 203 204 208 209 220 221 224 225 230 231 255 256 299 300
133 864 135 136 140 141 147 148 152 153 154 184 185 187 188 195 196 207 208 209 220 221 222 224 225 234 235 272 273 275 276
5 32 116 117 119 120 140 141 152 153 175 176 187 188 203 204 208 209 220 221 224 225 230 231 232 234 235 272 273 299 300
1091 6912 132 133 135 136 153 154 155 170 171 174 175 176 186 187 208 209 224 225 230 231 232 247 248 255 256 260 261 279 280 299 300
41 256 104 105 115 116 119 120 144 145 170 171 174 175 203 204 207 208 209 224 225 252 253 255 256 272 273 285 286 299 300
157 864 114 115 135 136 143 144 147 148 153 154 155 175 176 185 186 187 195 196 207 208 221 222 224 225 247 248 252 253 272 273 279 280 299 300
55 288 119 120 132 133 147 148 154 155 170 171 174 175 176 185 186 187 195 196 209 210 221 222 224 225 230 231 232 247 248 260 261 272 273 279 280 299 300
1411 6912 104 105 115 116 119 120 140 141 152 153 154 170 171 175 176 187 188 189 190 203 204 207 208 209 224 225 231 232 234 235 252 253 255 256 299 300
197 864 104 105 114 115 147 148 152 153 154 155 156 170 171 174 175 185 186 189 190 195 196 207 208 209 210 221 222 224 225 231 232 247 248 252 253 260 261 272 273 279 280 299 300
1795 6912 104 105 114 115 116 117 119 120 140 141 152 153 154 155 156 170 171 175 176 186 187 188 189 190 203 204 207 208 209 210 224 225 231 232 234 235 247 248 252 253 255 256 279 280 299 300
229 864 104 105 119 120 132 133 135 136 140 141 143 144 147 148 153 154 155 170 171 175 176 185 186 187 188 195 196 208 209 210 220 221 222 224 225 230 231 234 235 247 248 272 273 279 280 299 300
1907 6912 104 105 115 116 117 119 120 132 133 135 136 140 141 147 148 154 155 156 170 171 185 186 187 188 195 196 203 204 208 209 220 221 222 224 225 230 231 232 234 235 247 248 255 256 275 276 279 280
