k : explicit certificate (exactly k disjoint blocks, each length >= 2)

k=  6  max= 210  VERIFIED  [(4, 6), (9, 10), (19, 20), (44, 45), (132, 133), (209, 210)]
k=  7  max= 100  VERIFIED  [(4, 5), (9, 11), (21, 22), (25, 26), (65, 66), (77, 78), (99, 100)]
k=  8  max=  85  VERIFIED  [(7, 10), (14, 15), (17, 19), (34, 36), (44, 45), (56, 57), (76, 77), (84, 85)]
k=  9  max=  85  VERIFIED  [(5, 6), (14, 15), (17, 18), (20, 22), (27, 28), (33, 34), (44, 45), (54, 55), (84, 85)]
k= 10  max=  85  VERIFIED  [(6, 8), (14, 15), (17, 18), (26, 27), (34, 35), (44, 45), (54, 56), (65, 66), (77, 78), (84, 85)]
k= 11  max=  85  VERIFIED  [(7, 8), (11, 12), (17, 18), (21, 22), (26, 28), (33, 34), (44, 45), (54, 56), (65, 66), (77, 78), (84, 85)]
k= 12  max= 100  VERIFIED  [(5, 6), (18, 19), (20, 22), (25, 27), (39, 40), (44, 45), (54, 55), (56, 57), (65, 66), (76, 77), (90, 91), (99, 100)]
k= 13  max=  96  VERIFIED  [(10, 12), (14, 15), (20, 22), (26, 27), (32, 33), (35, 36), (38, 39), (44, 45), (54, 56), (65, 66), (76, 77), (90, 91), (95, 96)]
k= 14  max= 105  VERIFIED  [(11, 13), (17, 18), (19, 20), (21, 22), (24, 25), (27, 28), (33, 34), (39, 40), (54, 55), (56, 57), (76, 78), (84, 85), (99, 100), (104, 105)]
k= 15  max= 115  VERIFIED  [(9, 11), (14, 15), (22, 24), (27, 28), (32, 33), (44, 45), (54, 55), (56, 57), (65, 66), (69, 70), (76, 78), (90, 91), (95, 96), (104, 105), (114, 115)]
k= 16  max= 115  VERIFIED  [(10, 11), (17, 18), (20, 21), (22, 23), (26, 28), (32, 33), (34, 35), (44, 45), (54, 55), (56, 57), (65, 66), (69, 70), (76, 78), (84, 85), (95, 96), (114, 115)]
k= 17  max= 120  VERIFIED  [(7, 9), (23, 24), (25, 26), (32, 33), (34, 35), (39, 40), (44, 45), (56, 57), (65, 66), (68, 69), (76, 77), (84, 85), (90, 91), (95, 96), (99, 100), (114, 115), (119, 120)]
k= 18  max= 120  VERIFIED  [(10, 11), (17, 18), (20, 21), (22, 23), (32, 33), (34, 36), (44, 45), (50, 51), (55, 57), (65, 66), (68, 70), (75, 76), (77, 78), (90, 91), (95, 96), (104, 105), (114, 115), (119, 120)]
k= 19  max= 136  VERIFIED  [(10, 11), (17, 18), (21, 23), (26, 27), (32, 33), (39, 40), (44, 45), (51, 52), (55, 57), (65, 66), (69, 70), (76, 78), (84, 85), (90, 91), (95, 96), (104, 105), (114, 115), (119, 120), (135, 136)]
k= 20  max= 136  VERIFIED  [(17, 18), (20, 21), (23, 24), (25, 27), (32, 33), (34, 36), (39, 40), (44, 45), (50, 52), (56, 57), (65, 66), (68, 69), (75, 78), (84, 85), (90, 91), (95, 96), (99, 100), (104, 105), (114, 115), (135, 136)]
k= 21  max= 136  VERIFIED  [(17, 18), (20, 21), (23, 24), (25, 27), (32, 33), (34, 36), (39, 40), (44, 45), (50, 52), (56, 57), (65, 66), (68, 69), (75, 76), (77, 78), (84, 85), (90, 91), (95, 96), (99, 100), (104, 105), (114, 115), (135, 136)]
k= 22  max= 145  VERIFIED  [(16, 17), (21, 22), (23, 24), (25, 26), (27, 28), (29, 30), (32, 33), (35, 36), (38, 39), (51, 52), (55, 57), (69, 70), (77, 78), (84, 85), (90, 91), (95, 96), (99, 100), (115, 116), (119, 120), (132, 133), (135, 136), (144, 145)]
k= 23  max= 153  VERIFIED  [(16, 17), (19, 20), (21, 23), (25, 26), (28, 29), (32, 33), (44, 45), (51, 52), (55, 57), (65, 66), (68, 69), (77, 78), (84, 85), (90, 91), (95, 96), (99, 100), (104, 105), (114, 115), (116, 117), (119, 120), (132, 133), (143, 145), (152, 153)]
k= 24  max= 175  VERIFIED  [(7, 8), (23, 24), (27, 28), (32, 33), (34, 35), (39, 40), (45, 46), (50, 51), (57, 58), (65, 66), (77, 78), (80, 81), (87, 88), (90, 91), (95, 96), (99, 100), (116, 117), (119, 120), (132, 133), (143, 145), (152, 153), (161, 162), (170, 171), (174, 175)]
k= 25  max= 190  VERIFIED  [(20, 21), (22, 23), (24, 25), (26, 27), (29, 30), (32, 33), (35, 36), (39, 40), (44, 45), (51, 52), (54, 55), (56, 57), (68, 70), (75, 76), (77, 78), (90, 91), (95, 96), (99, 100), (114, 116), (119, 120), (135, 136), (144, 145), (170, 171), (175, 176), (189, 190)]
k= 26  max= 196  VERIFIED  [(20, 21), (22, 23), (24, 25), (26, 27), (28, 29), (32, 33), (35, 36), (38, 39), (44, 46), (48, 49), (54, 55), (75, 77), (90, 91), (98, 100), (104, 105), (116, 117), (119, 120), (132, 133), (135, 136), (143, 145), (152, 154), (160, 161), (170, 171), (175, 176), (189, 190), (195, 196)]
k= 27  max= 196  VERIFIED  [(20, 21), (22, 23), (24, 25), (26, 28), (33, 34), (35, 36), (39, 40), (48, 49), (56, 58), (65, 66), (68, 69), (75, 76), (77, 78), (84, 85), (87, 88), (90, 91), (98, 100), (104, 105), (114, 115), (116, 117), (119, 120), (132, 133), (135, 136), (144, 145), (152, 153), (174, 175), (195, 196)]
k= 28  max= 217  VERIFIED  [(22, 23), (24, 25), (26, 27), (28, 29), (30, 31), (32, 33), (34, 36), (38, 39), (44, 46), (68, 69), (75, 77), (80, 81), (87, 88), (92, 93), (95, 96), (99, 100), (104, 105), (115, 117), (119, 120), (143, 144), (152, 153), (161, 162), (170, 171), (175, 176), (189, 190), (203, 204), (207, 210), (216, 217)]
k= 29  max= 217  VERIFIED  [(22, 23), (24, 25), (26, 27), (28, 29), (30, 31), (32, 33), (34, 36), (38, 39), (44, 46), (68, 69), (75, 77), (80, 81), (87, 88), (92, 93), (95, 96), (99, 100), (104, 105), (115, 117), (119, 120), (143, 144), (152, 153), (161, 162), (170, 171), (175, 176), (189, 190), (203, 204), (207, 208), (209, 210), (216, 217)]
k= 30  max= 217  VERIFIED  [(22, 23), (24, 25), (26, 27), (28, 29), (30, 31), (32, 33), (34, 35), (45, 46), (51, 52), (55, 56), (69, 70), (75, 77), (80, 81), (84, 85), (87, 88), (91, 93), (95, 96), (99, 100), (104, 105), (114, 116), (132, 133), (143, 144), (152, 154), (161, 162), (175, 176), (189, 190), (203, 204), (207, 208), (209, 210), (216, 217)]
k= 31  max= 217  VERIFIED  [(22, 23), (24, 25), (26, 27), (28, 29), (30, 31), (32, 33), (35, 36), (45, 46), (48, 50), (69, 70), (75, 77), (80, 81), (87, 88), (90, 91), (92, 93), (95, 96), (98, 100), (104, 105), (114, 115), (116, 117), (119, 120), (132, 133), (143, 144), (152, 153), (161, 162), (189, 190), (195, 196), (203, 204), (207, 208), (209, 210), (216, 217)]
k= 32  max= 217  VERIFIED  [(22, 23), (24, 25), (26, 27), (28, 29), (30, 31), (33, 34), (38, 39), (45, 46), (50, 51), (56, 57), (69, 70), (75, 76), (77, 78), (84, 85), (87, 88), (90, 91), (92, 93), (95, 96), (99, 100), (104, 105), (114, 115), (116, 117), (119, 120), (132, 133), (143, 144), (152, 153), (160, 161), (170, 171), (203, 204), (207, 208), (209, 210), (216, 217)]
k= 33  max= 221  VERIFIED  [(25, 26), (27, 28), (29, 30), (31, 32), (34, 36), (39, 40), (44, 45), (48, 49), (51, 52), (54, 55), (56, 57), (68, 69), (75, 76), (84, 85), (87, 88), (90, 91), (92, 93), (95, 96), (98, 100), (104, 105), (114, 116), (119, 120), (143, 144), (152, 154), (170, 171), (175, 176), (189, 190), (195, 196), (203, 204), (207, 208), (209, 210), (216, 217), (220, 221)]
k= 34  max= 232  VERIFIED  [(24, 25), (26, 27), (28, 29), (30, 31), (32, 33), (34, 36), (38, 39), (44, 45), (51, 52), (55, 56), (65, 66), (75, 76), (77, 78), (84, 85), (87, 88), (90, 91), (92, 93), (104, 105), (114, 115), (119, 120), (135, 136), (144, 145), (147, 148), (170, 171), (174, 175), (184, 185), (189, 190), (195, 196), (203, 204), (208, 210), (216, 217), (220, 222), (224, 225), (231, 232)]
k= 35  max= 235  VERIFIED  [(24, 25), (26, 27), (28, 29), (30, 31), (32, 33), (34, 36), (38, 39), (44, 46), (50, 52), (68, 69), (76, 77), (87, 88), (90, 91), (92, 93), (95, 96), (99, 100), (116, 117), (135, 136), (140, 141), (147, 148), (152, 153), (160, 161), (170, 171), (175, 176), (184, 185), (187, 188), (189, 190), (195, 196), (203, 204), (208, 210), (216, 217), (221, 222), (224, 225), (230, 231), (234, 235)]
k= 36  max= 246  VERIFIED  [(32, 33), (34, 36), (38, 39), (40, 42), (44, 46), (50, 52), (54, 55), (56, 58), (62, 63), (65, 66), (68, 70), (77, 78), (84, 85), (87, 88), (90, 93), (95, 96), (98, 99), (104, 105), (116, 117), (119, 120), (132, 133), (140, 141), (143, 145), (147, 148), (155, 156), (160, 161), (174, 176), (184, 185), (187, 189), (195, 196), (204, 205), (221, 222), (224, 225), (230, 231), (234, 235), (245, 246)]
k= 37  max= 246  VERIFIED  [(32, 33), (34, 36), (38, 39), (40, 42), (44, 46), (50, 52), (54, 55), (56, 58), (62, 63), (65, 66), (68, 70), (77, 78), (84, 85), (87, 88), (90, 91), (92, 93), (95, 96), (98, 99), (104, 105), (116, 117), (119, 120), (132, 133), (140, 141), (143, 145), (147, 148), (155, 156), (160, 161), (174, 176), (184, 185), (187, 189), (195, 196), (204, 205), (221, 222), (224, 225), (230, 231), (234, 235), (245, 246)]
k= 38  max= 246  VERIFIED  [(32, 33), (34, 36), (38, 39), (40, 42), (44, 46), (50, 52), (54, 55), (56, 58), (62, 63), (68, 69), (77, 78), (80, 81), (84, 85), (87, 88), (90, 91), (92, 93), (95, 96), (98, 99), (116, 117), (119, 120), (132, 133), (135, 136), (140, 141), (143, 145), (147, 148), (152, 156), (160, 162), (174, 175), (184, 185), (187, 188), (195, 196), (204, 205), (209, 210), (221, 222), (224, 225), (230, 231), (234, 235), (245, 246)]
k= 39  max= 246  VERIFIED  [(32, 33), (34, 36), (38, 39), (40, 42), (44, 46), (50, 52), (54, 55), (56, 58), (62, 63), (68, 69), (77, 78), (80, 81), (84, 85), (87, 88), (90, 91), (92, 93), (95, 96), (98, 99), (116, 117), (119, 120), (132, 133), (135, 136), (140, 141), (143, 145), (147, 148), (152, 153), (154, 156), (160, 162), (174, 175), (184, 185), (187, 188), (195, 196), (204, 205), (209, 210), (221, 222), (224, 225), (230, 231), (234, 235), (245, 246)]
k= 40  max= 246  VERIFIED  [(32, 33), (34, 36), (38, 39), (40, 42), (44, 46), (50, 51), (54, 55), (56, 58), (62, 63), (65, 66), (68, 69), (77, 78), (84, 85), (87, 88), (90, 91), (92, 93), (95, 96), (98, 99), (104, 105), (116, 117), (119, 120), (132, 133), (140, 141), (143, 145), (147, 148), (152, 153), (154, 155), (160, 161), (170, 171), (174, 175), (184, 185), (188, 190), (195, 196), (204, 205), (208, 210), (221, 222), (224, 225), (230, 231), (234, 235), (245, 246)]
k= 41  max= 246  VERIFIED  [(32, 33), (34, 36), (38, 39), (40, 42), (45, 46), (50, 51), (55, 56), (57, 58), (62, 63), (65, 66), (68, 69), (77, 78), (80, 81), (84, 85), (87, 88), (90, 91), (92, 93), (95, 96), (98, 99), (104, 105), (116, 117), (119, 120), (132, 133), (140, 141), (143, 145), (147, 148), (152, 153), (154, 155), (160, 162), (170, 171), (174, 176), (184, 185), (188, 190), (195, 196), (204, 205), (208, 210), (220, 222), (224, 225), (230, 231), (234, 235), (245, 246)]
k= 42  max= 253  VERIFIED  [(32, 33), (34, 36), (38, 39), (40, 42), (45, 46), (50, 51), (55, 57), (62, 63), (65, 66), (68, 70), (76, 78), (80, 81), (84, 85), (90, 91), (92, 93), (95, 96), (98, 99), (104, 105), (114, 115), (116, 117), (119, 120), (132, 133), (140, 141), (143, 144), (147, 148), (152, 153), (154, 155), (160, 162), (170, 171), (175, 176), (184, 185), (188, 189), (195, 196), (203, 205), (207, 208), (209, 210), (221, 222), (224, 225), (231, 232), (234, 235), (245, 246), (252, 253)]
k= 43  max= 288  VERIFIED  [(34, 36), (38, 39), (40, 42), (44, 46), (48, 49), (50, 52), (54, 55), (56, 58), (62, 63), (65, 66), (68, 69), (77, 78), (81, 82), (87, 88), (90, 91), (98, 100), (104, 105), (114, 115), (116, 117), (123, 124), (132, 133), (135, 136), (140, 141), (144, 145), (153, 155), (161, 162), (174, 175), (187, 188), (189, 190), (195, 196), (204, 205), (207, 208), (209, 210), (216, 217), (224, 225), (230, 231), (234, 235), (246, 248), (252, 253), (272, 273), (275, 276), (285, 286), (287, 288)]
k= 44  max= 300  VERIFIED  [(36, 37), (38, 39), (40, 42), (44, 46), (48, 49), (50, 52), (54, 55), (56, 58), (62, 63), (65, 66), (68, 70), (74, 75), (76, 78), (80, 81), (91, 92), (95, 96), (98, 99), (104, 105), (110, 111), (114, 115), (119, 120), (132, 133), (140, 141), (161, 162), (174, 176), (184, 185), (186, 187), (188, 189), (195, 196), (203, 205), (207, 208), (216, 217), (220, 221), (224, 225), (230, 231), (234, 235), (246, 248), (252, 253), (260, 261), (272, 273), (279, 280), (285, 286), (296, 297), (299, 300)]
k= 45  max= 300  VERIFIED  [(40, 42), (44, 46), (48, 49), (50, 52), (54, 55), (56, 58), (62, 63), (65, 66), (68, 70), (74, 75), (76, 78), (80, 82), (84, 85), (87, 88), (90, 91), (95, 96), (98, 99), (104, 105), (110, 111), (116, 117), (123, 124), (132, 133), (135, 136), (140, 141), (143, 145), (153, 154), (160, 162), (170, 171), (174, 176), (188, 190), (195, 196), (204, 205), (207, 210), (220, 221), (224, 225), (230, 231), (234, 235), (246, 247), (252, 253), (259, 260), (272, 273), (279, 280), (285, 288), (296, 297), (299, 300)]
k= 46  max= 300  VERIFIED  [(40, 42), (44, 46), (48, 49), (50, 52), (54, 55), (56, 58), (62, 63), (65, 66), (68, 70), (74, 75), (76, 78), (80, 82), (84, 85), (87, 88), (90, 91), (95, 96), (98, 99), (104, 105), (110, 111), (116, 117), (123, 124), (132, 133), (135, 136), (140, 141), (143, 145), (153, 154), (160, 162), (170, 171), (174, 176), (188, 190), (195, 196), (204, 205), (207, 208), (209, 210), (220, 221), (224, 225), (230, 231), (234, 235), (246, 247), (252, 253), (259, 260), (272, 273), (279, 280), (285, 288), (296, 297), (299, 300)]
k= 47  max= 300  VERIFIED  [(40, 42), (44, 46), (48, 49), (50, 52), (54, 55), (56, 58), (62, 63), (65, 66), (68, 70), (74, 75), (76, 78), (80, 82), (84, 85), (87, 88), (90, 91), (95, 96), (98, 99), (104, 105), (110, 111), (116, 117), (123, 124), (132, 133), (135, 136), (140, 141), (143, 145), (153, 154), (160, 162), (170, 171), (174, 176), (188, 190), (195, 196), (204, 205), (207, 208), (209, 210), (220, 221), (224, 225), (230, 231), (234, 235), (246, 247), (252, 253), (259, 260), (272, 273), (279, 280), (285, 286), (287, 288), (296, 297), (299, 300)]
k= 48  max= 330  VERIFIED  [(45, 46), (47, 48), (49, 50), (51, 52), (54, 55), (56, 58), (60, 61), (62, 63), (64, 66), (68, 70), (74, 78), (80, 82), (84, 85), (87, 88), (91, 92), (95, 96), (98, 100), (104, 105), (110, 111), (114, 115), (119, 120), (122, 124), (132, 133), (143, 144), (153, 156), (161, 162), (174, 176), (182, 184), (189, 190), (195, 196), (203, 204), (207, 209), (216, 217), (224, 225), (231, 232), (234, 235), (247, 248), (252, 253), (259, 261), (272, 273), (275, 276), (286, 288), (296, 297), (299, 300), (304, 305), (319, 320), (322, 323), (329, 330)]
k= 49  max= 330  VERIFIED  [(45, 46), (47, 48), (49, 50), (51, 52), (54, 55), (56, 58), (60, 61), (62, 63), (64, 66), (68, 70), (74, 75), (76, 78), (80, 82), (84, 85), (87, 88), (91, 92), (95, 96), (98, 100), (104, 105), (110, 111), (114, 115), (119, 120), (122, 124), (132, 133), (143, 144), (153, 156), (161, 162), (174, 176), (182, 184), (189, 190), (195, 196), (203, 204), (207, 209), (216, 217), (224, 225), (231, 232), (234, 235), (247, 248), (252, 253), (259, 261), (272, 273), (275, 276), (286, 288), (296, 297), (299, 300), (304, 305), (319, 320), (322, 323), (329, 330)]
k= 50  max= 330  VERIFIED  [(45, 46), (47, 48), (49, 50), (51, 52), (54, 55), (56, 58), (60, 61), (62, 63), (64, 66), (68, 70), (74, 75), (76, 78), (80, 82), (84, 85), (87, 88), (91, 92), (95, 96), (98, 100), (104, 105), (110, 111), (114, 115), (119, 120), (122, 124), (132, 133), (143, 144), (153, 154), (155, 156), (161, 162), (174, 176), (182, 184), (189, 190), (195, 196), (203, 204), (207, 209), (216, 217), (224, 225), (231, 232), (234, 235), (247, 248), (252, 253), (259, 261), (272, 273), (275, 276), (286, 288), (296, 297), (299, 300), (304, 305), (319, 320), (322, 323), (329, 330)]
k= 51  max= 345  VERIFIED  [(45, 46), (47, 48), (49, 50), (51, 52), (54, 55), (56, 58), (60, 61), (62, 63), (64, 66), (68, 70), (74, 75), (76, 78), (80, 82), (84, 85), (86, 88), (90, 91), (92, 93), (95, 96), (98, 100), (110, 111), (119, 120), (122, 124), (143, 144), (152, 153), (154, 156), (161, 162), (171, 172), (175, 176), (182, 183), (186, 187), (189, 190), (195, 196), (203, 204), (207, 209), (215, 216), (220, 221), (224, 225), (234, 235), (247, 248), (259, 260), (275, 276), (279, 280), (285, 286), (287, 288), (296, 297), (299, 300), (305, 306), (319, 320), (329, 330), (340, 342), (344, 345)]
k= 52  max= 369  VERIFIED  [(50, 51), (54, 55), (56, 58), (60, 61), (62, 63), (64, 66), (68, 70), (74, 75), (76, 78), (80, 81), (84, 88), (90, 93), (98, 100), (104, 105), (110, 112), (114, 115), (122, 124), (132, 133), (135, 136), (140, 141), (143, 144), (147, 148), (152, 156), (160, 162), (164, 165), (170, 172), (174, 176), (182, 183), (185, 186), (188, 190), (195, 196), (203, 205), (209, 210), (215, 216), (221, 222), (231, 232), (234, 235), (245, 248), (252, 253), (259, 261), (275, 276), (279, 280), (285, 288), (296, 297), (299, 300), (304, 306), (319, 320), (322, 323), (340, 342), (344, 345), (350, 352), (368, 369)]
k= 53  max= 369  VERIFIED  [(50, 51), (54, 55), (56, 58), (60, 61), (62, 63), (64, 66), (68, 70), (74, 75), (76, 78), (80, 81), (84, 85), (86, 88), (90, 93), (98, 100), (104, 105), (110, 112), (114, 115), (122, 124), (132, 133), (135, 136), (140, 141), (143, 144), (147, 148), (152, 156), (160, 162), (164, 165), (170, 172), (174, 176), (182, 183), (185, 186), (188, 190), (195, 196), (203, 205), (209, 210), (215, 216), (221, 222), (231, 232), (234, 235), (245, 248), (252, 253), (259, 261), (275, 276), (279, 280), (285, 288), (296, 297), (299, 300), (304, 306), (319, 320), (322, 323), (340, 342), (344, 345), (350, 352), (368, 369)]
k= 54  max= 369  VERIFIED  [(50, 51), (54, 55), (56, 58), (60, 61), (62, 63), (64, 66), (68, 70), (74, 75), (76, 78), (80, 81), (84, 85), (86, 88), (90, 91), (92, 93), (98, 100), (104, 105), (110, 112), (114, 115), (122, 124), (132, 133), (135, 136), (140, 141), (143, 144), (147, 148), (152, 156), (160, 162), (164, 165), (170, 172), (174, 176), (182, 183), (185, 186), (188, 190), (195, 196), (203, 205), (209, 210), (215, 216), (221, 222), (231, 232), (234, 235), (245, 248), (252, 253), (259, 261), (275, 276), (279, 280), (285, 288), (296, 297), (299, 300), (304, 306), (319, 320), (322, 323), (340, 342), (344, 345), (350, 352), (368, 369)]
k= 55  max= 369  VERIFIED  [(50, 51), (54, 55), (56, 58), (60, 61), (62, 63), (64, 66), (68, 70), (74, 75), (76, 78), (80, 81), (84, 85), (86, 88), (90, 91), (92, 93), (98, 100), (104, 105), (110, 112), (114, 115), (122, 124), (132, 133), (135, 136), (140, 141), (143, 144), (147, 148), (152, 153), (154, 156), (160, 162), (164, 165), (170, 172), (174, 176), (182, 183), (185, 186), (188, 190), (195, 196), (203, 205), (209, 210), (215, 216), (221, 222), (231, 232), (234, 235), (245, 248), (252, 253), (259, 261), (275, 276), (279, 280), (285, 288), (296, 297), (299, 300), (304, 306), (319, 320), (322, 323), (340, 342), (344, 345), (350, 352), (368, 369)]
k= 56  max= 369  VERIFIED  [(50, 51), (54, 55), (56, 58), (60, 61), (62, 63), (64, 66), (68, 70), (74, 75), (76, 78), (80, 81), (84, 85), (86, 88), (90, 91), (92, 93), (98, 100), (104, 105), (110, 112), (114, 115), (122, 124), (132, 133), (135, 136), (140, 141), (143, 144), (147, 148), (152, 153), (154, 156), (160, 162), (164, 165), (170, 172), (174, 176), (182, 183), (185, 186), (188, 190), (195, 196), (203, 205), (209, 210), (215, 216), (221, 222), (231, 232), (234, 235), (245, 246), (247, 248), (252, 253), (259, 261), (275, 276), (279, 280), (285, 288), (296, 297), (299, 300), (304, 306), (319, 320), (322, 323), (340, 342), (344, 345), (350, 352), (368, 369)]
k= 57  max= 369  VERIFIED  [(50, 51), (54, 55), (56, 58), (60, 61), (62, 63), (64, 66), (68, 70), (74, 75), (76, 78), (80, 81), (84, 85), (86, 88), (90, 91), (92, 93), (98, 100), (104, 105), (110, 112), (114, 115), (122, 124), (132, 133), (135, 136), (140, 141), (143, 144), (147, 148), (152, 153), (154, 156), (160, 162), (164, 165), (170, 172), (174, 176), (182, 183), (185, 186), (188, 190), (195, 196), (203, 205), (209, 210), (215, 216), (221, 222), (231, 232), (234, 235), (245, 246), (247, 248), (252, 253), (259, 261), (275, 276), (279, 280), (285, 286), (287, 288), (296, 297), (299, 300), (304, 306), (319, 320), (322, 323), (340, 342), (344, 345), (350, 352), (368, 369)]
k= 58  max= 414  VERIFIED  [(55, 56), (57, 58), (60, 61), (62, 63), (64, 66), (68, 70), (74, 75), (76, 78), (80, 81), (84, 86), (90, 91), (92, 93), (98, 100), (105, 106), (110, 112), (114, 116), (118, 120), (122, 124), (132, 133), (135, 136), (140, 141), (143, 145), (147, 148), (152, 153), (154, 156), (160, 162), (164, 165), (170, 172), (174, 176), (182, 183), (184, 185), (186, 187), (188, 190), (195, 196), (204, 205), (207, 208), (209, 210), (215, 216), (220, 222), (230, 232), (234, 235), (245, 248), (260, 261), (264, 265), (272, 273), (275, 276), (279, 280), (285, 287), (295, 296), (304, 306), (318, 320), (322, 324), (340, 342), (344, 345), (368, 371), (377, 378), (405, 408), (413, 414)]
k= 59  max= 414  VERIFIED  [(55, 56), (57, 58), (60, 61), (62, 63), (64, 66), (68, 70), (74, 75), (76, 78), (80, 81), (84, 86), (90, 91), (92, 93), (98, 100), (105, 106), (110, 112), (114, 116), (118, 120), (122, 124), (132, 133), (135, 136), (140, 141), (143, 145), (147, 148), (152, 153), (154, 156), (160, 162), (164, 165), (170, 172), (174, 176), (182, 183), (184, 185), (186, 187), (188, 190), (195, 196), (204, 205), (207, 208), (209, 210), (215, 216), (220, 222), (230, 232), (234, 235), (245, 246), (247, 248), (260, 261), (264, 265), (272, 273), (275, 276), (279, 280), (285, 287), (295, 296), (304, 306), (318, 320), (322, 324), (340, 342), (344, 345), (368, 371), (377, 378), (405, 408), (413, 414)]
k= 60  max= 414  VERIFIED  [(55, 56), (57, 58), (60, 61), (62, 63), (64, 66), (68, 70), (74, 75), (76, 78), (80, 81), (84, 86), (90, 91), (92, 93), (98, 100), (105, 106), (110, 112), (114, 116), (118, 120), (122, 124), (132, 133), (135, 136), (140, 141), (143, 145), (147, 148), (152, 153), (154, 156), (160, 162), (164, 165), (170, 172), (174, 176), (182, 183), (184, 185), (186, 187), (188, 190), (195, 196), (204, 205), (207, 208), (209, 210), (215, 216), (220, 222), (230, 232), (234, 235), (245, 246), (247, 248), (260, 261), (264, 265), (272, 273), (275, 276), (279, 280), (285, 287), (295, 296), (304, 306), (318, 320), (322, 324), (340, 342), (344, 345), (368, 369), (370, 371), (377, 378), (405, 408), (413, 414)]
k= 61  max= 414  VERIFIED  [(55, 56), (57, 58), (60, 61), (62, 63), (64, 66), (68, 70), (74, 75), (76, 78), (80, 81), (84, 86), (90, 91), (92, 93), (98, 100), (105, 106), (110, 112), (114, 116), (118, 120), (122, 124), (132, 133), (135, 136), (140, 141), (143, 145), (147, 148), (152, 153), (154, 156), (160, 162), (164, 165), (170, 172), (174, 176), (182, 183), (184, 185), (186, 187), (188, 190), (195, 196), (204, 205), (207, 208), (209, 210), (215, 216), (220, 222), (230, 232), (234, 235), (245, 246), (247, 248), (260, 261), (264, 265), (272, 273), (275, 276), (279, 280), (285, 287), (295, 296), (304, 306), (318, 320), (322, 324), (340, 342), (344, 345), (368, 369), (370, 371), (377, 378), (405, 406), (407, 408), (413, 414)]
k= 62  max= 414  VERIFIED  [(55, 56), (57, 58), (60, 61), (62, 63), (64, 66), (68, 70), (74, 75), (76, 77), (80, 81), (84, 85), (86, 87), (91, 93), (98, 99), (104, 106), (110, 111), (114, 115), (116, 117), (118, 120), (122, 124), (132, 133), (135, 136), (140, 141), (143, 144), (147, 148), (152, 153), (154, 156), (160, 162), (164, 165), (170, 172), (174, 176), (182, 183), (184, 185), (186, 187), (188, 190), (195, 196), (203, 205), (207, 208), (209, 210), (215, 216), (220, 222), (224, 225), (231, 232), (234, 235), (245, 248), (260, 261), (264, 266), (272, 273), (275, 276), (279, 280), (285, 288), (294, 296), (299, 300), (305, 306), (318, 320), (324, 325), (341, 342), (344, 345), (368, 371), (377, 378), (391, 392), (405, 407), (413, 414)]
k= 63  max= 414  VERIFIED  [(55, 56), (57, 58), (60, 61), (62, 63), (64, 66), (68, 70), (74, 75), (76, 77), (80, 81), (84, 85), (86, 87), (91, 93), (98, 99), (104, 106), (110, 111), (114, 115), (116, 117), (118, 120), (122, 124), (132, 133), (135, 136), (140, 141), (143, 144), (147, 148), (152, 153), (154, 156), (160, 162), (164, 165), (170, 172), (174, 176), (182, 183), (184, 185), (186, 187), (188, 190), (195, 196), (203, 205), (207, 208), (209, 210), (215, 216), (220, 222), (224, 225), (231, 232), (234, 235), (245, 246), (247, 248), (260, 261), (264, 266), (272, 273), (275, 276), (279, 280), (285, 288), (294, 296), (299, 300), (305, 306), (318, 320), (324, 325), (341, 342), (344, 345), (368, 371), (377, 378), (391, 392), (405, 407), (413, 414)]
k= 64  max= 414  VERIFIED  [(55, 56), (57, 58), (60, 61), (62, 63), (64, 66), (68, 70), (74, 75), (76, 77), (80, 81), (84, 85), (86, 87), (91, 93), (98, 99), (104, 106), (110, 111), (114, 115), (116, 117), (118, 120), (122, 124), (132, 133), (135, 136), (140, 141), (143, 144), (147, 148), (152, 153), (154, 156), (160, 162), (164, 165), (170, 172), (174, 176), (182, 183), (184, 185), (186, 187), (188, 190), (195, 196), (203, 205), (207, 208), (209, 210), (215, 216), (220, 222), (224, 225), (231, 232), (234, 235), (245, 246), (247, 248), (260, 261), (264, 266), (272, 273), (275, 276), (279, 280), (285, 286), (287, 288), (294, 296), (299, 300), (305, 306), (318, 320), (324, 325), (341, 342), (344, 345), (368, 371), (377, 378), (391, 392), (405, 407), (413, 414)]
k= 65  max= 414  VERIFIED  [(55, 56), (57, 58), (60, 61), (62, 63), (64, 66), (68, 70), (74, 75), (76, 77), (80, 81), (84, 85), (86, 87), (91, 93), (98, 99), (104, 106), (110, 111), (114, 115), (116, 117), (118, 120), (122, 124), (132, 133), (135, 136), (140, 141), (143, 144), (147, 148), (152, 153), (154, 156), (160, 162), (164, 165), (170, 172), (174, 176), (182, 183), (184, 185), (186, 187), (188, 190), (195, 196), (203, 205), (207, 208), (209, 210), (215, 216), (220, 222), (224, 225), (231, 232), (234, 235), (245, 246), (247, 248), (260, 261), (264, 266), (272, 273), (275, 276), (279, 280), (285, 286), (287, 288), (294, 296), (299, 300), (305, 306), (318, 320), (324, 325), (341, 342), (344, 345), (368, 369), (370, 371), (377, 378), (391, 392), (405, 407), (413, 414)]
k= 70  max= 900  VERIFIED  [(6, 7), (20, 21), (44, 45), (77, 78), (90, 91), (104, 106), (111, 112), (115, 117), (119, 120), (123, 124), (132, 133), (135, 136), (143, 145), (152, 153), (161, 162), (164, 165), (175, 176), (184, 187), (204, 205), (207, 209), (220, 222), (230, 231), (246, 248), (252, 253), (260, 261), (264, 266), (279, 280), (287, 288), (296, 297), (318, 319), (323, 325), (340, 341), (350, 352), (369, 371), (377, 378), (384, 385), (390, 391), (406, 408), (413, 414), (429, 430), (434, 435), (450, 451), (455, 456), (480, 481), (493, 494), (527, 528), (539, 540), (558, 560), (594, 595), (608, 609), (615, 616), (620, 621), (629, 630), (637, 638), (644, 645), (650, 651), (665, 667), (735, 736), (740, 741), (774, 775), (779, 780), (782, 783), (805, 806), (825, 826), (832, 833), (850, 851), (860, 861), (884, 885), (896, 897), (899, 900)]
k= 71  max= 900  VERIFIED  [(6, 7), (20, 21), (44, 45), (77, 78), (90, 91), (104, 106), (111, 112), (115, 117), (119, 120), (123, 124), (132, 133), (135, 136), (143, 145), (152, 153), (161, 162), (164, 165), (175, 176), (184, 185), (186, 187), (204, 205), (207, 209), (220, 222), (230, 231), (246, 248), (252, 253), (260, 261), (264, 266), (279, 280), (287, 288), (296, 297), (318, 319), (323, 325), (340, 341), (350, 352), (369, 371), (377, 378), (384, 385), (390, 391), (406, 408), (413, 414), (429, 430), (434, 435), (450, 451), (455, 456), (480, 481), (493, 494), (527, 528), (539, 540), (558, 560), (594, 595), (608, 609), (615, 616), (620, 621), (629, 630), (637, 638), (644, 645), (650, 651), (665, 667), (735, 736), (740, 741), (774, 775), (779, 780), (782, 783), (805, 806), (825, 826), (832, 833), (850, 851), (860, 861), (884, 885), (896, 897), (899, 900)]

All certificates verified in exact rational arithmetic. k values: [6, 7, 8, 9, 10, 11, 12, 13, 14, 15, 16, 17, 18, 19, 20, 21, 22, 23, 24, 25, 26, 27, 28, 29, 30, 31, 32, 33, 34, 35, 36, 37, 38, 39, 40, 41, 42, 43, 44, 45, 46, 47, 48, 49, 50, 51, 52, 53, 54, 55, 56, 57, 58, 59, 60, 61, 62, 63, 64, 65, 70, 71]
