252965
347849
681546
844964
1371365
1532387
1576680
1742144
2144465
2615493
2630048
2975132
3354010
3386976
3457610
3648835
3648836
3724872
3776055
3784382
3953074
3953075
4085739
4112341
4153175
4957669
5272529
5380716
5484113
5665642
6090028
6188700
6212750
6274052
6609783
7138093
7141713
7141714
7193965
7625143
7627720
7791038
7797502
7979084
8015886
8046827
8305980
8330681
8372248
8465524
8574444
8924849
9154564
9162673
9262053
9493622
9557962
9557963
9596499
9785966
10164593
10392262
10545066
10646855
10867328
10876579
10943151
10994662
11041606
11233955
11407083
11492337
11735918
11841044
11933913
12002294
12213967
12221838
12326544
12332655
12375725
12446173
12455714
12688568
12688569
12715322
12722146
12722147
12804773
12879874
12905360
12907232
13044313
13131038
13322945
13601073
13789188
13841687
14215074
14269525
14275672
14399107
15293167
15508921
15604188
15719099
15997233
16371626
16426868
17036481
17139249
17139250
17175013
17199662
17204256
17206145
17581449
17953986
17999277
18285330
18571372
18657773
18657774
18752209
19022032
19024489
19263971
19371597
19530770
19595529
19595530
19936516
20102728
20122007
20212824
20232629
20303567
20310511
20326853
20329711
20373513
21477143
21565381
21580979
21621983
21621984
21667976
21706823
21776997
22005762
22064065
22064066
22179439
22252759
22379223
22458015
22607519
22607520
22640670
22737382
22764267
22764268
22863115
22870286
22870287
22932284
23008049
23060524
23220490
23292344
23315029
23346711
23553269
23756143
23789897
23796460
23856180
23939846
24072429
24102502
24343213
24368471
24495118
24603700
24612522
24616558
25091893
25114406
25130715
25247834
25408697
25415159
25618354
25949208
26148308
26302041
26630321
26630322
27033123
27210387
27231236
27258055
27302161
27350192
27353310
27466797
27811990
27847919
27847920
27889451
27894632
27946398
28037847
28037848
28048302
28126941
28271435
28355443
28988328
29438064
29521854
29585588
29752223
29885230
29938956
29938957
30028765
30113267
30221923
30231337
30326438
30362824
30391999
30396176
30439279
30531630
30654272
30654273
30682755
30721948
30731677
30837016
30975703
30978449
30978450
30978451
31059013
31103166
31142339
31186748
31234268
31234269
31240061
31240062
31674187
31758135
31845833
32248981
32256621
32486595
32562159
32588343
32588344
32591711
32631581
32673345
32673346
32776997
32798898
32831773
32941402
33131093
33157023
33368541
33384943
33432754
33437655
33463690
33518398
33631585
33810895
34011300
34067952
34108225
34287812
34318099
34410157
34673497
34822545
34910712
34991150
35027825
35066105
35248937
35296010
35425145
35509547
35514818
35514819
35641195
35705172
35741118
35745524
35905297
35937370
35996114
36038886
36058867
36132079
36234295
36253261
36369071
36531809
36572653
36574942
36662798
36736332
37055184
37082986
37312415
37477184
37512494
37587014
37619406
37619407
37669748
37894402
37898506
37900153
37948502
37998776
38122312
38232369
38232370
38246767
38326631
38399983
38697792
38727258
38727259
38735241
38749382
38894893
39015726
39101664
39101665
39171750
39238474
39430611
39468825
39491539
39555473
39695667
39796088
39826922
39847913
39966571
40034221
40071587
40125112
40573589
40655495
40705861
40710199
40754623
40770791
41007319
41045292
41073143
41102955
41654451
41668015
41769656
42232265
42284649
42362485
42414947
42510137
42568623
42583852
42656973
42688704
43024079
43116505
43191273
43478115
43533037
43643486
43728875
43969164
44042101
44268989
44311925
44576852
44872019
44908117
44938455
45002765
45018788
45030256
45041654
45495566
45621865
45655217
45771307
45825541
46009695
46014383
46031928
46102417
46231479
46231480
46316820
46533825
46549974
46778131
46896145
46958118
47253140
47593042
47664173
47733020
47807224
47838099
47838101
47941376
48023585
48065626
48322952
48352916
48355682
48460710
48637598
48813810
48813811
49206559
49381939
49416546
49416547
49773957
49798551
49892877
49987038
50124652
50228273
50315072
50521013
50547808
50697358
50702873
50735859
50755910
50777229
50853612
50873665
51028616
51307343
51314361
51839096
51895206
51980389
52046297
52046298
52545750
52802695
53271722
53283758
53405427
53668592
53852920
54030218
54034022
54244067
54316767
54356915
54366846
54388383
54635047
54719261
54841232
54865692
55012967
55034789
55094092
55108547
55152582
55178632
55229070
55229071
55323552
55338564
55479599
55479796
55527602
55708416
55708417
55866742
55896656
56042503
56105799
56220713
56225974
56233670
56270090
56430546
56430547
56474116
56499517
56546059
56626097
56919074
57060814
57100509
57130698
57180653
57229902
57253762
57313826
57316364
57326499
57670638
57914328
57923723
57923724
58225446
58276798
58416559
58590309
58775561
59154339
59323001
59337419
59416132
59462002
59733957
59823226
60197316
60348739
60504221
60594390
60699855
60699856
60733053
60733083
60751298
60830551
61061902
61079876
61272326
61481120
61481666
61494337
61511435
61679110
61744030
61782277
61804221
61929452
61963977
61963978
61994541
61994542
62016623
62019957
62024566
62341219
62693466
62826642
62855578
63005861
63140402
63221525
63433598
63556572
63729189
63906983
63936869
64283776
64391550
64527887
64575223
64625309
64739382
64739383
64787641
64805695
64870671
64886611
65135854
65273881
65280794
65280796
65418460
65489577
65507167
65559427
65559428
65715487
65913605
65952245
65968298
66050369
66061930
66139425
66259823
66319196
66354287
66374151
66425405
66470753
66470754
66660907
66660908
66669523
66784818
66837823
66953893
67018849
67076942
67361687
68095744
68117200
68541640
68541641
68555048
68565548
68644146
68771237
68773820
68813685
68829098
69001964
69008233
69139649
69139650
69619434
69643186
69693061
69774733
69921437
70550818
70693933
70700313
70775779
70936229
70944209
70949448
70992648
71019167
71032388
71115442
71131629
71186105
71245397
71686471
71703148
71862294
71899815
72165697
72212109
72228439
72250681
72268323
72268324
72286092
72286093
72286094
72961797
73084084
73170498
73174086
73444730
73474956
73645501
73662406
73748869
74023648
74080940
74186549
74233918
74236759
74354074
74362581
74414619
74502700
74533636
74647900
74710175
74754356
74761749
74782825
74795940
74796277
74802411
75107939
75285274
75306901
75306902
75309725
75309739
75314964
75323341
75355419
75356439
75368816
75711214
75737207
75912184
75930542
75942946
75968286
76099156
76131031
76131032
76149643
76217299
76241309
76250823
76257827
76424420
76531055
76941190
76967912
76976905
77010163
77050791
77086113
77176363
77203856
77291681
77379574
77528395
77619216
77736213
77742000
77747189
77747923
77805286
77821526
77876618
78056861
78094359
78210505
78224775
78567853
78585462
78744721
78823114
79041069
79106366
79144631
79271573
79367919
79367920
79378127
79392715
79427389
79548360
79601575
79696066
79696496
79699948
79726136
79896500
79905236
79905237
79974926
80054086
80068244
80147999
80155983
80332488
80378834
80405697
80405698
80405699
80466500
80627917
80651369
80829610
80918329
80983715
81080977
81120214
81147320
81176333
81493185
81571268
81632515
81669837
81735773
81741032
81760652
81821611
81955246
81967918
81974716
82074988
82137777
82137778
82169093
82270836
82276913
82310898
82310900
82411019
82411020
82461991
82606125
82661991
82669879
82718494
82739390
82839950
82864592
82896008
82936249
82952556
82952557
82989675
83040050
83055478
83144782
83242873
83397551
83992334
84107344
84107345
84335731
84647969
84647970
84686275
84726374
84744825
84801954
84873677
84885062
84915566
84980958
85039322
85097327
85103274
85148101
85155479
85204544
85206001
85417303
85450805
85511543
85620973
85813177
85842511
85876628
85891577
85967601
85995858
86186532
86202596
86254774
86340511
86359405
86475671
86548427
86599015
86915547
87115879
87292627
87315317
87406987
87481534
87542620
87644604
87677855
87738900
87745326
87785891
87841463
87995972
88079347
88401612
88465278
88527920
88582958
88601098
88601099
88605928
88645274
88671272
88673048
88714286
88822355
89103663
89128087
89128088
89227970
89414410
89507165
89816275
89874254
89955005
89958416
89965457
90031589
90143788
90143789
90247438
90350243
90552921
90600184
90674119
90685600
90698134
90716523
90716524
91041710
91098971
91103924
91195826
91387929
91456868
91666494
91730650
91795758
91828063
91848084
91943348
92065202
92130443
92168149
92233681
92325240
92459714
92588820
92588821
93038470
93041420
93359405
93387829
93404471
93441749
93523307
93539486
93580648
93667243
93714774
93714775
93744131
93781880
94017260
94017261
94186245
94192567
94263901
94312579
94378820
94414407
94785414
94820241
94822827
94831198
94858397
94871454
94931692
94956935
95085285
95113391
95228572
95341399
95343451
95425251
95624889
95636895
95639057
96010672
96015806
96063655
96082085
96200738
96399859
96603469
96631715
96631716
96631717
96695694
96946451
97018067
97079203
97108912
97213708
97721761
97721762
97843531
98000729
98310508
98426731
98426732
98461023
98704174
98776824
98820214
98971455
99096451
99153940
99154993
99340184
99359959
99514418
99649757
99790268
99896730
99915089
99920135
