3648835
7141713
12688568
12722146
17139249
18657773
19595529
21621983
22064065
22764267
22870286
26630321
28037847
30654272
30978449
30978450
31234268
31240061
32588343
32673345
35514818
38232369
39101664
46231479
48813810
52046297
55229070
55708416
56430546
57923723
60699855
61963977
61994541
64739382
65559427
66470753
66660907
68541640
69139649
72268323
72286092
72286093
75306901
76131031
79367919
79905236
80405697
80405698
82137777
82411019
82952556
84107344
84647969
89128087
90143788
90716523
92588820
93714774
94017260
96631715
96631716
97721761
98426731
