# k realisable by an explicit verified certificate: 6..61, gaps []
# k  r  M  max(U)  runlengths  U
6 6 6 210 3,2,2,2,2,2 4 5 6 9 10 19 20 44 45 132 133 209 210
7 7 7 100 3,2,2,2,2,2,2 4 5 9 10 11 21 22 25 26 65 66 77 78 99 100
8 8 9 85 4,3,3,2,2,2,2,2 7 8 9 10 14 15 17 18 19 34 35 36 44 45 56 57 76 77 84 85
9 9 9 85 3,2,2,2,2,2,2,2,2 5 6 14 15 17 18 20 21 22 27 28 33 34 44 45 54 55 84 85
10 10 10 85 3,3,2,2,2,2,2,2,2,2 6 7 8 14 15 17 18 26 27 34 35 44 45 54 55 56 65 66 77 78 84 85
11 11 11 85 3,3,2,2,2,2,2,2,2,2,2 7 8 11 12 17 18 21 22 26 27 28 33 34 44 45 54 55 56 65 66 77 78 84 85
12 10 12 100 5,4,3,2,2,2,2,2,2,2 5 6 18 19 20 21 22 25 26 27 39 40 44 45 54 55 56 57 65 66 76 77 90 91 99 100
13 13 13 96 3,3,3,2,2,2,2,2,2,2,2,2,2 10 11 12 14 15 20 21 22 26 27 32 33 35 36 38 39 44 45 54 55 56 65 66 76 77 90 91 95 96
14 11 14 105 6,4,3,3,2,2,2,2,2,2,2 11 12 13 17 18 19 20 21 22 24 25 27 28 33 34 39 40 54 55 56 57 76 77 78 84 85 99 100 104 105
15 14 15 115 4,3,3,3,2,2,2,2,2,2,2,2,2,2 9 10 11 14 15 22 23 24 27 28 32 33 44 45 54 55 56 57 65 66 69 70 76 77 78 90 91 95 96 104 105 114 115
16 13 16 115 4,4,4,3,3,2,2,2,2,2,2,2,2 10 11 17 18 20 21 22 23 26 27 28 32 33 34 35 44 45 54 55 56 57 65 66 69 70 76 77 78 84 85 95 96 114 115
17 15 17 120 4,4,3,2,2,2,2,2,2,2,2,2,2,2,2 7 8 9 23 24 25 26 32 33 34 35 39 40 44 45 56 57 65 66 68 69 76 77 84 85 90 91 95 96 99 100 114 115 119 120
18 15 18 120 5,4,4,3,3,2,2,2,2,2,2,2,2,2,2 10 11 17 18 20 21 22 23 32 33 34 35 36 44 45 50 51 55 56 57 65 66 68 69 70 75 76 77 78 90 91 95 96 104 105 114 115 119 120
19 19 19 136 3,3,3,2,2,2,2,2,2,2,2,2,2,2,2,2,2,2,2 10 11 17 18 21 22 23 26 27 32 33 39 40 44 45 51 52 55 56 57 65 66 69 70 76 77 78 84 85 90 91 95 96 104 105 114 115 119 120 135 136
20 18 21 136 5,5,4,3,2,2,2,2,2,2,2,2,2,2,2,2,2,2 17 18 20 21 23 24 25 26 27 32 33 34 35 36 39 40 44 45 50 51 52 56 57 65 66 68 69 75 76 77 78 84 85 90 91 95 96 99 100 104 105 114 115 135 136
21 18 21 136 5,5,4,3,2,2,2,2,2,2,2,2,2,2,2,2,2,2 17 18 20 21 23 24 25 26 27 32 33 34 35 36 39 40 44 45 50 51 52 56 57 65 66 68 69 75 76 77 78 84 85 90 91 95 96 99 100 104 105 114 115 135 136
22 18 22 145 10,3,2,2,2,2,2,2,2,2,2,2,2,2,2,2,2,2 16 17 21 22 23 24 25 26 27 28 29 30 32 33 35 36 38 39 51 52 55 56 57 69 70 77 78 84 85 90 91 95 96 99 100 115 116 119 120 132 133 135 136 144 145
23 21 23 153 5,4,3,3,2,2,2,2,2,2,2,2,2,2,2,2,2,2,2,2,2 16 17 19 20 21 22 23 25 26 28 29 32 33 44 45 51 52 55 56 57 65 66 68 69 77 78 84 85 90 91 95 96 99 100 104 105 114 115 116 117 119 120 132 133 143 144 145 152 153
24 19 24 190 11,5,3,2,2,2,2,2,2,2,2,2,2,2,2,2,2,2,2 20 21 22 23 24 25 26 27 28 29 30 32 33 34 35 36 38 39 45 46 50 51 54 55 75 76 77 84 85 90 91 99 100 104 105 116 117 132 133 135 136 144 145 152 153 160 161 170 171 189 190
25 20 25 190 8,4,4,3,3,2,2,2,2,2,2,2,2,2,2,2,2,2,2,2 20 21 22 23 24 25 26 27 29 30 32 33 35 36 39 40 44 45 51 52 54 55 56 57 68 69 70 75 76 77 78 90 91 95 96 99 100 114 115 116 119 120 135 136 144 145 170 171 175 176 189 190
26 22 26 196 10,3,3,3,3,3,2,2,2,2,2,2,2,2,2,2,2,2,2,2,2,2 20 21 22 23 24 25 26 27 28 29 32 33 35 36 38 39 44 45 46 48 49 54 55 75 76 77 90 91 98 99 100 104 105 116 117 119 120 132 133 135 136 143 144 145 152 153 154 160 161 170 171 175 176 189 190 195 196
27 21 27 196 9,4,4,4,3,3,2,2,2,2,2,2,2,2,2,2,2,2,2,2,2 20 21 22 23 24 25 26 27 28 33 34 35 36 39 40 48 49 56 57 58 65 66 68 69 75 76 77 78 84 85 87 88 90 91 98 99 100 104 105 114 115 116 117 119 120 132 133 135 136 144 145 152 153 174 175 195 196
28 22 29 217 15,4,3,3,3,2,2,2,2,2,2,2,2,2,2,2,2,2,2,2,2,2 22 23 24 25 26 27 28 29 30 31 32 33 34 35 36 38 39 44 45 46 68 69 75 76 77 80 81 87 88 92 93 95 96 99 100 104 105 115 116 117 119 120 143 144 152 153 161 162 170 171 175 176 189 190 203 204 207 208 209 210 216 217
29 22 29 217 15,4,3,3,3,2,2,2,2,2,2,2,2,2,2,2,2,2,2,2,2,2 22 23 24 25 26 27 28 29 30 31 32 33 34 35 36 38 39 44 45 46 68 69 75 76 77 80 81 87 88 92 93 95 96 99 100 104 105 115 116 117 119 120 143 144 152 153 161 162 170 171 175 176 189 190 203 204 207 208 209 210 216 217
30 23 30 217 14,4,3,3,3,3,2,2,2,2,2,2,2,2,2,2,2,2,2,2,2,2,2 22 23 24 25 26 27 28 29 30 31 32 33 34 35 45 46 51 52 55 56 69 70 75 76 77 80 81 84 85 87 88 91 92 93 95 96 99 100 104 105 114 115 116 132 133 143 144 152 153 154 161 162 175 176 189 190 203 204 207 208 209 210 216 217
31 23 31 217 12,4,4,4,3,3,3,2,2,2,2,2,2,2,2,2,2,2,2,2,2,2,2 22 23 24 25 26 27 28 29 30 31 32 33 35 36 45 46 48 49 50 69 70 75 76 77 80 81 87 88 90 91 92 93 95 96 98 99 100 104 105 114 115 116 117 119 120 132 133 143 144 152 153 161 162 189 190 195 196 203 204 207 208 209 210 216 217
32 24 32 217 10,4,4,4,4,2,2,2,2,2,2,2,2,2,2,2,2,2,2,2,2,2,2,2 22 23 24 25 26 27 28 29 30 31 33 34 38 39 45 46 50 51 56 57 69 70 75 76 77 78 84 85 87 88 90 91 92 93 95 96 99 100 104 105 114 115 116 117 119 120 132 133 143 144 152 153 160 161 170 171 203 204 207 208 209 210 216 217
33 27 33 221 8,4,4,4,3,3,3,3,2,2,2,2,2,2,2,2,2,2,2,2,2,2,2,2,2,2,2 25 26 27 28 29 30 31 32 34 35 36 39 40 44 45 48 49 51 52 54 55 56 57 68 69 75 76 84 85 87 88 90 91 92 93 95 96 98 99 100 104 105 114 115 116 119 120 143 144 152 153 154 170 171 175 176 189 190 195 196 203 204 207 208 209 210 216 217 220 221
34 27 34 232 13,4,4,3,3,2,2,2,2,2,2,2,2,2,2,2,2,2,2,2,2,2,2,2,2,2,2 24 25 26 27 28 29 30 31 32 33 34 35 36 38 39 44 45 51 52 55 56 65 66 75 76 77 78 84 85 87 88 90 91 92 93 104 105 114 115 119 120 135 136 144 145 147 148 170 171 174 175 184 185 189 190 195 196 203 204 208 209 210 216 217 220 221 222 224 225 231 232
35 28 35 235 13,4,4,3,3,3,2,2,2,2,2,2,2,2,2,2,2,2,2,2,2,2,2,2,2,2,2,2 24 25 26 27 28 29 30 31 32 33 34 35 36 38 39 44 45 46 50 51 52 68 69 76 77 87 88 90 91 92 93 95 96 99 100 116 117 135 136 140 141 147 148 152 153 160 161 170 171 175 176 184 185 187 188 189 190 195 196 203 204 208 209 210 216 217 221 222 224 225 230 231 234 235
36 33 37 246 5,5,5,4,3,3,3,3,3,3,2,2,2,2,2,2,2,2,2,2,2,2,2,2,2,2,2,2,2,2,2,2,2 32 33 34 35 36 38 39 40 41 42 44 45 46 50 51 52 54 55 56 57 58 62 63 65 66 68 69 70 77 78 84 85 87 88 90 91 92 93 95 96 98 99 104 105 116 117 119 120 132 133 140 141 143 144 145 147 148 155 156 160 161 174 175 176 184 185 187 188 189 195 196 204 205 221 222 224 225 230 231 234 235 245 246
37 33 37 246 5,5,5,4,3,3,3,3,3,3,2,2,2,2,2,2,2,2,2,2,2,2,2,2,2,2,2,2,2,2,2,2,2 32 33 34 35 36 38 39 40 41 42 44 45 46 50 51 52 54 55 56 57 58 62 63 65 66 68 69 70 77 78 84 85 87 88 90 91 92 93 95 96 98 99 104 105 116 117 119 120 132 133 140 141 143 144 145 147 148 155 156 160 161 174 175 176 184 185 187 188 189 195 196 204 205 221 222 224 225 230 231 234 235 245 246
38 34 39 246 5,5,5,5,4,3,3,3,3,2,2,2,2,2,2,2,2,2,2,2,2,2,2,2,2,2,2,2,2,2,2,2,2,2 32 33 34 35 36 38 39 40 41 42 44 45 46 50 51 52 54 55 56 57 58 62 63 68 69 77 78 80 81 84 85 87 88 90 91 92 93 95 96 98 99 116 117 119 120 132 133 135 136 140 141 143 144 145 147 148 152 153 154 155 156 160 161 162 174 175 184 185 187 188 195 196 204 205 209 210 221 222 224 225 230 231 234 235 245 246
39 34 39 246 5,5,5,5,4,3,3,3,3,2,2,2,2,2,2,2,2,2,2,2,2,2,2,2,2,2,2,2,2,2,2,2,2,2 32 33 34 35 36 38 39 40 41 42 44 45 46 50 51 52 54 55 56 57 58 62 63 68 69 77 78 80 81 84 85 87 88 90 91 92 93 95 96 98 99 116 117 119 120 132 133 135 136 140 141 143 144 145 147 148 152 153 154 155 156 160 161 162 174 175 184 185 187 188 195 196 204 205 209 210 221 222 224 225 230 231 234 235 245 246
40 35 40 246 5,5,5,4,4,3,3,3,3,2,2,2,2,2,2,2,2,2,2,2,2,2,2,2,2,2,2,2,2,2,2,2,2,2,2 32 33 34 35 36 38 39 40 41 42 44 45 46 50 51 54 55 56 57 58 62 63 65 66 68 69 77 78 84 85 87 88 90 91 92 93 95 96 98 99 104 105 116 117 119 120 132 133 140 141 143 144 145 147 148 152 153 154 155 160 161 170 171 174 175 184 185 188 189 190 195 196 204 205 208 209 210 221 222 224 225 230 231 234 235 245 246
41 36 41 253 5,5,4,4,4,3,3,3,2,2,2,2,2,2,2,2,2,2,2,2,2,2,2,2,2,2,2,2,2,2,2,2,2,2,2,2 32 33 34 35 36 38 39 40 41 42 44 45 50 51 52 55 56 57 58 62 63 65 66 68 69 76 77 80 81 84 85 87 88 90 91 92 93 95 96 98 99 100 114 115 116 117 119 120 132 133 140 141 144 145 147 148 152 153 155 156 161 162 170 171 174 175 176 184 185 188 189 195 196 204 205 208 209 221 222 230 231 234 235 245 246 252 253
42 37 42 288 5,5,5,4,4,3,3,3,3,3,3,3,3,2,2,2,2,2,2,2,2,2,2,2,2,2,2,2,2,2,2,2,2,2,2,2,2 34 35 36 38 39 40 41 42 44 45 46 48 49 50 51 52 54 55 56 57 58 62 63 65 66 68 69 76 77 80 81 82 90 91 95 96 98 99 100 104 105 114 115 123 124 132 133 135 136 140 141 152 153 155 156 160 161 162 174 175 187 188 189 195 196 203 204 205 207 208 209 210 216 217 224 225 230 231 234 235 246 247 248 252 253 260 261 272 273 275 276 285 286 287 288
43 36 43 288 5,5,5,4,4,4,4,3,3,3,3,3,2,2,2,2,2,2,2,2,2,2,2,2,2,2,2,2,2,2,2,2,2,2,2,2 34 35 36 38 39 40 41 42 44 45 46 48 49 50 51 52 54 55 56 57 58 62 63 65 66 68 69 77 78 81 82 87 88 90 91 98 99 100 104 105 114 115 116 117 123 124 132 133 135 136 140 141 144 145 153 154 155 161 162 174 175 187 188 189 190 195 196 204 205 207 208 209 210 216 217 224 225 230 231 234 235 246 247 248 252 253 272 273 275 276 285 286 287 288
44 37 44 300 7,6,5,5,5,3,3,3,3,3,2,2,2,2,2,2,2,2,2,2,2,2,2,2,2,2,2,2,2,2,2,2,2,2,2,2,2 36 37 38 39 40 41 42 44 45 46 48 49 50 51 52 54 55 56 57 58 62 63 65 66 68 69 70 74 75 76 77 78 80 81 91 92 95 96 98 99 104 105 110 111 114 115 119 120 132 133 140 141 161 162 174 175 176 184 185 186 187 188 189 195 196 203 204 205 207 208 216 217 220 221 224 225 230 231 234 235 246 247 248 252 253 260 261 272 273 279 280 285 286 296 297 299 300
45 42 47 300 5,5,5,4,4,3,3,3,3,3,3,3,3,2,2,2,2,2,2,2,2,2,2,2,2,2,2,2,2,2,2,2,2,2,2,2,2,2,2,2,2,2 40 41 42 44 45 46 48 49 50 51 52 54 55 56 57 58 62 63 65 66 68 69 70 74 75 76 77 78 80 81 82 84 85 87 88 90 91 95 96 98 99 104 105 110 111 116 117 123 124 132 133 135 136 140 141 143 144 145 153 154 160 161 162 170 171 174 175 176 188 189 190 195 196 204 205 207 208 209 210 220 221 224 225 230 231 234 235 246 247 252 253 259 260 272 273 279 280 285 286 287 288 296 297 299 300
46 42 47 300 5,5,5,4,4,3,3,3,3,3,3,3,3,2,2,2,2,2,2,2,2,2,2,2,2,2,2,2,2,2,2,2,2,2,2,2,2,2,2,2,2,2 40 41 42 44 45 46 48 49 50 51 52 54 55 56 57 58 62 63 65 66 68 69 70 74 75 76 77 78 80 81 82 84 85 87 88 90 91 95 96 98 99 104 105 110 111 116 117 123 124 132 133 135 136 140 141 143 144 145 153 154 160 161 162 170 171 174 175 176 188 189 190 195 196 204 205 207 208 209 210 220 221 224 225 230 231 234 235 246 247 252 253 259 260 272 273 279 280 285 286 287 288 296 297 299 300
47 42 47 300 5,5,5,4,4,3,3,3,3,3,3,3,3,2,2,2,2,2,2,2,2,2,2,2,2,2,2,2,2,2,2,2,2,2,2,2,2,2,2,2,2,2 40 41 42 44 45 46 48 49 50 51 52 54 55 56 57 58 62 63 65 66 68 69 70 74 75 76 77 78 80 81 82 84 85 87 88 90 91 95 96 98 99 104 105 110 111 116 117 123 124 132 133 135 136 140 141 143 144 145 153 154 160 161 162 170 171 174 175 176 188 189 190 195 196 204 205 207 208 209 210 220 221 224 225 230 231 234 235 246 247 252 253 259 260 272 273 279 280 285 286 287 288 296 297 299 300
48 40 49 330 8,7,5,4,4,4,3,3,3,3,3,3,3,3,3,3,3,2,2,2,2,2,2,2,2,2,2,2,2,2,2,2,2,2,2,2,2,2,2,2 45 46 47 48 49 50 51 52 54 55 56 57 60 61 62 63 64 65 66 68 69 70 74 75 76 77 78 81 82 84 85 87 88 90 91 92 93 95 96 98 99 100 110 111 112 114 115 116 117 119 120 122 123 132 133 135 136 143 144 145 154 155 156 160 161 162 170 171 174 175 176 182 183 184 189 190 195 196 203 204 208 209 210 224 225 231 232 234 235 252 253 259 260 272 273 275 276 285 286 287 296 297 299 300 304 305 306 319 320 329 330
49 40 49 330 8,7,5,4,4,4,3,3,3,3,3,3,3,3,3,3,3,2,2,2,2,2,2,2,2,2,2,2,2,2,2,2,2,2,2,2,2,2,2,2 45 46 47 48 49 50 51 52 54 55 56 57 60 61 62 63 64 65 66 68 69 70 74 75 76 77 78 81 82 84 85 87 88 90 91 92 93 95 96 98 99 100 110 111 112 114 115 116 117 119 120 122 123 132 133 135 136 143 144 145 154 155 156 160 161 162 170 171 174 175 176 182 183 184 189 190 195 196 203 204 208 209 210 224 225 231 232 234 235 252 253 259 260 272 273 275 276 285 286 287 296 297 299 300 304 305 306 319 320 329 330
50 42 50 330 8,7,5,5,4,3,3,3,3,3,3,3,3,3,2,2,2,2,2,2,2,2,2,2,2,2,2,2,2,2,2,2,2,2,2,2,2,2,2,2,2,2 45 46 47 48 49 50 51 52 54 55 56 57 58 60 61 62 63 64 65 66 68 69 70 74 75 76 77 78 80 81 82 84 85 87 88 91 92 95 96 98 99 100 104 105 110 111 114 115 119 120 122 123 124 132 133 143 144 153 154 155 156 161 162 174 175 176 182 183 184 189 190 195 196 203 204 207 208 209 216 217 224 225 231 232 234 235 247 248 252 253 259 260 261 272 273 275 276 286 287 288 296 297 299 300 304 305 319 320 322 323 329 330
51 40 51 345 8,7,5,5,5,5,4,4,3,3,3,3,3,3,2,2,2,2,2,2,2,2,2,2,2,2,2,2,2,2,2,2,2,2,2,2,2,2,2,2 45 46 47 48 49 50 51 52 54 55 56 57 58 60 61 62 63 64 65 66 68 69 70 74 75 76 77 78 80 81 82 84 85 86 87 88 90 91 92 93 95 96 98 99 100 110 111 119 120 122 123 124 143 144 152 153 154 155 156 161 162 171 172 175 176 182 183 186 187 189 190 195 196 203 204 207 208 209 215 216 220 221 224 225 234 235 247 248 259 260 275 276 279 280 285 286 287 288 296 297 299 300 305 306 319 320 329 330 340 341 342 344 345
52 48 57 369 7,5,5,5,5,4,4,4,3,3,3,3,3,3,3,3,3,3,3,3,3,2,2,2,2,2,2,2,2,2,2,2,2,2,2,2,2,2,2,2,2,2,2,2,2,2,2,2 50 51 54 55 56 57 58 60 61 62 63 64 65 66 68 69 70 74 75 76 77 78 80 81 84 85 86 87 88 90 91 92 93 98 99 100 104 105 110 111 112 114 115 122 123 124 132 133 135 136 140 141 143 144 147 148 152 153 154 155 156 160 161 162 164 165 170 171 172 174 175 176 182 183 185 186 188 189 190 195 196 203 204 205 209 210 215 216 221 222 231 232 234 235 245 246 247 248 252 253 259 260 261 275 276 279 280 285 286 287 288 296 297 299 300 304 305 306 319 320 322 323 340 341 342 344 345 350 351 352 368 369
53 48 57 369 7,5,5,5,5,4,4,4,3,3,3,3,3,3,3,3,3,3,3,3,3,2,2,2,2,2,2,2,2,2,2,2,2,2,2,2,2,2,2,2,2,2,2,2,2,2,2,2 50 51 54 55 56 57 58 60 61 62 63 64 65 66 68 69 70 74 75 76 77 78 80 81 84 85 86 87 88 90 91 92 93 98 99 100 104 105 110 111 112 114 115 122 123 124 132 133 135 136 140 141 143 144 147 148 152 153 154 155 156 160 161 162 164 165 170 171 172 174 175 176 182 183 185 186 188 189 190 195 196 203 204 205 209 210 215 216 221 222 231 232 234 235 245 246 247 248 252 253 259 260 261 275 276 279 280 285 286 287 288 296 297 299 300 304 305 306 319 320 322 323 340 341 342 344 345 350 351 352 368 369
54 48 57 369 7,5,5,5,5,4,4,4,3,3,3,3,3,3,3,3,3,3,3,3,3,2,2,2,2,2,2,2,2,2,2,2,2,2,2,2,2,2,2,2,2,2,2,2,2,2,2,2 50 51 54 55 56 57 58 60 61 62 63 64 65 66 68 69 70 74 75 76 77 78 80 81 84 85 86 87 88 90 91 92 93 98 99 100 104 105 110 111 112 114 115 122 123 124 132 133 135 136 140 141 143 144 147 148 152 153 154 155 156 160 161 162 164 165 170 171 172 174 175 176 182 183 185 186 188 189 190 195 196 203 204 205 209 210 215 216 221 222 231 232 234 235 245 246 247 248 252 253 259 260 261 275 276 279 280 285 286 287 288 296 297 299 300 304 305 306 319 320 322 323 340 341 342 344 345 350 351 352 368 369
55 48 57 369 7,5,5,5,5,4,4,4,3,3,3,3,3,3,3,3,3,3,3,3,3,2,2,2,2,2,2,2,2,2,2,2,2,2,2,2,2,2,2,2,2,2,2,2,2,2,2,2 50 51 54 55 56 57 58 60 61 62 63 64 65 66 68 69 70 74 75 76 77 78 80 81 84 85 86 87 88 90 91 92 93 98 99 100 104 105 110 111 112 114 115 122 123 124 132 133 135 136 140 141 143 144 147 148 152 153 154 155 156 160 161 162 164 165 170 171 172 174 175 176 182 183 185 186 188 189 190 195 196 203 204 205 209 210 215 216 221 222 231 232 234 235 245 246 247 248 252 253 259 260 261 275 276 279 280 285 286 287 288 296 297 299 300 304 305 306 319 320 322 323 340 341 342 344 345 350 351 352 368 369
56 48 57 369 7,5,5,5,5,4,4,4,3,3,3,3,3,3,3,3,3,3,3,3,3,2,2,2,2,2,2,2,2,2,2,2,2,2,2,2,2,2,2,2,2,2,2,2,2,2,2,2 50 51 54 55 56 57 58 60 61 62 63 64 65 66 68 69 70 74 75 76 77 78 80 81 84 85 86 87 88 90 91 92 93 98 99 100 104 105 110 111 112 114 115 122 123 124 132 133 135 136 140 141 143 144 147 148 152 153 154 155 156 160 161 162 164 165 170 171 172 174 175 176 182 183 185 186 188 189 190 195 196 203 204 205 209 210 215 216 221 222 231 232 234 235 245 246 247 248 252 253 259 260 261 275 276 279 280 285 286 287 288 296 297 299 300 304 305 306 319 320 322 323 340 341 342 344 345 350 351 352 368 369
57 48 57 369 7,5,5,5,5,4,4,4,3,3,3,3,3,3,3,3,3,3,3,3,3,2,2,2,2,2,2,2,2,2,2,2,2,2,2,2,2,2,2,2,2,2,2,2,2,2,2,2 50 51 54 55 56 57 58 60 61 62 63 64 65 66 68 69 70 74 75 76 77 78 80 81 84 85 86 87 88 90 91 92 93 98 99 100 104 105 110 111 112 114 115 122 123 124 132 133 135 136 140 141 143 144 147 148 152 153 154 155 156 160 161 162 164 165 170 171 172 174 175 176 182 183 185 186 188 189 190 195 196 203 204 205 209 210 215 216 221 222 231 232 234 235 245 246 247 248 252 253 259 260 261 275 276 279 280 285 286 287 288 296 297 299 300 304 305 306 319 320 322 323 340 341 342 344 345 350 351 352 368 369
58 48 61 414 9,7,5,5,4,4,4,4,4,4,3,3,3,3,3,3,3,3,3,3,3,3,3,3,3,3,3,3,2,2,2,2,2,2,2,2,2,2,2,2,2,2,2,2,2,2,2,2 55 56 57 58 60 61 62 63 64 65 66 68 69 70 74 75 76 77 78 80 81 84 85 86 90 91 92 93 98 99 100 105 106 110 111 112 114 115 116 118 119 120 122 123 124 132 133 135 136 140 141 143 144 145 147 148 152 153 154 155 156 160 161 162 164 165 170 171 172 174 175 176 182 183 184 185 186 187 188 189 190 195 196 204 205 207 208 209 210 215 216 220 221 222 230 231 232 234 235 245 246 247 248 260 261 264 265 272 273 275 276 279 280 285 286 287 295 296 304 305 306 318 319 320 322 323 324 340 341 342 344 345 368 369 370 371 377 378 405 406 407 408 413 414
59 48 61 414 9,7,5,5,4,4,4,4,4,4,3,3,3,3,3,3,3,3,3,3,3,3,3,3,3,3,3,3,2,2,2,2,2,2,2,2,2,2,2,2,2,2,2,2,2,2,2,2 55 56 57 58 60 61 62 63 64 65 66 68 69 70 74 75 76 77 78 80 81 84 85 86 90 91 92 93 98 99 100 105 106 110 111 112 114 115 116 118 119 120 122 123 124 132 133 135 136 140 141 143 144 145 147 148 152 153 154 155 156 160 161 162 164 165 170 171 172 174 175 176 182 183 184 185 186 187 188 189 190 195 196 204 205 207 208 209 210 215 216 220 221 222 230 231 232 234 235 245 246 247 248 260 261 264 265 272 273 275 276 279 280 285 286 287 295 296 304 305 306 318 319 320 322 323 324 340 341 342 344 345 368 369 370 371 377 378 405 406 407 408 413 414
60 48 61 414 9,7,5,5,4,4,4,4,4,4,3,3,3,3,3,3,3,3,3,3,3,3,3,3,3,3,3,3,2,2,2,2,2,2,2,2,2,2,2,2,2,2,2,2,2,2,2,2 55 56 57 58 60 61 62 63 64 65 66 68 69 70 74 75 76 77 78 80 81 84 85 86 90 91 92 93 98 99 100 105 106 110 111 112 114 115 116 118 119 120 122 123 124 132 133 135 136 140 141 143 144 145 147 148 152 153 154 155 156 160 161 162 164 165 170 171 172 174 175 176 182 183 184 185 186 187 188 189 190 195 196 204 205 207 208 209 210 215 216 220 221 222 230 231 232 234 235 245 246 247 248 260 261 264 265 272 273 275 276 279 280 285 286 287 295 296 304 305 306 318 319 320 322 323 324 340 341 342 344 345 368 369 370 371 377 378 405 406 407 408 413 414
61 48 61 414 9,7,5,5,4,4,4,4,4,4,3,3,3,3,3,3,3,3,3,3,3,3,3,3,3,3,3,3,2,2,2,2,2,2,2,2,2,2,2,2,2,2,2,2,2,2,2,2 55 56 57 58 60 61 62 63 64 65 66 68 69 70 74 75 76 77 78 80 81 84 85 86 90 91 92 93 98 99 100 105 106 110 111 112 114 115 116 118 119 120 122 123 124 132 133 135 136 140 141 143 144 145 147 148 152 153 154 155 156 160 161 162 164 165 170 171 172 174 175 176 182 183 184 185 186 187 188 189 190 195 196 204 205 207 208 209 210 215 216 220 221 222 230 231 232 234 235 245 246 247 248 260 261 264 265 272 273 275 276 279 280 285 286 287 295 296 304 305 306 318 319 320 322 323 324 340 341 342 344 345 368 369 370 371 377 378 405 406 407 408 413 414
