# 2294 distinct multisets of maximal run lengths
# count  multiset
350 4,3,3,3,3,2,2,2,2,2,2,2,2,2,2,2
306 4,3,3,3,3,2,2,2,2,2,2,2,2,2,2
301 4,3,3,3,2,2,2,2,2,2,2,2,2,2,2
299 4,3,3,3,2,2,2,2,2,2,2,2,2,2
267 4,3,3,3,3,2,2,2,2,2,2,2,2,2,2,2,2
265 4,3,3,3,2,2,2,2,2,2,2,2,2,2,2,2
256 4,3,3,3,3,2,2,2,2,2,2,2,2,2
254 4,3,3,3,2,2,2,2,2,2,2,2,2,2,2,2,2
253 4,3,3,3,3,3,2,2,2,2,2,2,2,2,2,2
237 4,3,3,2,2,2,2,2,2,2,2,2,2,2,2
236 3,3,3,2,2,2,2,2,2,2,2,2,2,2,2
226 4,3,3,3,3,3,2,2,2,2,2,2,2,2,2,2,2
212 3,3,3,3,2,2,2,2,2,2,2,2,2,2,2,2
210 4,3,3,3,3,3,2,2,2,2,2,2,2,2,2
209 3,3,3,3,2,2,2,2,2,2,2,2,2,2,2
199 3,3,3,2,2,2,2,2,2,2,2,2,2,2,2,2
193 4,3,3,2,2,2,2,2,2,2,2,2,2,2
192 4,3,3,2,2,2,2,2,2,2,2,2,2,2,2,2
189 3,3,3,3,3,2,2,2,2,2,2,2,2,2,2,2
181 3,3,3,3,2,2,2,2,2,2,2,2,2,2,2,2,2
181 4,4,3,3,3,3,2,2,2,2,2,2,2,2,2,2
180 3,3,3,2,2,2,2,2,2,2,2,2,2,2
180 3,3,3,2,2,2,2,2,2,2,2,2,2,2,2,2,2
178 3,3,3,3,3,2,2,2,2,2,2,2,2,2,2
173 4,4,3,3,3,2,2,2,2,2,2,2,2,2,2,2
168 4,4,3,3,3,2,2,2,2,2,2,2,2,2,2
167 4,3,3,3,3,2,2,2,2,2,2,2,2,2,2,2,2,2
162 4,3,3,2,2,2,2,2,2,2,2,2,2,2,2,2,2
158 4,3,3,3,2,2,2,2,2,2,2,2,2
158 4,3,3,3,3,2,2,2,2,2,2,2,2
158 4,4,3,3,2,2,2,2,2,2,2,2,2,2,2,2
153 5,3,3,3,2,2,2,2,2,2,2,2,2,2,2
151 4,4,3,3,3,2,2,2,2,2,2,2,2,2,2,2,2
150 4,3,3,3,2,2,2,2,2,2,2,2,2,2,2,2,2,2
150 4,4,3,3,3,3,2,2,2,2,2,2,2,2,2
144 3,3,3,3,3,2,2,2,2,2,2,2,2,2,2,2,2
143 4,3,3,2,2,2,2,2,2,2,2,2,2
142 3,3,2,2,2,2,2,2,2,2,2,2,2,2,2
141 3,3,3,3,2,2,2,2,2,2,2,2,2,2
140 3,3,3,3,3,2,2,2,2,2,2,2,2,2,2,2,2,2
139 4,3,3,3,3,3,2,2,2,2,2,2,2,2
134 3,3,2,2,2,2,2,2,2,2,2,2,2,2
134 4,4,3,3,3,2,2,2,2,2,2,2,2,2
131 4,4,3,3,2,2,2,2,2,2,2,2,2,2,2
129 3,3,3,3,2,2,2,2,2,2,2,2,2,2,2,2,2,2
122 3,3,3,3,3,3,2,2,2,2,2,2,2,2,2,2
120 4,3,3,3,3,3,2,2,2,2,2,2,2,2,2,2,2,2
120 4,3,3,3,3,3,3,2,2,2,2,2,2,2,2,2
119 3,3,3,3,3,3,2,2,2,2,2,2,2,2,2,2,2
119 5,3,3,3,3,2,2,2,2,2,2,2,2,2,2
118 5,4,3,3,2,2,2,2,2,2,2,2,2,2,2,2
117 3,3,3,2,2,2,2,2,2,2,2,2,2,2,2,2,2,2
117 4,3,2,2,2,2,2,2,2,2,2,2,2,2,2
116 3,3,3,3,3,2,2,2,2,2,2,2,2,2
116 3,3,3,3,3,3,2,2,2,2,2,2,2,2,2
115 3,3,3,2,2,2,2,2,2,2,2,2,2
115 4,4,3,3,3,3,2,2,2,2,2,2,2,2,2,2,2
114 3,3,2,2,2,2,2,2,2,2,2,2,2,2,2,2
112 5,3,3,3,3,2,2,2,2,2,2,2,2,2,2,2
111 4,3,3,3,3,3,3,2,2,2,2,2,2,2,2,2,2
110 3,3,2,2,2,2,2,2,2,2,2,2,2
110 4,3,2,2,2,2,2,2,2,2,2,2,2,2
110 5,3,3,3,2,2,2,2,2,2,2,2,2,2,2,2
109 4,4,3,3,2,2,2,2,2,2,2,2,2,2
109 5,4,3,3,3,2,2,2,2,2,2,2,2,2,2,2
105 5,4,3,3,3,2,2,2,2,2,2,2,2,2,2
104 5,3,3,3,2,2,2,2,2,2,2,2,2,2
100 5,4,3,3,3,2,2,2,2,2,2,2,2,2
98 3,3,2,2,2,2,2,2,2,2,2,2,2,2,2,2,2
98 5,4,3,3,2,2,2,2,2,2,2,2,2,2,2
97 4,4,3,3,3,3,2,2,2,2,2,2,2,2
93 5,3,3,2,2,2,2,2,2,2,2,2,2,2,2
92 4,3,3,3,3,3,3,2,2,2,2,2,2,2,2
92 4,4,3,3,2,2,2,2,2,2,2,2,2,2,2,2,2
92 4,4,3,3,3,3,2,2,2,2,2,2,2,2,2,2,2,2
92 4,4,3,3,3,3,3,2,2,2,2,2,2,2,2,2
92 5,3,3,3,3,2,2,2,2,2,2,2,2,2
91 4,3,3,2,2,2,2,2,2,2,2,2,2,2,2,2,2,2
90 4,4,3,3,3,3,3,2,2,2,2,2,2,2,2
89 3,3,3,3,2,2,2,2,2,2,2,2,2
87 5,3,3,3,2,2,2,2,2,2,2,2,2,2,2,2,2
86 4,3,3,3,2,2,2,2,2,2,2,2
83 4,4,3,3,3,2,2,2,2,2,2,2,2
83 5,4,3,3,3,2,2,2,2,2,2,2,2,2,2,2,2
82 5,4,3,3,2,2,2,2,2,2,2,2,2,2
81 4,4,3,3,3,2,2,2,2,2,2,2,2,2,2,2,2,2
79 5,4,3,3,3,3,2,2,2,2,2,2,2,2,2
78 3,3,3,3,3,3,2,2,2,2,2,2,2,2,2,2,2,2
78 5,3,3,2,2,2,2,2,2,2,2,2,2,2
78 5,3,3,3,3,3,2,2,2,2,2,2,2,2,2
77 4,3,2,2,2,2,2,2,2,2,2,2,2,2,2,2
77 5,3,3,3,3,2,2,2,2,2,2,2,2,2,2,2,2
76 3,3,3,2,2,2,2,2,2,2,2,2
76 4,3,3,2,2,2,2,2,2,2,2,2
76 5,3,3,2,2,2,2,2,2,2,2,2,2,2,2,2,2
75 4,4,3,3,2,2,2,2,2,2,2,2,2
75 5,3,3,3,2,2,2,2,2,2,2,2,2
75 5,3,3,3,3,3,2,2,2,2,2,2,2,2,2,2
73 3,3,2,2,2,2,2,2,2,2,2,2,2,2,2,2,2,2
72 4,4,3,2,2,2,2,2,2,2,2,2,2,2
72 5,4,3,3,3,3,2,2,2,2,2,2,2,2,2,2,2
71 4,3,2,2,2,2,2,2,2,2,2,2,2
71 5,4,3,3,3,3,2,2,2,2,2,2,2,2,2,2
70 4,3,3,3,3,2,2,2,2,2,2,2,2,2,2,2,2,2,2
70 5,4,3,3,3,3,2,2,2,2,2,2,2,2
69 4,4,3,3,3,3,3,2,2,2,2,2,2,2,2,2,2
69 5,3,3,2,2,2,2,2,2,2,2,2,2,2,2,2
66 3,3,3,3,3,3,3,2,2,2,2,2,2,2,2,2,2
66 4,3,2,2,2,2,2,2,2,2,2,2,2,2,2,2,2
66 4,3,3,3,3,3,2,2,2,2,2,2,2
65 3,3,3,3,3,2,2,2,2,2,2,2,2
64 4,3,3,3,2,2,2,2,2,2,2,2,2,2,2,2,2,2,2
62 4,4,3,2,2,2,2,2,2,2,2,2,2,2,2
62 5,4,3,2,2,2,2,2,2,2,2,2,2,2,2
61 3,2,2,2,2,2,2,2,2,2,2,2,2,2,2
60 4,3,3,3,3,2,2,2,2,2,2,2
60 5,3,3,3,3,2,2,2,2,2,2,2,2
59 4,4,3,2,2,2,2,2,2,2,2,2,2,2,2,2
58 3,3,3,3,3,3,3,2,2,2,2,2,2,2,2,2
58 4,3,3,3,3,3,3,2,2,2,2,2,2,2
58 5,4,3,3,3,2,2,2,2,2,2,2,2
58 5,4,3,3,3,3,3,2,2,2,2,2,2,2,2,2
56 3,3,3,3,2,2,2,2,2,2,2,2,2,2,2,2,2,2,2
56 4,4,3,3,2,2,2,2,2,2,2,2,2,2,2,2,2,2
55 3,2,2,2,2,2,2,2,2,2,2,2,2,2
55 4,3,3,3,3,3,3,2,2,2,2,2,2,2,2,2,2,2
55 4,4,4,3,3,3,2,2,2,2,2,2,2,2,2
55 5,3,3,2,2,2,2,2,2,2,2,2,2
54 3,3,2,2,2,2,2,2,2,2,2,2
54 4,3,3,2,2,2,2,2,2,2,2
54 6,3,3,3,2,2,2,2,2,2,2,2,2,2,2
53 5,4,3,2,2,2,2,2,2,2,2,2,2,2
53 5,4,3,3,2,2,2,2,2,2,2,2,2,2,2,2,2
53 5,4,4,3,3,3,2,2,2,2,2,2,2,2,2
52 4,4,4,3,3,2,2,2,2,2,2,2,2,2,2,2
52 5,4,3,3,2,2,2,2,2,2,2,2,2
52 5,4,3,3,3,2,2,2,2,2,2,2,2,2,2,2,2,2
51 5,3,3,3,2,2,2,2,2,2,2,2,2,2,2,2,2,2
51 5,4,4,3,3,3,2,2,2,2,2,2,2,2,2,2
50 3,3,3,3,3,3,2,2,2,2,2,2,2,2
50 4,3,3,3,3,3,2,2,2,2,2,2,2,2,2,2,2,2,2
50 4,4,3,2,2,2,2,2,2,2,2,2,2,2,2,2,2
50 4,4,3,3,3,3,2,2,2,2,2,2,2
49 3,2,2,2,2,2,2,2,2,2,2,2,2
49 4,3,3,2,2,2,2,2,2,2,2,2,2,2,2,2,2,2,2
49 5,3,2,2,2,2,2,2,2,2,2,2,2,2
48 3,2,2,2,2,2,2,2,2,2,2,2,2,2,2,2
48 3,3,3,2,2,2,2,2,2,2,2,2,2,2,2,2,2,2,2
48 4,4,3,3,2,2,2,2,2,2,2,2
48 5,3,3,3,3,3,2,2,2,2,2,2,2,2
48 5,3,3,3,3,3,2,2,2,2,2,2,2,2,2,2,2
46 4,4,3,2,2,2,2,2,2,2,2,2,2
45 4,3,2,2,2,2,2,2,2,2,2,2
45 5,4,3,2,2,2,2,2,2,2,2,2,2,2,2,2
45 5,4,3,3,3,3,3,2,2,2,2,2,2,2,2,2,2
44 3,3,3,3,3,2,2,2,2,2,2,2,2,2,2,2,2,2,2
44 6,4,3,3,3,2,2,2,2,2,2,2,2,2,2,2
43 4,4,4,3,3,2,2,2,2,2,2,2,2,2,2
43 5,4,4,3,3,3,2,2,2,2,2,2,2,2,2,2,2
42 3,3,3,3,3,3,3,2,2,2,2,2,2,2,2,2,2,2
42 4,4,3,3,3,2,2,2,2,2,2,2
41 3,3,3,3,2,2,2,2,2,2,2,2
41 4,4,4,3,3,3,2,2,2,2,2,2,2,2,2,2
41 5,3,2,2,2,2,2,2,2,2,2,2,2,2,2,2
40 3,2,2,2,2,2,2,2,2,2,2,2
40 4,4,4,3,3,3,3,2,2,2,2,2,2,2,2,2
40 5,4,3,3,3,3,2,2,2,2,2,2,2,2,2,2,2,2
40 5,4,4,3,3,2,2,2,2,2,2,2,2,2,2
39 4,4,3,3,3,3,3,2,2,2,2,2,2,2
39 5,4,4,3,3,2,2,2,2,2,2,2,2,2,2,2
39 6,3,3,2,2,2,2,2,2,2,2,2,2,2,2,2
39 6,3,3,3,2,2,2,2,2,2,2,2,2,2,2,2
38 3,3,3,3,3,3,3,2,2,2,2,2,2,2,2
38 6,3,3,3,3,2,2,2,2,2,2,2,2,2,2,2
38 6,4,3,3,3,2,2,2,2,2,2,2,2,2,2
37 4,4,3,3,3,3,3,2,2,2,2,2,2,2,2,2,2,2
37 4,4,4,3,3,2,2,2,2,2,2,2,2,2,2,2,2
37 4,4,4,3,3,3,3,2,2,2,2,2,2,2,2,2,2
37 5,3,3,3,3,2,2,2,2,2,2,2,2,2,2,2,2,2
37 6,3,3,2,2,2,2,2,2,2,2,2,2,2,2
36 3,3,3,3,3,3,2,2,2,2,2,2,2
36 5,3,2,2,2,2,2,2,2,2,2,2,2
36 5,4,3,2,2,2,2,2,2,2,2,2
36 5,4,4,3,3,2,2,2,2,2,2,2,2,2
35 3,3,3,3,3,3,2,2,2,2,2,2,2,2,2,2,2,2,2
35 4,3,3,3,3,3,3,3,2,2,2,2,2,2,2,2,2
35 4,4,3,2,2,2,2,2,2,2,2,2
35 5,3,3,2,2,2,2,2,2,2,2,2
35 5,4,4,3,3,3,2,2,2,2,2,2,2,2
35 6,3,3,3,3,2,2,2,2,2,2,2,2,2
34 3,3,2,2,2,2,2,2,2,2,2
34 4,4,4,3,3,3,2,2,2,2,2,2,2,2,2,2,2
34 5,4,3,3,2,2,2,2,2,2,2,2
34 5,4,4,3,3,3,3,2,2,2,2,2,2,2,2,2
34 6,3,3,3,2,2,2,2,2,2,2,2,2,2
33 4,4,4,3,3,3,2,2,2,2,2,2,2,2
33 5,4,3,2,2,2,2,2,2,2,2,2,2
33 5,4,3,3,3,2,2,2,2,2,2,2
33 5,4,3,3,3,3,3,2,2,2,2,2,2,2,2
33 6,3,3,2,2,2,2,2,2,2,2,2,2,2
33 6,4,3,3,2,2,2,2,2,2,2,2,2,2
33 6,4,3,3,3,2,2,2,2,2,2,2,2,2
32 3,3,3,2,2,2,2,2,2,2,2
32 4,3,2,2,2,2,2,2,2,2,2
32 4,3,3,3,3,3,2,2,2,2,2,2
32 5,3,2,2,2,2,2,2,2,2,2,2,2,2,2
32 5,3,2,2,2,2,2,2,2,2,2,2,2,2,2,2,2
32 5,3,3,2,2,2,2,2,2,2,2,2,2,2,2,2,2,2
32 5,3,3,3,2,2,2,2,2,2,2,2
32 6,3,3,3,3,2,2,2,2,2,2,2,2,2,2
31 3,3,2,2,2,2,2,2,2,2,2,2,2,2,2,2,2,2,2
31 4,3,3,3,3,3,3,3,2,2,2,2,2,2,2,2
30 4,3,2,2,2,2,2,2,2,2,2,2,2,2,2,2,2,2
30 5,3,3,3,3,3,2,2,2,2,2,2,2,2,2,2,2,2
30 5,4,3,2,2,2,2,2,2,2,2,2,2,2,2,2,2
30 6,3,3,3,2,2,2,2,2,2,2,2,2
30 6,4,3,3,2,2,2,2,2,2,2,2,2,2,2
30 7,3,3,2,2,2,2,2,2,2,2,2,2,2
29 4,2,2,2,2,2,2,2,2,2,2,2,2,2
29 4,4,4,3,3,2,2,2,2,2,2,2,2,2
29 4,4,4,3,3,3,3,2,2,2,2,2,2,2,2
28 4,2,2,2,2,2,2,2,2,2,2,2,2,2,2
28 4,3,3,3,2,2,2,2,2,2,2
28 4,4,4,3,2,2,2,2,2,2,2,2,2,2,2,2
28 5,4,3,3,2,2,2,2,2,2,2,2,2,2,2,2,2,2
28 5,4,3,3,3,3,3,2,2,2,2,2,2,2
27 4,3,3,3,3,3,3,2,2,2,2,2,2,2,2,2,2,2,2
27 4,4,3,3,3,3,3,3,2,2,2,2,2,2,2,2
27 5,4,4,3,3,3,3,2,2,2,2,2,2,2,2,2,2
27 6,4,3,2,2,2,2,2,2,2,2,2,2,2,2
27 7,3,3,3,2,2,2,2,2,2,2,2,2,2
27 7,3,3,3,2,2,2,2,2,2,2,2,2,2,2
26 3,3,3,3,3,2,2,2,2,2,2,2
26 3,3,3,3,3,3,3,2,2,2,2,2,2,2
26 4,3,3,3,3,3,3,2,2,2,2,2,2
26 6,3,3,2,2,2,2,2,2,2,2,2,2,2,2,2,2
26 6,3,3,3,3,2,2,2,2,2,2,2,2,2,2,2,2
26 6,4,3,3,2,2,2,2,2,2,2,2,2,2,2,2
25 3,2,2,2,2,2,2,2,2,2,2,2,2,2,2,2,2
25 4,3,3,3,3,3,3,3,2,2,2,2,2,2,2,2,2,2
25 4,4,3,3,2,2,2,2,2,2,2
25 4,4,3,3,3,2,2,2,2,2,2,2,2,2,2,2,2,2,2
25 4,4,3,3,3,3,3,3,2,2,2,2,2,2,2
25 5,3,3,3,3,3,3,2,2,2,2,2,2,2,2
25 6,3,3,3,2,2,2,2,2,2,2,2,2,2,2,2,2
24 3,2,2,2,2,2,2,2,2,2,2
24 4,4,3,3,3,3,2,2,2,2,2,2,2,2,2,2,2,2,2
24 4,4,4,3,2,2,2,2,2,2,2,2,2
24 5,4,3,3,3,3,2,2,2,2,2,2,2
24 5,4,4,3,3,2,2,2,2,2,2,2,2,2,2,2,2
24 5,4,4,3,3,3,3,2,2,2,2,2,2,2
24 5,4,4,3,3,3,3,3,2,2,2,2,2,2,2,2
24 6,4,3,3,2,2,2,2,2,2,2,2,2
23 4,4,3,3,3,3,3,3,2,2,2,2,2,2,2,2,2
23 4,4,4,3,2,2,2,2,2,2,2,2,2,2,2
23 5,3,3,3,3,3,2,2,2,2,2,2,2
23 5,3,3,3,3,3,3,2,2,2,2,2,2,2,2,2
23 6,4,3,3,2,2,2,2,2,2,2,2,2,2,2,2,2
23 6,4,3,3,3,3,2,2,2,2,2,2,2,2,2,2
23 7,3,3,2,2,2,2,2,2,2,2,2,2,2,2
22 4,2,2,2,2,2,2,2,2,2,2,2,2
22 4,3,3,3,2,2,2,2,2,2
22 4,3,3,3,3,3,3,3,2,2,2,2,2,2,2
22 5,3,3,3,3,2,2,2,2,2,2,2
22 5,4,4,3,2,2,2,2,2,2,2,2,2,2
22 5,4,4,3,3,3,3,2,2,2,2,2,2,2,2
22 6,3,3,2,2,2,2,2,2,2,2,2,2
22 6,3,3,3,3,3,2,2,2,2,2,2,2,2,2
22 6,4,3,3,3,3,2,2,2,2,2,2,2,2,2,2,2
21 4,4,2,2,2,2,2,2,2,2,2,2,2,2,2,2
21 5,3,3,2,2,2,2,2,2,2,2,2,2,2,2,2,2,2,2
21 5,4,3,3,3,3,3,3,2,2,2,2,2,2,2,2
21 6,4,3,3,3,2,2,2,2,2,2,2,2
21 6,4,3,3,3,3,2,2,2,2,2,2,2,2,2
21 7,3,3,2,2,2,2,2,2,2,2,2,2
21 7,4,3,3,2,2,2,2,2,2,2,2,2,2,2
20 4,3,3,2,2,2,2,2,2,2
20 4,3,3,3,3,3,3,3,2,2,2,2,2,2
20 4,4,4,3,3,2,2,2,2,2,2,2,2
20 4,4,4,3,3,3,3,2,2,2,2,2,2,2,2,2,2,2
20 4,4,4,3,3,3,3,3,2,2,2,2,2,2,2,2
20 5,4,3,3,3,3,3,2,2,2,2,2,2,2,2,2,2,2
20 5,5,3,3,2,2,2,2,2,2,2,2,2,2,2
20 5,5,3,3,3,2,2,2,2,2,2,2,2,2,2,2
20 6,3,3,3,3,3,2,2,2,2,2,2,2,2,2,2
19 3,3,2,2,2,2,2,2,2,2
19 3,3,3,2,2,2,2,2,2,2,2,2,2,2,2,2,2,2,2,2
19 4,3,3,3,3,2,2,2,2,2,2
19 4,4,4,3,3,3,3,2,2,2,2,2,2,2
19 5,3,3,3,2,2,2,2,2,2,2,2,2,2,2,2,2,2,2
19 5,4,2,2,2,2,2,2,2,2,2,2,2,2,2
19 5,4,3,3,3,2,2,2,2,2,2,2,2,2,2,2,2,2,2
19 5,4,4,3,2,2,2,2,2,2,2,2,2,2,2,2
19 7,3,3,2,2,2,2,2,2,2,2,2,2,2,2,2
18 3,2,2,2,2,2,2,2,2,2
18 4,4,4,3,2,2,2,2,2,2,2,2,2,2,2,2,2
18 5,4,3,3,2,2,2,2,2,2,2
18 5,4,4,3,3,2,2,2,2,2,2,2,2
18 6,4,3,2,2,2,2,2,2,2,2,2,2,2
18 6,4,3,3,3,3,2,2,2,2,2,2,2,2
17 4,2,2,2,2,2,2,2,2,2,2,2,2,2,2,2
17 4,3,3,3,3,2,2,2,2,2,2,2,2,2,2,2,2,2,2,2
17 4,4,3,2,2,2,2,2,2,2,2,2,2,2,2,2,2,2
17 5,4,3,3,3,3,3,3,2,2,2,2,2,2,2
17 6,3,2,2,2,2,2,2,2,2,2,2,2,2,2,2,2
17 6,3,3,2,2,2,2,2,2,2,2,2
17 6,3,3,3,3,3,2,2,2,2,2,2,2,2,2,2,2
17 6,4,3,2,2,2,2,2,2,2,2,2,2
17 6,4,3,3,3,3,3,2,2,2,2,2,2,2,2
17 6,4,4,3,3,2,2,2,2,2,2,2,2,2,2,2
17 7,3,3,3,3,2,2,2,2,2,2,2,2,2,2
16 3,2,2,2,2,2,2,2,2,2,2,2,2,2,2,2,2,2
16 3,3,3,3,3,2,2,2,2,2,2,2,2,2,2,2,2,2,2,2
16 4,2,2,2,2,2,2,2,2,2,2,2
16 4,4,3,3,3,3,3,2,2,2,2,2,2,2,2,2,2,2,2
16 5,3,2,2,2,2,2,2,2,2,2,2
16 5,3,3,2,2,2,2,2,2,2,2
16 5,4,4,3,2,2,2,2,2,2,2,2,2,2,2
16 5,5,3,3,3,2,2,2,2,2,2,2,2,2
16 5,5,3,3,3,2,2,2,2,2,2,2,2,2,2
16 6,3,2,2,2,2,2,2,2,2,2,2,2
16 6,3,2,2,2,2,2,2,2,2,2,2,2,2,2,2
16 6,3,3,3,3,2,2,2,2,2,2,2,2
16 6,4,3,3,3,2,2,2,2,2,2,2,2,2,2,2,2
16 6,4,3,3,3,3,3,2,2,2,2,2,2,2,2,2
16 7,3,3,3,2,2,2,2,2,2,2,2,2
16 7,3,3,3,3,2,2,2,2,2,2,2,2,2
16 7,4,3,3,2,2,2,2,2,2,2,2,2
16 7,4,3,3,3,2,2,2,2,2,2,2,2,2
16 8,3,3,3,2,2,2,2,2,2,2,2,2,2
15 3,3,3,3,2,2,2,2,2,2,2
15 3,3,3,3,3,3,3,3,2,2,2,2,2,2,2,2
15 4,3,3,3,2,2,2,2,2,2,2,2,2,2,2,2,2,2,2,2
15 4,4,3,3,2,2,2,2,2,2,2,2,2,2,2,2,2,2,2
15 4,4,3,3,3,2,2,2,2,2,2
15 4,4,3,3,3,3,3,3,2,2,2,2,2,2,2,2,2,2
15 4,4,4,3,3,2,2,2,2,2,2,2,2,2,2,2,2,2
15 4,4,4,3,3,3,2,2,2,2,2,2,2,2,2,2,2,2
15 5,3,3,3,3,3,3,2,2,2,2,2,2,2
15 5,3,3,3,3,3,3,2,2,2,2,2,2,2,2,2,2
15 5,4,3,3,2,2,2,2,2,2,2,2,2,2,2,2,2,2,2
15 5,4,3,3,3,3,3,3,2,2,2,2,2,2,2,2,2
15 5,4,4,3,2,2,2,2,2,2,2,2,2,2,2,2,2
15 5,4,4,3,3,3,2,2,2,2,2,2,2,2,2,2,2,2
15 6,3,3,3,2,2,2,2,2,2,2,2
15 6,4,4,3,3,2,2,2,2,2,2,2,2,2,2
15 6,4,4,3,3,3,2,2,2,2,2,2,2,2
15 7,3,3,3,2,2,2,2,2,2,2,2,2,2,2,2
14 3,2,2,2,2,2,2,2,2,2,2,2,2,2,2,2,2,2,2
14 3,3,3,3,3,3,3,3,2,2,2,2,2,2,2
14 4,3,2,2,2,2,2,2,2,2
14 4,4,3,3,3,3,2,2,2,2,2,2
14 4,4,3,3,3,3,3,2,2,2,2,2,2
14 4,4,3,3,3,3,3,3,2,2,2,2,2,2
14 4,4,4,3,2,2,2,2,2,2,2,2,2,2
14 4,4,4,3,3,3,3,3,2,2,2,2,2,2,2
14 4,4,4,3,3,3,3,3,2,2,2,2,2,2,2,2,2
14 5,3,2,2,2,2,2,2,2,2,2,2,2,2,2,2,2,2
14 5,4,4,3,3,3,2,2,2,2,2,2,2
14 5,5,3,3,3,3,2,2,2,2,2,2,2,2,2,2,2
14 6,3,2,2,2,2,2,2,2,2,2,2
14 6,4,4,3,2,2,2,2,2,2,2,2,2,2,2
14 7,3,3,3,3,2,2,2,2,2,2,2,2,2,2,2
14 7,4,3,3,3,2,2,2,2,2,2,2,2,2,2,2
14 8,4,3,3,3,2,2,2,2,2,2,2,2,2,2
13 2,2,2,2,2,2,2,2,2,2,2,2,2
13 2,2,2,2,2,2,2,2,2,2,2,2,2,2,2
13 3,3,3,3,3,3,3,3,2,2,2,2,2,2,2,2,2
13 4,4,4,3,3,3,2,2,2,2,2,2,2
13 5,3,3,3,3,2,2,2,2,2,2,2,2,2,2,2,2,2,2
13 5,4,3,2,2,2,2,2,2,2,2
13 5,4,3,3,3,3,2,2,2,2,2,2,2,2,2,2,2,2,2
13 5,4,4,3,3,3,3,3,2,2,2,2,2,2
13 5,4,4,3,3,3,3,3,2,2,2,2,2,2,2
13 5,5,3,3,3,3,2,2,2,2,2,2,2,2,2,2
13 6,3,3,3,2,2,2,2,2,2,2,2,2,2,2,2,2,2
13 6,3,3,3,3,3,2,2,2,2,2,2,2,2
13 6,4,3,2,2,2,2,2,2,2,2,2,2,2,2,2
13 6,4,4,3,3,2,2,2,2,2,2,2,2,2
13 6,4,4,3,3,3,3,2,2,2,2,2,2,2
13 6,5,3,3,2,2,2,2,2,2,2,2,2,2,2,2
13 6,5,3,3,3,2,2,2,2,2,2,2,2,2,2
13 7,3,3,3,2,2,2,2,2,2,2,2
13 7,4,3,3,3,3,2,2,2,2,2,2,2,2
12 3,3,2,2,2,2,2,2,2,2,2,2,2,2,2,2,2,2,2,2
12 3,3,3,3,2,2,2,2,2,2,2,2,2,2,2,2,2,2,2,2
12 4,3,2,2,2,2,2,2,2
12 4,3,2,2,2,2,2,2,2,2,2,2,2,2,2,2,2,2,2
12 4,4,2,2,2,2,2,2,2,2,2,2
12 4,4,2,2,2,2,2,2,2,2,2,2,2,2,2
12 5,4,3,3,3,3,2,2,2,2,2,2
12 5,4,3,3,3,3,3,2,2,2,2,2,2
12 5,4,4,4,3,3,2,2,2,2,2,2,2,2,2
12 5,4,4,4,3,3,2,2,2,2,2,2,2,2,2,2
12 5,5,4,3,3,2,2,2,2,2,2,2,2,2
12 5,5,4,3,3,3,2,2,2,2,2,2,2,2,2,2
12 6,4,4,3,3,3,2,2,2,2,2,2,2,2,2
12 7,4,3,2,2,2,2,2,2,2,2,2,2
12 8,3,2,2,2,2,2,2,2,2,2,2,2
12 8,3,3,3,2,2,2,2,2,2,2,2,2,2,2
12 8,4,3,3,2,2,2,2,2,2,2,2,2,2,2
11 2,2,2,2,2,2,2,2,2,2,2,2,2,2,2,2
11 3,3,3,3,3,3,3,2,2,2,2,2,2
11 4,2,2,2,2,2,2,2,2,2,2
11 4,2,2,2,2,2,2,2,2,2,2,2,2,2,2,2,2,2
11 4,3,3,3,3,3,3,2,2,2,2,2
11 4,4,2,2,2,2,2,2,2,2,2,2,2,2
11 4,4,3,2,2,2,2,2,2,2,2
11 4,4,4,3,3,2,2,2,2,2,2,2
11 5,2,2,2,2,2,2,2,2,2,2,2
11 5,3,3,3,2,2,2,2,2,2,2
11 5,4,4,3,3,2,2,2,2,2,2,2
11 5,4,4,3,3,2,2,2,2,2,2,2,2,2,2,2,2,2
11 5,4,4,3,3,3,3,2,2,2,2,2,2
11 5,4,4,4,3,3,3,2,2,2,2,2,2,2
11 5,4,4,4,3,3,3,2,2,2,2,2,2,2,2,2
11 5,4,4,4,3,3,3,3,2,2,2,2,2,2,2
11 5,5,3,3,3,3,2,2,2,2,2,2,2,2
11 5,5,4,3,2,2,2,2,2,2,2,2,2
11 6,3,3,2,2,2,2,2,2,2,2
11 6,4,3,3,3,3,3,2,2,2,2,2,2,2
11 6,5,3,3,2,2,2,2,2,2,2,2,2,2
11 7,3,2,2,2,2,2,2,2,2,2,2,2
11 7,3,3,3,3,2,2,2,2,2,2,2,2
11 7,4,3,2,2,2,2,2,2,2,2,2,2,2,2
11 7,4,3,3,2,2,2,2,2,2,2,2,2,2
11 7,4,3,3,3,2,2,2,2,2,2,2,2,2,2,2,2
11 7,4,3,3,3,3,2,2,2,2,2,2,2,2,2,2
11 8,3,3,2,2,2,2,2,2,2,2,2,2,2
11 8,3,3,3,2,2,2,2,2,2,2,2,2,2,2,2
10 2,2,2,2,2,2,2,2,2,2,2,2,2,2
10 4,4,3,3,2,2,2,2,2,2,2,2,2,2,2,2,2,2,2,2
10 4,4,4,3,3,3,3,2,2,2,2,2,2
10 4,4,4,3,3,3,3,3,2,2,2,2,2,2,2,2,2,2
10 4,4,4,4,3,3,3,2,2,2,2,2,2,2,2,2
10 5,3,2,2,2,2,2,2,2,2,2
10 5,3,3,3,3,3,2,2,2,2,2,2,2,2,2,2,2,2,2
10 5,3,3,3,3,3,3,2,2,2,2,2,2
10 5,3,3,3,3,3,3,2,2,2,2,2,2,2,2,2,2,2
10 5,4,4,3,2,2,2,2,2,2,2,2,2
10 5,4,4,3,3,3,2,2,2,2,2,2
10 5,5,3,3,2,2,2,2,2,2,2,2,2
10 5,5,3,3,2,2,2,2,2,2,2,2,2,2,2,2
10 5,5,3,3,3,2,2,2,2,2,2,2,2,2,2,2,2
10 6,3,3,3,3,3,3,2,2,2,2,2,2,2,2
10 6,3,3,3,3,3,3,2,2,2,2,2,2,2,2,2,2
10 6,4,3,3,3,2,2,2,2,2,2,2
10 6,4,3,3,3,3,2,2,2,2,2,2,2
10 6,5,3,3,3,2,2,2,2,2,2,2,2,2
10 6,5,3,3,3,2,2,2,2,2,2,2,2,2,2,2
10 6,5,3,3,3,3,2,2,2,2,2,2,2,2
10 6,5,3,3,3,3,2,2,2,2,2,2,2,2,2
10 7,3,3,3,2,2,2,2,2,2,2,2,2,2,2,2,2
10 7,4,3,3,3,2,2,2,2,2,2,2
10 7,4,3,3,3,3,2,2,2,2,2,2,2
10 8,3,3,3,2,2,2,2,2,2,2,2,2
10 8,3,3,3,3,3,2,2,2,2,2,2,2,2
9 3,3,3,3,2,2,2,2,2,2
9 3,3,3,3,3,3,3,3,3,2,2,2,2,2,2,2
9 4,2,2,2,2,2,2,2,2,2,2,2,2,2,2,2,2
9 4,3,3,3,3,2,2,2,2,2
9 4,3,3,3,3,3,3,3,3,2,2,2,2,2,2,2
9 4,4,2,2,2,2,2,2,2,2,2,2,2,2,2,2,2
9 4,4,3,2,2,2,2,2,2,2
9 4,4,3,3,2,2,2,2,2,2
9 4,4,3,3,3,3,3,3,2,2,2,2,2,2,2,2,2,2,2
9 4,4,4,3,2,2,2,2,2,2,2,2
9 4,4,4,4,3,3,3,2,2,2,2,2,2,2,2
9 5,3,3,3,3,3,3,3,2,2,2,2,2,2,2,2
9 5,4,2,2,2,2,2,2,2,2,2,2,2,2,2,2
9 5,4,3,2,2,2,2,2,2,2
9 5,4,4,2,2,2,2,2,2,2,2,2,2,2
9 5,4,4,3,2,2,2,2,2,2,2,2,2,2,2,2,2,2
9 5,4,4,3,3,3,3,2,2,2,2,2,2,2,2,2,2,2
9 5,4,4,4,3,3,2,2,2,2,2,2,2,2
9 5,5,3,3,2,2,2,2,2,2,2,2,2,2,2,2,2
9 5,5,3,3,3,3,2,2,2,2,2,2,2,2,2
9 6,3,2,2,2,2,2,2,2,2,2
9 6,3,2,2,2,2,2,2,2,2,2,2,2,2,2
9 6,3,3,2,2,2,2,2,2,2,2,2,2,2,2,2,2,2
9 6,3,3,3,3,3,2,2,2,2,2,2,2
9 6,4,4,3,2,2,2,2,2,2,2,2,2
9 6,5,3,3,2,2,2,2,2,2,2,2,2,2,2
9 6,5,4,3,2,2,2,2,2,2,2,2,2
9 7,3,3,2,2,2,2,2,2,2,2
9 7,3,3,3,3,3,2,2,2,2,2,2,2,2,2
9 7,4,3,3,2,2,2,2,2,2,2,2,2,2,2,2,2
9 7,4,3,3,3,2,2,2,2,2,2,2,2,2,2
9 8,3,2,2,2,2,2,2,2,2,2,2,2,2,2
9 8,3,3,2,2,2,2,2,2,2,2,2,2,2,2
9 8,3,3,3,3,2,2,2,2,2,2,2,2,2
9 8,3,3,3,3,2,2,2,2,2,2,2,2,2,2,2
9 13,4,3,3,3,3,2,2,2,2,2,2,2,2,2,2,2,2,2,2,2,2,2,2,2
9 13,4,3,3,3,3,2,2,2,2,2,2,2,2,2,2,2,2,2,2,2,2,2,2,2,2,2
8 2,2,2,2,2,2,2,2,2,2,2,2,2,2,2,2,2
8 3,3,3,2,2,2,2,2,2
8 4,3,3,2,2,2,2,2,2,2,2,2,2,2,2,2,2,2,2,2
8 4,4,2,2,2,2,2,2,2,2,2,2,2
8 4,4,4,3,3,3,3,3,3,2,2,2,2,2,2,2,2
8 4,4,4,4,3,3,3,3,2,2,2,2,2,2,2,2
8 5,3,2,2,2,2,2,2,2,2
8 5,3,3,3,3,2,2,2,2,2,2
8 5,3,3,3,3,3,3,3,2,2,2,2,2,2,2,2,2
8 5,4,2,2,2,2,2,2,2,2,2,2,2
8 5,4,2,2,2,2,2,2,2,2,2,2,2,2
8 5,4,3,2,2,2,2,2,2,2,2,2,2,2,2,2,2,2
8 5,4,3,3,3,3,3,3,2,2,2,2,2,2
8 5,4,4,2,2,2,2,2,2,2,2,2,2,2,2
8 5,4,4,4,3,2,2,2,2,2,2,2,2,2
8 5,4,4,4,3,2,2,2,2,2,2,2,2,2,2
8 5,4,4,4,3,3,3,3,2,2,2,2,2,2,2,2
8 5,5,3,3,2,2,2,2,2,2,2,2,2,2
8 6,3,2,2,2,2,2,2,2,2,2,2,2,2
8 6,3,3,3,3,2,2,2,2,2,2,2
8 6,3,3,3,3,2,2,2,2,2,2,2,2,2,2,2,2,2
8 6,4,3,2,2,2,2,2,2,2,2,2
8 6,4,3,3,3,3,3,2,2,2,2,2,2
8 6,4,3,3,3,3,3,2,2,2,2,2,2,2,2,2,2
8 6,4,4,3,2,2,2,2,2,2,2,2,2,2
8 6,4,4,3,3,3,3,2,2,2,2,2,2,2,2,2
8 6,5,3,2,2,2,2,2,2,2,2,2,2
8 6,5,3,2,2,2,2,2,2,2,2,2,2,2
8 6,5,3,3,3,2,2,2,2,2,2,2,2
8 7,3,3,3,3,2,2,2,2,2,2,2,2,2,2,2,2,2
8 7,3,3,3,3,3,2,2,2,2,2,2,2,2
8 7,3,3,3,3,3,2,2,2,2,2,2,2,2,2,2
8 7,4,3,2,2,2,2,2,2,2,2,2,2,2
8 8,3,2,2,2,2,2,2,2,2,2,2,2,2,2,2
8 8,3,3,2,2,2,2,2,2,2,2,2,2
8 8,3,3,3,2,2,2,2,2,2,2,2,2,2,2,2,2
8 8,3,3,3,3,2,2,2,2,2,2,2,2,2,2
8 8,4,3,3,2,2,2,2,2,2,2,2,2
8 13,3,3,3,3,3,2,2,2,2,2,2,2,2,2,2,2,2,2,2,2,2,2,2,2,2
7 3,3,2,2,2,2,2,2,2
7 3,3,3,3,3,2,2,2,2,2,2
7 3,3,3,3,3,3,2,2,2,2,2,2
7 3,3,3,3,3,3,3,3,2,2,2,2,2,2,2,2,2,2
7 4,3,3,2,2,2,2,2,2
7 4,3,3,3,3,3,2,2,2,2,2,2,2,2,2,2,2,2,2,2
7 4,3,3,3,3,3,3,3,2,2,2,2,2
7 4,3,3,3,3,3,3,3,2,2,2,2,2,2,2,2,2,2,2
7 4,3,3,3,3,3,3,3,3,2,2,2,2,2,2,2,2,2
7 4,4,3,3,3,3,3,2,2,2,2,2
7 4,4,3,3,3,3,3,3,2,2,2,2,2
7 4,4,3,3,3,3,3,3,3,2,2,2,2,2,2,2,2
7 4,4,4,2,2,2,2,2,2,2,2,2,2,2
7 4,4,4,2,2,2,2,2,2,2,2,2,2,2,2,2,2
7 4,4,4,3,2,2,2,2,2,2,2,2,2,2,2,2,2,2
7 4,4,4,4,3,3,3,2,2,2,2,2,2,2,2,2,2
7 4,4,4,4,3,3,3,3,2,2,2,2,2,2,2,2,2
7 5,3,3,2,2,2,2,2,2,2
7 5,4,2,2,2,2,2,2,2,2,2,2
7 5,4,3,3,3,2,2,2,2,2,2
7 5,4,3,3,3,3,3,2,2,2,2,2,2,2,2,2,2,2,2
7 5,5,3,2,2,2,2,2,2,2,2,2,2,2,2
7 5,5,3,3,2,2,2,2,2,2,2,2,2,2,2,2,2,2
7 5,5,3,3,3,3,3,2,2,2,2,2,2,2,2,2
7 5,5,4,3,2,2,2,2,2,2,2,2,2,2,2
7 5,5,4,3,3,2,2,2,2,2,2,2,2,2,2
7 5,5,4,3,3,3,3,2,2,2,2,2,2,2,2
7 6,3,3,3,2,2,2,2,2,2,2
7 6,3,3,3,3,3,2,2,2,2,2,2,2,2,2,2,2,2
7 6,3,3,3,3,3,3,2,2,2,2,2,2,2,2,2
7 6,4,2,2,2,2,2,2,2,2,2,2,2
7 6,4,3,2,2,2,2,2,2,2,2,2,2,2,2,2,2
7 6,4,3,3,3,2,2,2,2,2,2,2,2,2,2,2,2,2
7 6,4,3,3,3,3,2,2,2,2,2,2
7 6,4,3,3,3,3,3,3,2,2,2,2,2,2,2
7 6,4,3,3,3,3,3,3,2,2,2,2,2,2,2,2,2
7 6,4,4,3,3,3,2,2,2,2,2,2,2,2,2,2
7 6,4,4,4,3,3,2,2,2,2,2,2,2,2,2
7 7,3,2,2,2,2,2,2,2,2,2,2,2,2
7 7,3,2,2,2,2,2,2,2,2,2,2,2,2,2
7 7,3,3,3,3,3,2,2,2,2,2,2,2,2,2,2,2
7 7,4,3,3,2,2,2,2,2,2,2,2
7 7,4,3,3,2,2,2,2,2,2,2,2,2,2,2,2
7 7,4,3,3,3,3,2,2,2,2,2,2,2,2,2
7 7,4,4,3,2,2,2,2,2,2,2,2,2,2,2
7 8,3,2,2,2,2,2,2,2,2,2,2,2,2
7 8,3,3,3,3,2,2,2,2,2,2,2,2
7 8,3,3,3,3,2,2,2,2,2,2,2,2,2,2,2,2
7 8,4,3,3,3,2,2,2,2,2,2,2,2,2,2,2
7 13,4,4,3,3,3,2,2,2,2,2,2,2,2,2,2,2,2,2,2,2,2,2,2
6 2,2,2,2,2,2,2,2,2,2,2,2
6 3,3,3,2,2,2,2,2,2,2
6 3,3,3,3,3,3,2,2,2,2,2,2,2,2,2,2,2,2,2,2
6 3,3,3,3,3,3,3,3,2,2,2,2,2,2
6 4,3,3,3,3,3,3,2,2,2,2,2,2,2,2,2,2,2,2,2
6 4,4,2,2,2,2,2,2,2,2,2
6 4,4,3,3,3,3,3,3,3,2,2,2,2,2,2,2
6 4,4,3,3,3,3,3,3,3,2,2,2,2,2,2,2,2,2
6 4,4,4,2,2,2,2,2,2,2,2,2,2
6 4,4,4,2,2,2,2,2,2,2,2,2,2,2,2
6 4,4,4,3,2,2,2,2,2,2,2
6 4,4,4,3,3,2,2,2,2,2,2
6 4,4,4,3,3,3,2,2,2,2,2,2
6 4,4,4,3,3,3,2,2,2,2,2,2,2,2,2,2,2,2,2
6 4,4,4,4,3,3,2,2,2,2,2,2,2,2
6 5,2,2,2,2,2,2,2,2,2,2,2,2
6 5,3,3,3,3,3,2,2,2,2,2,2
6 5,4,3,3,3,3,3,3,2,2,2,2,2,2,2,2,2,2
6 5,4,4,2,2,2,2,2,2,2,2,2,2
6 5,4,4,2,2,2,2,2,2,2,2,2,2,2,2,2
6 5,4,4,3,3,3,3,3,2,2,2,2,2,2,2,2,2
6 5,4,4,3,3,3,3,3,3,2,2,2,2,2,2,2
6 5,5,3,2,2,2,2,2,2,2,2,2,2
6 5,5,3,3,3,2,2,2,2,2,2,2,2
6 5,5,3,3,3,2,2,2,2,2,2,2,2,2,2,2,2,2
6 5,5,3,3,3,3,2,2,2,2,2,2,2
6 5,5,3,3,3,3,3,2,2,2,2,2,2,2,2
6 5,5,4,3,3,2,2,2,2,2,2,2,2
6 5,5,4,4,3,3,2,2,2,2,2,2,2,2,2
6 6,2,2,2,2,2,2,2,2,2,2,2,2
6 6,2,2,2,2,2,2,2,2,2,2,2,2,2,2
6 6,4,3,2,2,2,2,2,2,2,2
6 6,4,3,3,2,2,2,2,2,2,2
6 6,4,3,3,2,2,2,2,2,2,2,2
6 6,4,3,3,2,2,2,2,2,2,2,2,2,2,2,2,2,2
6 6,4,4,3,3,2,2,2,2,2,2,2,2
6 6,4,4,3,3,3,2,2,2,2,2,2,2,2,2,2,2
6 6,4,4,3,3,3,3,2,2,2,2,2,2,2,2
6 6,5,3,3,2,2,2,2,2,2,2,2,2
6 6,5,3,3,3,2,2,2,2,2,2,2
6 6,5,4,3,3,3,2,2,2,2,2,2,2
6 7,3,2,2,2,2,2,2,2,2,2,2
6 7,3,2,2,2,2,2,2,2,2,2,2,2,2,2,2
6 7,4,3,3,3,3,2,2,2,2,2,2,2,2,2,2,2
6 7,4,3,3,3,3,3,2,2,2,2,2,2,2,2,2
6 7,4,4,3,3,3,2,2,2,2,2,2,2,2
6 7,5,3,3,2,2,2,2,2,2,2,2,2,2
6 8,3,3,2,2,2,2,2,2,2,2,2,2,2,2,2,2
6 8,3,3,3,2,2,2,2,2,2,2,2
6 8,3,3,3,2,2,2,2,2,2,2,2,2,2,2,2,2,2
6 8,3,3,3,3,2,2,2,2,2,2,2
6 8,4,3,2,2,2,2,2,2,2,2,2,2,2,2
6 8,4,3,3,2,2,2,2,2,2,2,2,2,2,2,2,2
6 8,4,3,3,3,2,2,2,2,2,2,2,2,2,2,2,2
6 8,4,4,3,3,2,2,2,2,2,2,2,2
6 9,4,3,3,2,2,2,2,2,2,2,2,2,2,2
6 9,4,3,3,2,2,2,2,2,2,2,2,2,2,2,2
6 9,4,3,3,3,3,2,2,2,2,2,2,2,2
6 10,4,3,3,3,3,3,3,2,2,2,2,2,2,2,2,2,2,2,2,2,2
6 13,3,3,3,3,3,3,2,2,2,2,2,2,2,2,2,2,2,2,2,2,2,2,2,2,2
6 13,3,3,3,3,3,3,3,2,2,2,2,2,2,2,2,2,2,2,2,2,2,2,2
5 2,2,2,2,2,2,2,2,2,2,2
5 3,2,2,2,2,2,2,2,2,2,2,2,2,2,2,2,2,2,2,2
5 3,3,3,3,3,3,3,2,2,2,2,2,2,2,2,2,2,2,2
5 3,3,3,3,3,3,3,2,2,2,2,2,2,2,2,2,2,2,2,2
5 4,2,2,2,2,2,2,2,2,2
5 4,2,2,2,2,2,2,2,2,2,2,2,2,2,2,2,2,2,2
5 4,3,3,3,3,3,2,2,2,2
5 4,3,3,3,3,3,3,3,3,2,2,2,2,2
5 4,3,3,3,3,3,3,3,3,2,2,2,2,2,2
5 4,4,2,2,2,2,2,2,2,2
5 4,4,2,2,2,2,2,2,2,2,2,2,2,2,2,2,2,2
5 4,4,3,2,2,2,2,2,2,2,2,2,2,2,2,2,2,2,2
5 4,4,3,3,3,2,2,2,2,2
5 4,4,3,3,3,3,2,2,2,2,2
5 4,4,3,3,3,3,3,3,3,2,2,2,2,2,2
5 4,4,4,3,3,3,2,2,2,2,2
5 4,4,4,3,3,3,3,3,2,2,2,2,2
5 4,4,4,3,3,3,3,3,2,2,2,2,2,2
5 4,4,4,4,3,3,2,2,2,2,2,2,2,2,2
5 4,4,4,4,3,3,2,2,2,2,2,2,2,2,2,2
5 5,2,2,2,2,2,2,2,2,2,2,2,2,2
5 5,3,2,2,2,2,2,2,2
5 5,3,3,2,2,2,2,2,2
5 5,3,3,2,2,2,2,2,2,2,2,2,2,2,2,2,2,2,2,2
5 5,3,3,3,3,3,3,3,2,2,2,2,2,2,2,2,2,2
5 5,4,2,2,2,2,2,2,2,2,2,2,2,2,2,2,2
5 5,4,2,2,2,2,2,2,2,2,2,2,2,2,2,2,2,2
5 5,4,3,2,2,2,2,2,2,2,2,2,2,2,2,2,2,2,2
5 5,4,4,3,2,2,2,2,2,2,2,2
5 5,4,4,3,3,3,3,3,3,2,2,2,2,2,2
5 5,4,4,4,3,3,3,2,2,2,2,2,2
5 5,5,3,2,2,2,2,2,2,2,2,2
5 5,5,3,2,2,2,2,2,2,2,2,2,2,2
5 5,5,3,3,3,3,3,2,2,2,2,2,2,2
5 5,5,4,3,2,2,2,2,2,2,2,2,2,2
5 5,5,4,3,3,2,2,2,2,2,2,2,2,2,2,2,2
5 5,5,4,3,3,3,2,2,2,2,2,2,2
5 5,5,4,3,3,3,2,2,2,2,2,2,2,2,2
5 5,5,4,3,3,3,3,2,2,2,2,2,2,2
5 5,5,4,4,3,3,2,2,2,2,2,2,2,2
5 6,2,2,2,2,2,2,2,2,2,2,2,2,2
5 6,3,3,3,3,3,3,2,2,2,2,2,2,2,2,2,2,2
5 6,4,3,3,3,3,2,2,2,2,2,2,2,2,2,2,2,2
5 6,4,3,3,3,3,3,2,2,2,2,2,2,2,2,2,2,2
5 6,4,4,3,3,3,2,2,2,2,2,2,2
5 6,5,3,2,2,2,2,2,2,2,2,2,2,2,2
5 6,5,3,3,2,2,2,2,2,2,2,2,2,2,2,2,2
5 6,5,3,3,3,3,2,2,2,2,2,2,2
5 6,5,3,3,3,3,3,2,2,2,2,2,2,2
5 6,5,4,3,3,2,2,2,2,2,2,2,2,2
5 6,5,4,4,3,2,2,2,2,2,2,2,2,2,2,2
5 7,2,2,2,2,2,2,2,2,2,2,2,2,2
5 7,2,2,2,2,2,2,2,2,2,2,2,2,2,2,2
5 7,3,3,2,2,2,2,2,2,2,2,2
5 7,3,3,2,2,2,2,2,2,2,2,2,2,2,2,2,2
5 7,3,3,3,2,2,2,2,2,2,2,2,2,2,2,2,2,2
5 7,3,3,3,3,2,2,2,2,2,2,2
5 7,4,3,2,2,2,2,2,2,2,2,2,2,2,2,2,2
5 7,4,3,3,3,2,2,2,2,2,2,2,2
5 7,4,3,3,3,3,3,2,2,2,2,2,2
5 7,4,4,3,3,3,2,2,2,2,2,2,2
5 8,3,3,2,2,2,2,2,2,2,2,2,2,2,2,2
5 8,4,3,2,2,2,2,2,2,2,2,2,2,2
5 8,4,3,3,2,2,2,2,2,2,2,2
5 8,4,3,3,2,2,2,2,2,2,2,2,2,2
5 8,4,3,3,2,2,2,2,2,2,2,2,2,2,2,2
5 8,4,3,3,3,2,2,2,2,2,2,2,2,2
5 8,4,4,3,3,2,2,2,2,2,2,2,2,2,2
5 9,3,3,2,2,2,2,2,2,2,2,2,2,2,2
5 9,3,3,3,2,2,2,2,2,2,2,2,2
5 9,3,3,3,2,2,2,2,2,2,2,2,2,2,2,2
5 9,4,3,3,3,2,2,2,2,2,2,2,2
5 9,4,3,3,3,2,2,2,2,2,2,2,2,2,2
5 9,4,3,3,3,3,2,2,2,2,2,2,2,2,2
5 10,4,3,3,3,2,2,2,2,2,2,2,2,2
5 11,4,4,3,3,3,3,2,2,2,2,2,2,2,2,2,2,2,2,2,2,2
5 13,3,3,3,3,3,2,2,2,2,2,2,2,2,2,2,2,2,2,2,2,2,2,2,2,2,2
5 13,4,3,3,3,3,3,2,2,2,2,2,2,2,2,2,2,2,2,2,2,2,2,2,2,2
5 13,4,4,3,3,3,2,2,2,2,2,2,2,2,2,2,2,2,2,2,2,2,2,2,2
4 2,2,2,2,2,2,2,2,2
4 3,2,2,2,2,2,2,2,2
4 3,3,3,3,3,3,3,3,3,2,2,2,2,2,2,2,2,2
4 4,2,2,2,2,2,2,2,2
4 4,3,3,2,2,2,2,2
4 4,3,3,3,2,2,2,2,2
4 4,4,3,2,2,2,2,2,2,2,2,2,2,2,2,2,2,2,2,2
4 4,4,3,3,2,2,2,2,2
4 4,4,4,3,3,3,3,3,3,2,2,2,2,2,2,2
4 4,4,4,4,3,2,2,2,2,2,2,2,2,2
4 4,4,4,4,3,2,2,2,2,2,2,2,2,2,2
4 4,4,4,4,3,2,2,2,2,2,2,2,2,2,2,2
4 4,4,4,4,3,3,2,2,2,2,2,2,2,2,2,2,2
4 4,4,4,4,3,3,2,2,2,2,2,2,2,2,2,2,2,2
4 4,4,4,4,3,3,3,3,2,2,2,2,2,2
4 4,4,4,4,3,3,3,3,3,2,2,2,2,2,2,2
4 5,3,2,2,2,2,2,2,2,2,2,2,2,2,2,2,2,2,2
4 5,3,3,3,3,2,2,2,2,2,2,2,2,2,2,2,2,2,2,2
4 5,3,3,3,3,3,3,2,2,2,2,2,2,2,2,2,2,2,2
4 5,3,3,3,3,3,3,3,2,2,2,2,2,2
4 5,4,3,3,3,2,2,2,2,2
4 5,4,3,3,3,3,3,3,2,2,2,2,2
4 5,4,3,3,3,3,3,3,2,2,2,2,2,2,2,2,2,2,2
4 5,4,3,3,3,3,3,3,3,2,2,2,2
4 5,4,3,3,3,3,3,3,3,2,2,2,2,2,2,2
4 5,4,4,3,3,3,3,2,2,2,2,2
4 5,4,4,3,3,3,3,3,3,2,2,2,2
4 5,4,4,4,3,2,2,2,2,2,2,2,2,2,2,2
4 5,4,4,4,3,2,2,2,2,2,2,2,2,2,2,2,2
4 5,4,4,4,3,3,3,2,2,2,2,2,2,2,2
4 5,4,4,4,3,3,3,2,2,2,2,2,2,2,2,2,2
4 5,4,4,4,3,3,3,3,2,2,2,2,2,2
4 5,5,2,2,2,2,2,2,2,2,2,2,2,2
4 5,5,3,2,2,2,2,2,2,2,2,2,2,2,2,2,2
4 5,5,3,3,2,2,2,2,2,2,2,2
4 5,5,3,3,3,3,3,3,2,2,2,2,2,2,2,2
4 5,5,4,3,3,2,2,2,2,2,2,2
4 5,5,4,3,3,3,2,2,2,2,2,2,2,2
4 5,5,4,3,3,3,2,2,2,2,2,2,2,2,2,2,2
4 5,5,4,4,3,2,2,2,2,2,2,2,2,2
4 6,2,2,2,2,2,2,2,2,2,2,2,2,2,2,2,2
4 6,3,2,2,2,2,2,2,2,2
4 6,3,2,2,2,2,2,2,2,2,2,2,2,2,2,2,2,2
4 6,3,3,3,3,2,2,2,2,2,2
4 6,4,2,2,2,2,2,2,2,2,2,2,2,2,2,2,2
4 6,4,3,3,3,3,3,3,2,2,2,2,2,2
4 6,4,3,3,3,3,3,3,2,2,2,2,2,2,2,2
4 6,4,4,3,2,2,2,2,2,2,2,2
4 6,4,4,3,2,2,2,2,2,2,2,2,2,2,2,2,2
4 6,4,4,3,3,2,2,2,2,2,2,2,2,2,2,2,2
4 6,4,4,3,3,2,2,2,2,2,2,2,2,2,2,2,2,2
4 6,4,4,3,3,3,3,3,2,2,2,2,2,2,2,2
4 6,5,2,2,2,2,2,2,2,2,2,2,2,2
4 6,5,3,2,2,2,2,2,2,2,2,2,2,2,2,2,2
4 6,5,4,3,3,2,2,2,2,2,2,2,2
4 7,3,3,3,2,2,2,2,2,2,2
4 7,3,3,3,3,2,2,2,2,2,2,2,2,2,2,2,2
4 7,3,3,3,3,3,2,2,2,2,2,2,2
4 7,3,3,3,3,3,3,3,2,2,2,2,2,2,2,2
4 7,4,3,2,2,2,2,2,2,2,2,2
4 7,4,3,2,2,2,2,2,2,2,2,2,2,2,2,2
4 7,4,4,3,3,2,2,2,2,2,2,2,2
4 7,4,4,3,3,3,3,2,2,2,2,2,2,2
4 7,4,4,3,3,3,3,2,2,2,2,2,2,2,2,2
4 7,5,3,3,3,2,2,2,2,2,2,2,2,2
4 8,3,3,2,2,2,2,2,2,2,2,2
4 8,3,3,3,3,3,2,2,2,2,2,2,2,2,2
4 8,3,3,3,3,3,2,2,2,2,2,2,2,2,2,2,2,2
4 8,3,3,3,3,3,3,2,2,2,2,2,2,2
4 8,4,3,3,3,2,2,2,2,2,2,2,2
4 8,4,3,3,3,3,2,2,2,2,2,2,2,2,2,2,2
4 8,5,3,3,2,2,2,2,2,2,2,2,2,2,2,2
4 9,3,2,2,2,2,2,2,2,2,2,2,2,2
4 9,3,3,3,2,2,2,2,2,2,2,2
4 9,3,3,3,2,2,2,2,2,2,2,2,2,2,2
4 9,4,3,2,2,2,2,2,2,2,2,2,2,2,2
4 10,4,3,3,3,2,2,2,2,2,2,2,2,2,2
4 10,4,4,3,3,3,2,2,2,2,2,2,2,2,2,2,2,2,2,2,2,2,2
4 10,4,4,3,3,3,3,3,2,2,2,2,2,2,2,2,2,2,2,2,2,2,2
4 10,4,4,3,3,3,3,3,3,2,2,2,2,2,2,2,2,2,2,2,2,2
4 10,4,4,4,3,3,3,3,3,3,2,2,2,2,2,2,2,2,2,2,2
4 11,4,3,3,3,3,3,3,2,2,2,2,2,2,2,2,2,2,2,2,2,2,2
4 13,3,3,3,3,2,2,2,2,2,2,2,2,2,2,2,2,2,2,2,2,2,2,2,2,2
4 13,3,3,3,3,2,2,2,2,2,2,2,2,2,2,2,2,2,2,2,2,2,2,2,2,2,2,2,2
4 13,3,3,3,3,3,3,3,2,2,2,2,2,2,2,2,2,2,2,2,2,2,2,2,2
4 13,4,3,3,3,2,2,2,2,2,2,2,2,2,2,2,2,2,2,2,2,2,2,2,2,2
4 13,4,3,3,3,3,2,2,2,2,2,2,2,2,2,2,2,2,2,2,2,2,2,2
4 13,4,3,3,3,3,2,2,2,2,2,2,2,2,2,2,2,2,2,2,2,2,2,2,2,2
4 13,4,3,3,3,3,3,2,2,2,2,2,2,2,2,2,2,2,2,2,2,2,2,2
4 13,4,3,3,3,3,3,2,2,2,2,2,2,2,2,2,2,2,2,2,2,2,2,2,2
4 13,4,3,3,3,3,3,3,2,2,2,2,2,2,2,2,2,2,2,2,2,2,2,2
4 13,4,4,3,3,3,3,2,2,2,2,2,2,2,2,2,2,2,2,2,2,2,2,2
4 13,4,4,3,3,3,3,2,2,2,2,2,2,2,2,2,2,2,2,2,2,2,2,2,2,2
4 13,4,4,3,3,3,3,3,2,2,2,2,2,2,2,2,2,2,2,2
4 13,4,4,3,3,3,3,3,2,2,2,2,2,2,2,2,2,2,2,2,2,2,2,2
4 13,4,4,4,3,3,3,2,2,2,2,2,2,2,2,2,2,2,2,2,2,2
3 2,2,2,2,2,2,2,2,2,2
3 3,2,2,2,2,2,2,2
3 3,3,3,3,2,2,2,2,2
3 3,3,3,3,2,2,2,2,2,2,2,2,2,2,2,2,2,2,2,2,2
3 3,3,3,3,3,3,2,2,2,2,2
3 3,3,3,3,3,3,3,3,2,2,2,2,2
3 3,3,3,3,3,3,3,3,2,2,2,2,2,2,2,2,2,2,2
3 4,3,3,3,2,2,2,2
3 4,3,3,3,3,3,2,2,2,2,2
3 4,3,3,3,3,3,3,3,3,2,2,2,2,2,2,2,2
3 4,4,2,2,2,2,2,2,2
3 4,4,3,2,2,2,2,2
3 4,4,3,3,3,2,2,2,2,2,2,2,2,2,2,2,2,2,2,2
3 4,4,3,3,3,3,2,2,2,2
3 4,4,3,3,3,3,3,3,3,3,2,2,2,2,2,2,2
3 4,4,4,2,2,2,2,2,2,2,2,2
3 4,4,4,2,2,2,2,2,2,2,2,2,2,2,2,2
3 4,4,4,3,2,2,2,2,2,2
3 4,4,4,3,2,2,2,2,2,2,2,2,2,2,2,2,2,2,2
3 4,4,4,3,3,2,2,2,2,2,2,2,2,2,2,2,2,2,2
3 4,4,4,3,3,3,3,2,2,2,2,2
3 4,4,4,3,3,3,3,2,2,2,2,2,2,2,2,2,2,2,2
3 4,4,4,4,3,2,2,2,2,2,2,2,2,2,2,2,2
3 4,4,4,4,3,3,3,2,2,2,2,2,2,2
3 4,4,4,4,3,3,3,3,3,2,2,2,2,2
3 4,4,4,4,3,3,3,3,3,2,2,2,2,2,2,2,2
3 4,4,4,4,4,2,2,2,2,2,2,2,2,2,2
3 4,4,4,4,4,3,3,2,2,2,2,2,2,2,2
3 5,2,2,2,2,2,2,2,2,2
3 5,2,2,2,2,2,2,2,2,2,2,2,2,2,2
3 5,2,2,2,2,2,2,2,2,2,2,2,2,2,2,2
3 5,2,2,2,2,2,2,2,2,2,2,2,2,2,2,2,2
3 5,2,2,2,2,2,2,2,2,2,2,2,2,2,2,2,2,2
3 5,3,3,3,2,2,2,2,2
3 5,3,3,3,2,2,2,2,2,2
3 5,3,3,3,2,2,2,2,2,2,2,2,2,2,2,2,2,2,2,2
3 5,3,3,3,3,2,2,2,2,2
3 5,3,3,3,3,3,3,3,2,2,2,2,2,2,2
3 5,4,2,2,2,2,2,2,2
3 5,4,2,2,2,2,2,2,2,2
3 5,4,2,2,2,2,2,2,2,2,2
3 5,4,3,3,2,2,2,2,2,2
3 5,4,3,3,3,3,3,3,3,2,2,2,2,2,2
3 5,4,3,3,3,3,3,3,3,2,2,2,2,2,2,2,2
3 5,4,4,2,2,2,2,2,2,2,2,2,2,2,2,2,2
3 5,4,4,3,3,2,2,2,2,2
3 5,4,4,3,3,2,2,2,2,2,2
3 5,4,4,3,3,2,2,2,2,2,2,2,2,2,2,2,2,2,2
3 5,4,4,3,3,3,3,3,2,2,2,2,2
3 5,4,4,3,3,3,3,3,2,2,2,2,2,2,2,2,2,2
3 5,4,4,4,3,3,2,2,2,2,2,2,2
3 5,4,4,4,3,3,2,2,2,2,2,2,2,2,2,2,2
3 5,4,4,4,3,3,3,3,2,2,2,2
3 5,4,4,4,3,3,3,3,2,2,2,2,2
3 5,4,4,4,3,3,3,3,3,2,2,2,2,2
3 5,4,4,4,4,3,3,3,2,2,2,2,2
3 5,5,2,2,2,2,2,2,2,2,2,2
3 5,5,3,2,2,2,2,2,2,2,2,2,2,2,2,2
3 5,5,3,3,3,2,2,2,2,2,2,2
3 5,5,4,3,2,2,2,2,2,2,2,2
3 5,5,4,3,3,2,2,2,2,2,2,2,2,2,2,2
3 5,5,4,3,3,3,2,2,2,2,2,2,2,2,2,2,2,2
3 5,5,4,3,3,3,3,2,2,2,2,2,2
3 5,5,4,3,3,3,3,2,2,2,2,2,2,2,2,2
3 5,5,4,4,3,3,2,2,2,2,2,2,2,2,2,2
3 5,5,4,4,3,3,3,2,2,2,2,2,2,2
3 5,5,4,4,3,3,3,2,2,2,2,2,2,2,2,2
3 5,5,4,4,3,3,3,2,2,2,2,2,2,2,2,2,2
3 5,5,5,3,3,2,2,2,2,2,2,2,2,2,2,2
3 5,5,5,4,3,3,3,3,3,3,3,3,2,2,2,2,2,2,2,2,2,2,2,2,2,2,2,2,2,2,2,2,2,2,2
3 5,5,5,4,4,3,3,3,3,3,3,3,2,2,2,2,2,2,2,2,2,2,2,2,2,2,2,2,2,2,2,2,2,2,2,2
3 6,2,2,2,2,2,2,2,2,2,2,2
3 6,2,2,2,2,2,2,2,2,2,2,2,2,2,2,2
3 6,3,3,3,2,2,2,2,2,2,2,2,2,2,2,2,2,2,2
3 6,3,3,3,3,3,3,2,2,2,2,2,2,2
3 6,3,3,3,3,3,3,3,2,2,2,2,2,2
3 6,4,2,2,2,2,2,2,2,2,2,2
3 6,4,2,2,2,2,2,2,2,2,2,2,2,2,2
3 6,4,2,2,2,2,2,2,2,2,2,2,2,2,2,2
3 6,4,3,2,2,2,2,2,2,2
3 6,4,3,3,3,2,2,2,2,2
3 6,4,3,3,3,2,2,2,2,2,2,2,2,2,2,2,2,2,2
3 6,4,4,2,2,2,2,2,2,2,2,2,2
3 6,4,4,3,3,2,2,2,2,2,2,2
3 6,4,4,3,3,3,2,2,2,2,2,2
3 6,4,4,3,3,3,2,2,2,2,2,2,2,2,2,2,2,2
3 6,4,4,3,3,3,3,2,2,2,2,2,2,2,2,2,2
3 6,4,4,3,3,3,3,2,2,2,2,2,2,2,2,2,2,2
3 6,4,4,3,3,3,3,3,2,2,2,2,2,2
3 6,4,4,3,3,3,3,3,2,2,2,2,2,2,2
3 6,4,4,3,3,3,3,3,2,2,2,2,2,2,2,2,2
3 6,4,4,4,3,3,3,2,2,2,2,2,2,2,2,2,2
3 6,5,3,3,2,2,2,2,2,2,2,2
3 6,5,3,3,3,3,2,2,2,2,2,2
3 6,5,4,3,2,2,2,2,2,2,2,2,2,2,2,2
3 6,5,4,3,3,2,2,2,2,2,2,2,2,2,2,2
3 6,5,4,3,3,3,2,2,2,2,2,2,2,2,2
3 6,5,4,3,3,3,3,2,2,2,2,2
3 6,5,4,4,3,2,2,2,2,2,2,2,2,2,2
3 7,2,2,2,2,2,2,2,2,2,2,2,2
3 7,3,3,2,2,2,2,2,2,2
3 7,3,3,3,3,2,2,2,2,2,2,2,2,2,2,2,2,2,2
3 7,3,3,3,3,3,3,2,2,2,2,2,2,2
3 7,3,3,3,3,3,3,2,2,2,2,2,2,2,2
3 7,3,3,3,3,3,3,2,2,2,2,2,2,2,2,2
3 7,3,3,3,3,3,3,2,2,2,2,2,2,2,2,2,2,2
3 7,4,2,2,2,2,2,2,2,2,2,2
3 7,4,2,2,2,2,2,2,2,2,2,2,2
3 7,4,3,3,2,2,2,2,2
3 7,4,3,3,2,2,2,2,2,2,2
3 7,4,3,3,3,3,2,2,2,2,2,2
3 7,4,3,3,3,3,2,2,2,2,2,2,2,2,2,2,2,2
3 7,4,3,3,3,3,3,2,2,2,2,2,2,2
3 7,4,4,3,2,2,2,2,2,2,2,2,2,2,2,2,2
3 7,4,4,3,3,2,2,2,2,2,2,2,2,2
3 7,4,4,3,3,2,2,2,2,2,2,2,2,2,2,2
3 7,4,4,3,3,2,2,2,2,2,2,2,2,2,2,2,2
3 7,4,4,3,3,3,3,2,2,2,2,2,2,2,2
3 7,5,3,2,2,2,2,2,2,2,2,2,2,2,2,2,2
3 7,5,5,5,3,3,3,3,3,3,3,2,2,2,2,2,2,2,2,2,2,2,2,2,2,2,2,2,2,2,2,2,2,2,2,2
3 7,5,5,5,3,3,3,3,3,3,3,2,2,2,2,2,2,2,2,2,2,2,2,2,2,2,2,2,2,2,2,2,2,2,2,2,2
3 7,5,5,5,3,3,3,3,3,3,3,3,2,2,2,2,2,2,2,2,2,2,2,2,2,2,2,2,2,2,2,2,2,2,2
3 7,7,5,5,5,4,3,3,3,3,3,3,3,3,3,3,2,2,2,2,2,2,2,2,2,2,2,2,2,2,2,2,2,2
3 8,2,2,2,2,2,2,2,2,2,2,2
3 8,3,2,2,2,2,2,2,2,2,2,2
3 8,3,3,2,2,2,2,2,2,2,2,2,2,2,2,2,2,2
3 8,3,3,3,3,2,2,2,2,2,2
3 8,3,3,3,3,2,2,2,2,2,2,2,2,2,2,2,2,2,2
3 8,3,3,3,3,3,2,2,2,2,2,2,2,2,2,2
3 8,3,3,3,3,3,3,2,2,2,2,2,2,2,2,2
3 8,4,3,2,2,2,2,2,2,2,2,2
3 8,4,3,2,2,2,2,2,2,2,2,2,2
3 8,4,3,2,2,2,2,2,2,2,2,2,2,2,2,2,2
3 8,4,3,3,2,2,2,2,2,2,2
3 8,4,3,3,3,3,2,2,2,2,2,2,2
3 8,4,3,3,3,3,2,2,2,2,2,2,2,2
3 8,4,3,3,3,3,2,2,2,2,2,2,2,2,2,2
3 8,4,3,3,3,3,3,2,2,2,2,2,2,2,2,2
3 8,4,4,3,2,2,2,2,2,2,2,2,2
3 8,4,4,3,3,2,2,2,2,2,2,2,2,2
3 8,4,4,3,3,2,2,2,2,2,2,2,2,2,2,2
3 8,4,4,3,3,2,2,2,2,2,2,2,2,2,2,2,2
3 8,4,4,3,3,3,2,2,2,2,2,2,2,2
3 8,4,4,3,3,3,2,2,2,2,2,2,2,2,2
3 8,4,4,3,3,3,2,2,2,2,2,2,2,2,2,2,2
3 8,5,3,2,2,2,2,2,2,2,2,2,2,2,2
3 8,5,3,3,2,2,2,2,2,2,2,2,2,2,2
3 9,2,2,2,2,2,2,2,2,2,2,2,2
3 9,3,2,2,2,2,2,2,2,2,2,2,2,2,2
3 9,3,3,2,2,2,2,2,2,2,2,2,2,2,2,2
3 9,3,3,3,3,2,2,2,2,2,2,2,2,2,2
3 9,3,3,3,3,2,2,2,2,2,2,2,2,2,2,2
3 9,3,3,3,3,3,2,2,2,2,2,2,2,2
3 9,4,3,2,2,2,2,2,2,2,2,2,2
3 9,4,3,2,2,2,2,2,2,2,2,2,2,2,2,2
3 9,4,3,3,2,2,2,2,2,2,2,2
3 9,4,3,3,2,2,2,2,2,2,2,2,2
3 9,4,3,3,2,2,2,2,2,2,2,2,2,2
3 9,4,3,3,3,2,2,2,2,2,2,2,2,2,2,2
3 9,4,3,3,3,3,3,2,2,2,2,2,2
3 9,4,4,3,3,3,2,2,2,2,2,2,2,2
3 10,3,2,2,2,2,2,2,2,2,2,2,2,2
3 10,3,2,2,2,2,2,2,2,2,2,2,2,2,2
3 10,3,3,2,2,2,2,2,2,2,2,2,2
3 10,3,3,2,2,2,2,2,2,2,2,2,2,2,2,2
3 10,3,3,3,2,2,2,2,2,2,2,2
3 10,3,3,3,2,2,2,2,2,2,2,2,2
3 10,3,3,3,3,2,2,2,2,2,2,2,2,2,2
3 10,3,3,3,3,3,2,2,2,2,2,2,2,2,2,2
3 10,4,3,2,2,2,2,2,2,2,2,2,2
3 10,4,3,3,3,2,2,2,2,2,2,2
3 10,4,4,4,3,3,3,3,3,2,2,2,2,2,2,2,2,2,2,2,2
3 11,3,3,3,3,3,3,2,2,2,2,2,2,2,2,2,2,2,2,2,2,2
3 11,4,3,3,3,3,3,2,2,2,2,2,2,2,2,2,2,2,2,2,2,2
3 11,4,3,3,3,3,3,3,2,2,2,2,2,2,2,2,2,2,2,2,2
3 11,4,4,3,3,3,3,3,2,2,2,2,2,2,2,2,2,2,2,2
3 13,3,3,3,3,3,3,2,2,2,2,2,2,2,2,2,2,2,2,2,2,2,2,2,2
3 13,3,3,3,3,3,3,2,2,2,2,2,2,2,2,2,2,2,2,2,2,2,2,2,2,2,2
3 13,3,3,3,3,3,3,3,3,2,2,2,2,2,2,2,2,2,2,2,2,2,2,2,2,2
3 13,4,3,3,3,2,2,2,2,2,2,2,2,2,2,2,2,2,2,2,2,2
3 13,4,3,3,3,2,2,2,2,2,2,2,2,2,2,2,2,2,2,2,2,2,2,2
3 13,4,3,3,3,2,2,2,2,2,2,2,2,2,2,2,2,2,2,2,2,2,2,2,2,2,2
3 13,4,3,3,3,3,3,2,2,2,2,2,2,2,2,2,2,2,2,2,2,2,2
3 13,4,3,3,3,3,3,3,2,2,2,2,2,2,2,2,2,2,2,2,2,2,2,2,2
3 13,4,3,3,3,3,3,3,2,2,2,2,2,2,2,2,2,2,2,2,2,2,2,2,2,2
3 13,4,4,3,3,3,2,2,2,2,2,2,2,2,2,2,2,2,2,2,2,2,2
3 13,4,4,3,3,3,3,2,2,2,2,2,2,2,2,2,2,2,2,2,2,2,2,2,2
3 13,4,4,3,3,3,3,3,2,2,2,2,2,2,2,2,2,2,2,2,2,2
3 13,4,4,3,3,3,3,3,3,2,2,2,2,2,2,2,2,2,2,2,2,2
3 13,4,4,4,3,3,2,2,2,2,2,2,2,2,2,2,2,2,2,2,2,2,2
3 13,4,4,4,3,3,3,3,2,2,2,2,2,2,2,2,2,2,2,2,2
3 13,4,4,4,3,3,3,3,2,2,2,2,2,2,2,2,2,2,2,2,2,2,2
3 13,5,4,3,3,3,3,2,2,2,2,2,2,2,2,2,2,2,2,2,2,2
3 14,4,4,3,3,3,3,3,2,2,2,2,2,2,2,2,2,2,2,2
3 15,4,3,3,2,2,2,2,2,2,2,2,2,2,2,2,2,2,2,2,2
2 3,2,2,2,2,2,2
2 3,3,2,2,2,2,2,2
2 3,3,3,2,2,2,2,2,2,2,2,2,2,2,2,2,2,2,2,2,2
2 3,3,3,2,2,2,2,2,2,2,2,2,2,2,2,2,2,2,2,2,2,2
2 3,3,3,3,3,2,2,2,2,2
2 3,3,3,3,3,2,2,2,2,2,2,2,2,2,2,2,2,2,2,2,2
2 3,3,3,3,3,3,2,2,2,2,2,2,2,2,2,2,2,2,2,2,2
2 3,3,3,3,3,3,3,3,2,2,2,2
2 3,3,3,3,3,3,3,3,3,2,2,2,2,2,2,2,2
2 3,3,3,3,3,3,3,3,3,2,2,2,2,2,2,2,2,2,2
2 4,3,2,2,2,2,2
2 4,3,2,2,2,2,2,2
2 4,3,2,2,2,2,2,2,2,2,2,2,2,2,2,2,2,2,2,2
2 4,3,3,2,2,2,2,2,2,2,2,2,2,2,2,2,2,2,2,2,2
2 4,3,3,3,3,2,2,2,2
2 4,3,3,3,3,3,3,2,2,2,2
2 4,3,3,3,3,3,3,3,2,2,2,2
2 4,3,3,3,3,3,3,3,2,2,2,2,2,2,2,2,2,2,2,2
2 4,3,3,3,3,3,3,3,3,2,2,2,2
2 4,3,3,3,3,3,3,3,3,2,2,2,2,2,2,2,2,2,2
2 4,3,3,3,3,3,3,3,3,3,2,2,2,2,2,2,2
2 4,3,3,3,3,3,3,3,3,3,2,2,2,2,2,2,2,2,2
2 4,4,3,3,3,3,3,3,3,2,2,2,2,2
2 4,4,4,2,2,2,2,2,2,2,2
2 4,4,4,2,2,2,2,2,2,2,2,2,2,2,2,2,2,2
2 4,4,4,3,3,2,2,2,2,2
2 4,4,4,3,3,3,3,3,2,2,2,2,2,2,2,2,2,2,2
2 4,4,4,3,3,3,3,3,3,2,2,2,2
2 4,4,4,3,3,3,3,3,3,2,2,2,2,2
2 4,4,4,4,2,2,2,2,2,2,2,2,2,2,2,2
2 4,4,4,4,3,2,2,2,2,2,2,2
2 4,4,4,4,3,3,2,2,2,2,2,2,2
2 4,4,4,4,3,3,3,2,2,2,2,2,2
2 4,4,4,4,3,3,3,3,2,2,2,2,2,2,2
2 4,4,4,4,3,3,3,3,2,2,2,2,2,2,2,2,2,2
2 4,4,4,4,4,3,3,3,3,2,2,2,2
2 5,2,2,2,2,2,2,2,2,2,2
2 5,3,3,3,3,3,3,3,2,2,2,2,2
2 5,3,3,3,3,3,3,3,2,2,2,2,2,2,2,2,2,2,2
2 5,3,3,3,3,3,3,3,3,2,2,2,2,2,2
2 5,3,3,3,3,3,3,3,3,2,2,2,2,2,2,2,2
2 5,3,3,3,3,3,3,3,3,2,2,2,2,2,2,2,2,2
2 5,3,3,3,3,3,3,3,3,3,2,2,2,2,2,2,2,2
2 5,4,3,3,2,2,2,2,2,2,2,2,2,2,2,2,2,2,2,2,2
2 5,4,3,3,3,3,2,2,2,2,2
2 5,4,3,3,3,3,3,2,2,2,2
2 5,4,3,3,3,3,3,2,2,2,2,2
2 5,4,3,3,3,3,3,3,2,2,2,2
2 5,4,3,3,3,3,3,3,3,2,2,2,2,2,2,2,2,2
2 5,4,3,3,3,3,3,3,3,2,2,2,2,2,2,2,2,2,2
2 5,4,3,3,3,3,3,3,3,3,2,2,2,2,2,2
2 5,4,3,3,3,3,3,3,3,3,2,2,2,2,2,2,2,2
2 5,4,4,2,2,2,2,2,2,2
2 5,4,4,3,2,2,2,2
2 5,4,4,3,2,2,2,2,2,2,2
2 5,4,4,3,3,3,3,2,2,2,2,2,2,2,2,2,2,2,2
2 5,4,4,3,3,3,3,3,2,2,2,2,2,2,2,2,2,2,2
2 5,4,4,3,3,3,3,3,3,2,2,2,2,2,2,2,2,2,2
2 5,4,4,3,3,3,3,3,3,3,2,2,2
2 5,4,4,4,2,2,2,2,2,2,2,2,2,2
2 5,4,4,4,2,2,2,2,2,2,2,2,2,2,2
2 5,4,4,4,3,3,2,2,2,2,2,2,2,2,2,2,2,2
2 5,4,4,4,3,3,3,2,2,2,2,2
2 5,4,4,4,3,3,3,3,3,2,2,2,2,2,2
2 5,5,2,2,2,2,2,2,2,2
2 5,5,2,2,2,2,2,2,2,2,2
2 5,5,2,2,2,2,2,2,2,2,2,2,2,2,2
2 5,5,2,2,2,2,2,2,2,2,2,2,2,2,2,2
2 5,5,3,2,2,2,2,2,2,2,2
2 5,5,3,2,2,2,2,2,2,2,2,2,2,2,2,2,2,2
2 5,5,3,3,2,2,2,2,2,2,2
2 5,5,3,3,3,3,2,2,2,2,2,2,2,2,2,2,2,2
2 5,5,3,3,3,3,3,3,2,2,2,2,2,2
2 5,5,4,3,2,2,2,2,2,2,2,2,2,2,2,2
2 5,5,4,3,2,2,2,2,2,2,2,2,2,2,2,2,2
2 5,5,4,3,2,2,2,2,2,2,2,2,2,2,2,2,2,2
2 5,5,4,3,3,2,2,2,2,2,2,2,2,2,2,2,2,2
2 5,5,4,3,3,3,3,2,2,2,2,2,2,2,2,2,2
2 5,5,4,3,3,3,3,3,2,2,2,2,2
2 5,5,4,3,3,3,3,3,2,2,2,2,2,2,2
2 5,5,4,4,3,2,2,2,2,2,2,2,2
2 5,5,4,4,3,2,2,2,2,2,2,2,2,2,2
2 5,5,4,4,3,2,2,2,2,2,2,2,2,2,2,2,2
2 5,5,4,4,3,3,2,2,2,2,2,2
2 5,5,4,4,3,3,2,2,2,2,2,2,2
2 5,5,4,4,3,3,2,2,2,2,2,2,2,2,2,2,2
2 5,5,4,4,3,3,3,3,2,2,2,2,2,2
2 5,5,5,2,2,2,2,2,2,2,2,2,2,2,2,2,2
2 5,5,5,3,2,2,2,2,2,2,2,2,2,2,2,2
2 5,5,5,4,3,3,3,3,3,3,3,3,3,2,2,2,2,2,2,2,2,2,2,2,2,2,2,2,2,2,2,2,2,2,2,2,2
2 5,5,5,4,4,3,3,3,3,3,3,3,2,2,2,2,2,2,2,2,2,2,2,2,2,2,2,2,2,2,2,2,2,2
2 5,5,5,4,4,3,3,3,3,3,3,3,2,2,2,2,2,2,2,2,2,2,2,2,2,2,2,2,2,2,2,2,2,2,2
2 5,5,5,4,4,3,3,3,3,3,3,3,3,3,2,2,2,2,2,2,2,2,2,2,2,2,2,2,2,2,2,2,2,2
2 5,5,5,4,4,3,3,3,3,3,3,3,3,3,3,3,2,2,2,2,2,2,2,2,2,2,2,2,2,2,2,2,2,2,2,2,2,2,2,2
2 5,5,5,4,4,4,3,3,3,3,3,3,3,2,2,2,2,2,2,2,2,2,2,2,2,2,2,2,2,2,2,2,2,2
2 5,5,5,4,4,4,3,3,3,3,3,3,3,3,2,2,2,2,2,2,2,2,2,2,2,2,2,2,2,2,2,2,2,2,2,2
2 5,5,5,4,4,4,3,3,3,3,3,3,3,3,3,3,2,2,2,2,2,2,2,2,2,2,2,2,2,2,2,2,2,2,2,2,2,2,2,2
2 6,2,2,2,2,2,2,2,2,2,2
2 6,3,3,2,2,2,2,2,2,2
2 6,3,3,2,2,2,2,2,2,2,2,2,2,2,2,2,2,2,2
2 6,3,3,3,2,2,2,2,2,2,2,2,2,2,2,2,2,2,2,2
2 6,3,3,3,3,2,2,2,2,2
2 6,3,3,3,3,2,2,2,2,2,2,2,2,2,2,2,2,2,2
2 6,3,3,3,3,3,2,2,2,2,2,2
2 6,3,3,3,3,3,2,2,2,2,2,2,2,2,2,2,2,2,2
2 6,3,3,3,3,3,3,2,2,2,2,2,2
2 6,3,3,3,3,3,3,3,2,2,2,2,2,2,2,2
2 6,3,3,3,3,3,3,3,2,2,2,2,2,2,2,2,2
2 6,4,2,2,2,2,2,2,2,2
2 6,4,2,2,2,2,2,2,2,2,2
2 6,4,3,2,2,2,2,2,2,2,2,2,2,2,2,2,2,2,2
2 6,4,3,3,2,2,2,2,2,2
2 6,4,3,3,3,2,2,2,2,2,2
2 6,4,3,3,3,3,2,2,2,2,2,2,2,2,2,2,2,2,2
2 6,4,3,3,3,3,3,2,2,2,2,2
2 6,4,3,3,3,3,3,3,2,2,2,2,2
2 6,4,3,3,3,3,3,3,2,2,2,2,2,2,2,2,2,2
2 6,4,3,3,3,3,3,3,2,2,2,2,2,2,2,2,2,2,2
2 6,4,4,2,2,2,2,2,2,2,2,2,2,2
2 6,4,4,3,3,2,2,2,2,2,2
2 6,4,4,3,3,3,3,3,2,2,2,2
2 6,4,4,3,3,3,3,3,2,2,2,2,2
2 6,4,4,3,3,3,3,3,3,2,2,2,2,2,2,2
2 6,4,4,4,3,3,2,2,2,2,2,2,2
2 6,4,4,4,3,3,2,2,2,2,2,2,2,2
2 6,4,4,4,3,3,2,2,2,2,2,2,2,2,2,2,2
2 6,4,4,4,3,3,3,2,2,2,2,2,2,2
2 6,4,4,4,3,3,3,3,2,2,2,2,2,2,2
2 6,4,4,4,3,3,3,3,2,2,2,2,2,2,2,2
2 6,4,4,4,4,3,3,2,2,2,2,2,2,2,2
2 6,5,2,2,2,2,2,2,2,2,2,2,2
2 6,5,2,2,2,2,2,2,2,2,2,2,2,2,2,2
2 6,5,3,2,2,2,2,2,2,2,2,2,2,2,2,2
2 6,5,3,2,2,2,2,2,2,2,2,2,2,2,2,2,2,2
2 6,5,3,3,2,2,2,2,2,2,2
2 6,5,3,3,3,3,2,2,2,2,2,2,2,2,2,2
2 6,5,3,3,3,3,2,2,2,2,2,2,2,2,2,2,2
2 6,5,3,3,3,3,3,2,2,2,2,2,2
2 6,5,3,3,3,3,3,2,2,2,2,2,2,2,2
2 6,5,4,3,2,2,2,2,2,2,2,2,2,2
2 6,5,4,3,3,2,2,2,2,2,2,2,2,2,2
2 6,5,4,3,3,3,2,2,2,2,2,2
2 6,5,4,3,3,3,2,2,2,2,2,2,2,2,2,2
2 6,5,4,4,3,3,3,2,2,2,2,2
2 7,3,2,2,2,2,2,2,2
2 7,3,2,2,2,2,2,2,2,2,2,2,2,2,2,2,2
2 7,3,3,2,2,2,2,2,2,2,2,2,2,2,2,2,2,2
2 7,3,3,3,2,2,2,2,2,2
2 7,3,3,3,3,2,2,2,2,2
2 7,3,3,3,3,2,2,2,2,2,2
2 7,3,3,3,3,3,2,2,2,2,2,2,2,2,2,2,2,2
2 7,4,2,2,2,2,2,2,2,2,2
2 7,4,3,3,2,2,2,2,2,2
2 7,4,3,3,2,2,2,2,2,2,2,2,2,2,2,2,2,2,2
2 7,4,3,3,3,2,2,2,2,2,2
2 7,4,3,3,3,2,2,2,2,2,2,2,2,2,2,2,2,2
2 7,4,3,3,3,3,3,2,2,2,2,2,2,2,2
2 7,4,3,3,3,3,3,2,2,2,2,2,2,2,2,2,2
2 7,4,3,3,3,3,3,3,2,2,2,2,2,2
2 7,4,4,3,2,2,2,2,2,2,2,2
2 7,4,4,3,2,2,2,2,2,2,2,2,2
2 7,4,4,3,2,2,2,2,2,2,2,2,2,2
2 7,4,4,3,3,2,2,2,2,2,2,2
2 7,4,4,3,3,2,2,2,2,2,2,2,2,2,2
2 7,4,4,3,3,3,2,2,2,2,2,2
2 7,4,4,3,3,3,2,2,2,2,2,2,2,2,2
2 7,4,4,3,3,3,2,2,2,2,2,2,2,2,2,2,2
2 7,4,4,3,3,3,2,2,2,2,2,2,2,2,2,2,2,2
2 7,4,4,4,3,2,2,2,2,2,2,2,2,2
2 7,5,3,2,2,2,2,2,2,2,2,2,2
2 7,5,3,2,2,2,2,2,2,2,2,2,2,2
2 7,5,3,2,2,2,2,2,2,2,2,2,2,2,2,2
2 7,5,3,3,2,2,2,2,2,2,2,2,2,2,2
2 7,5,3,3,2,2,2,2,2,2,2,2,2,2,2,2
2 7,5,3,3,2,2,2,2,2,2,2,2,2,2,2,2,2
2 7,5,3,3,3,2,2,2,2,2,2,2
2 7,5,3,3,3,2,2,2,2,2,2,2,2,2,2
2 7,5,3,3,3,2,2,2,2,2,2,2,2,2,2,2
2 7,5,3,3,3,3,2,2,2,2,2,2,2,2
2 7,5,3,3,3,3,2,2,2,2,2,2,2,2,2
2 7,5,4,3,2,2,2,2,2,2,2,2,2,2,2
2 7,5,4,3,3,2,2,2,2,2,2,2,2
2 7,5,4,3,3,2,2,2,2,2,2,2,2,2,2
2 7,5,4,3,3,2,2,2,2,2,2,2,2,2,2,2
2 7,5,4,4,3,3,2,2,2,2,2,2,2,2
2 7,5,5,3,3,3,3,3,3,3,3,3,2,2,2,2,2,2,2,2,2,2,2,2,2,2,2,2,2,2,2,2,2,2,2,2
2 7,5,5,4,3,3,3,3,3,3,3,3,2,2,2,2,2,2,2,2,2,2,2,2,2,2,2,2,2,2,2,2,2,2,2
2 7,5,5,4,4,3,3,3,3,3,2,2,2,2,2,2,2,2,2,2,2,2,2,2,2,2,2,2,2,2,2,2,2,2,2
2 7,5,5,4,4,3,3,3,3,3,3,3,3,2,2,2,2,2,2,2,2,2,2,2,2,2,2,2,2,2,2,2,2,2,2,2
2 7,5,5,5,3,3,3,3,3,3,3,2,2,2,2,2,2,2,2,2,2,2,2,2,2,2,2,2,2,2,2,2,2,2
2 7,5,5,5,3,3,3,3,3,3,3,3,3,2,2,2,2,2,2,2,2,2,2,2,2,2,2,2,2,2,2,2,2
2 7,6,3,2,2,2,2,2,2,2,2,2,2
2 7,6,3,3,2,2,2,2,2,2,2,2,2
2 7,6,3,3,2,2,2,2,2,2,2,2,2,2,2
2 7,6,5,5,5,4,3,3,3,3,3,2,2,2,2,2,2,2,2,2,2,2,2,2,2,2,2,2,2,2,2,2,2,2
2 7,7,5,5,5,4,3,3,3,3,3,3,3,3,3,3,3,3,2,2,2,2,2,2,2,2,2,2,2,2,2,2,2
2 7,7,5,5,5,4,3,3,3,3,3,3,3,3,3,3,3,3,2,2,2,2,2,2,2,2,2,2,2,2,2,2,2,2
2 7,7,5,5,5,4,4,3,3,3,3,3,3,3,3,3,3,2,2,2,2,2,2,2,2,2,2,2,2,2,2,2,2
2 7,7,5,5,5,5,3,3,3,3,3,3,3,3,3,2,2,2,2,2,2,2,2,2,2,2,2,2,2,2,2,2,2,2,2
2 7,7,5,5,5,5,4,3,3,3,3,3,3,3,2,2,2,2,2,2,2,2,2,2,2,2,2,2,2,2,2,2,2,2
2 8,2,2,2,2,2,2,2,2,2,2,2,2,2
2 8,3,2,2,2,2,2,2,2,2
2 8,3,2,2,2,2,2,2,2,2,2
2 8,3,2,2,2,2,2,2,2,2,2,2,2,2,2,2,2
2 8,3,3,3,2,2,2,2,2,2,2,2,2,2,2,2,2,2,2
2 8,3,3,3,3,3,2,2,2,2,2,2,2,2,2,2,2
2 8,3,3,3,3,3,3,2,2,2,2,2,2
2 8,3,3,3,3,3,3,2,2,2,2,2,2,2,2
2 8,4,3,2,2,2,2,2,2,2,2,2,2,2,2,2
2 8,4,3,2,2,2,2,2,2,2,2,2,2,2,2,2,2,2
2 8,4,3,3,3,2,2,2,2,2,2,2,2,2,2,2,2,2,2,2
2 8,4,3,3,3,3,3,2,2,2,2,2
2 8,4,3,3,3,3,3,2,2,2,2,2,2,2,2
2 8,4,3,3,3,3,3,2,2,2,2,2,2,2,2,2,2
2 8,4,4,2,2,2,2,2,2,2,2,2,2
2 8,4,4,3,2,2,2,2,2,2,2,2,2,2,2
2 8,4,4,3,2,2,2,2,2,2,2,2,2,2,2,2
2 8,4,4,3,3,3,2,2,2,2,2,2,2
2 8,4,4,3,3,3,2,2,2,2,2,2,2,2,2,2
2 8,4,4,3,3,3,3,2,2,2,2,2,2
2 8,4,4,3,3,3,3,3,2,2,2,2,2,2,2,2,2,2
2 8,5,2,2,2,2,2,2,2,2,2,2,2,2
2 8,5,3,3,2,2,2,2,2,2,2,2,2
2 8,5,3,3,3,2,2,2,2,2,2,2,2
2 8,5,3,3,3,3,2,2,2,2,2,2,2,2,2,2
2 8,5,4,3,2,2,2,2,2,2,2,2,2,2,2
2 8,5,4,3,3,3,2,2,2,2,2,2,2,2
2 8,5,4,3,3,3,3,2,2,2,2,2,2,2
2 8,5,4,3,3,3,3,3,2,2,2,2,2,2
2 8,6,4,3,2,2,2,2,2,2,2,2
2 8,7,5,5,5,4,3,3,3,3,3,3,3,3,3,3,2,2,2,2,2,2,2,2,2,2,2,2,2,2,2,2,2,2,2,2,2,2,2,2
2 9,2,2,2,2,2,2,2,2,2,2
2 9,2,2,2,2,2,2,2,2,2,2,2,2,2,2
2 9,3,3,2,2,2,2,2,2,2,2
2 9,3,3,2,2,2,2,2,2,2,2,2
2 9,3,3,2,2,2,2,2,2,2,2,2,2,2,2,2,2
2 9,3,3,3,2,2,2,2,2,2,2
2 9,3,3,3,2,2,2,2,2,2,2,2,2,2
2 9,3,3,3,2,2,2,2,2,2,2,2,2,2,2,2,2
2 9,3,3,3,3,2,2,2,2,2,2,2,2,2
2 9,3,3,3,3,3,2,2,2,2,2,2,2,2,2
2 9,3,3,3,3,3,2,2,2,2,2,2,2,2,2,2,2
2 9,4,3,2,2,2,2,2,2,2,2,2,2,2
2 9,4,3,2,2,2,2,2,2,2,2,2,2,2,2,2,2
2 9,4,3,3,3,3,2,2,2,2,2,2,2
2 9,4,3,3,3,3,2,2,2,2,2,2,2,2,2,2
2 9,4,3,3,3,3,3,2,2,2,2,2,2,2,2,2,2
2 9,4,4,3,3,3,2,2,2,2,2,2,2,2,2
2 9,4,4,4,3,2,2,2,2,2,2,2,2,2,2
2 9,5,3,3,2,2,2,2,2,2,2,2,2,2
2 9,5,3,3,3,2,2,2,2,2,2,2,2,2,2
2 10,3,2,2,2,2,2,2,2,2,2,2
2 10,3,3,2,2,2,2,2,2,2,2,2,2,2
2 10,3,3,2,2,2,2,2,2,2,2,2,2,2,2
2 10,3,3,3,2,2,2,2,2,2,2,2,2,2,2
2 10,3,3,3,2,2,2,2,2,2,2,2,2,2,2,2
2 10,3,3,3,2,2,2,2,2,2,2,2,2,2,2,2,2,2
2 10,3,3,3,3,2,2,2,2,2,2,2,2,2
2 10,3,3,3,3,2,2,2,2,2,2,2,2,2,2,2
2 10,3,3,3,3,2,2,2,2,2,2,2,2,2,2,2,2
2 10,3,3,3,3,3,3,2,2,2,2,2,2,2,2,2,2,2,2,2,2,2,2,2
2 10,3,3,3,3,3,3,3,2,2,2,2,2,2,2,2,2,2,2,2,2,2,2
2 10,3,3,3,3,3,3,3,3,2,2,2,2,2,2,2,2,2,2,2,2,2
2 10,3,3,3,3,3,3,3,3,2,2,2,2,2,2,2,2,2,2,2,2,2,2
2 10,4,2,2,2,2,2,2,2,2,2
2 10,4,3,2,2,2,2,2,2,2,2,2,2,2
2 10,4,3,3,2,2,2,2,2,2,2,2,2
2 10,4,3,3,2,2,2,2,2,2,2,2,2,2
2 10,4,3,3,3,2,2,2,2,2,2,2,2,2,2,2,2,2,2,2,2,2,2,2
2 10,4,3,3,3,2,2,2,2,2,2,2,2,2,2,2,2,2,2,2,2,2,2,2,2
2 10,4,3,3,3,3,2,2,2,2,2,2,2,2,2
2 10,4,3,3,3,3,2,2,2,2,2,2,2,2,2,2
2 10,4,3,3,3,3,3,2,2,2,2,2,2,2,2,2,2,2,2,2
2 10,4,3,3,3,3,3,2,2,2,2,2,2,2,2,2,2,2,2,2,2,2
2 10,4,3,3,3,3,3,2,2,2,2,2,2,2,2,2,2,2,2,2,2,2,2
2 10,4,3,3,3,3,3,3,2,2,2,2,2,2,2,2,2,2,2,2,2,2,2
2 10,4,3,3,3,3,3,3,2,2,2,2,2,2,2,2,2,2,2,2,2,2,2,2
2 10,4,4,3,3,2,2,2,2,2,2,2,2,2,2
2 10,4,4,3,3,3,2,2,2,2,2,2,2,2
2 10,4,4,3,3,3,3,2,2,2,2,2,2,2,2,2,2,2,2,2,2,2,2
2 10,4,4,3,3,3,3,2,2,2,2,2,2,2,2,2,2,2,2,2,2,2,2,2
2 10,4,4,3,3,3,3,3,2,2,2,2,2,2,2,2,2,2,2,2,2,2
2 10,4,4,3,3,3,3,3,2,2,2,2,2,2,2,2,2,2,2,2,2,2,2,2
2 10,4,4,3,3,3,3,3,3,3,2,2,2,2,2,2,2,2,2,2,2,2,2
2 10,4,4,4,3,3,3,2,2,2,2,2,2,2,2,2,2,2,2,2,2,2,2
2 10,4,4,4,3,3,3,3,2,2,2,2,2,2,2,2,2,2,2,2,2,2,2
2 10,4,4,4,3,3,3,3,3,3,3,2,2,2,2,2,2,2,2,2,2
2 10,4,4,4,4,3,3,3,2,2,2,2,2,2,2,2,2,2,2,2,2,2
2 11,3,2,2,2,2,2,2,2,2,2
2 11,3,2,2,2,2,2,2,2,2,2,2,2
2 11,3,2,2,2,2,2,2,2,2,2,2,2,2,2,2
2 11,3,3,2,2,2,2,2,2,2,2,2
2 11,3,3,2,2,2,2,2,2,2,2,2,2
2 11,3,3,3,3,3,2,2,2,2,2,2,2,2,2,2,2,2,2
2 11,3,3,3,3,3,3,2,2,2,2,2,2,2,2,2,2,2,2,2,2,2,2
2 11,4,3,3,2,2,2,2,2,2,2,2,2,2,2
2 11,4,3,3,3,2,2,2,2,2,2,2,2,2,2
2 11,4,3,3,3,3,2,2,2,2,2,2,2,2
2 11,4,3,3,3,3,2,2,2,2,2,2,2,2,2,2,2,2
2 11,4,3,3,3,3,2,2,2,2,2,2,2,2,2,2,2,2,2,2,2,2,2,2
2 11,4,3,3,3,3,3,2,2,2,2,2,2,2,2,2
2 11,4,3,3,3,3,3,2,2,2,2,2,2,2,2,2,2,2,2,2,2,2,2
2 11,4,3,3,3,3,3,3,3,2,2,2,2,2,2,2,2,2,2,2,2
2 11,4,3,3,3,3,3,3,3,2,2,2,2,2,2,2,2,2,2,2,2,2
2 11,4,4,3,3,2,2,2,2,2,2,2,2,2
2 11,4,4,3,3,3,2,2,2,2,2,2,2,2,2,2,2,2,2,2,2,2
2 11,4,4,3,3,3,3,2,2,2,2,2,2,2,2,2,2,2,2,2,2
2 11,4,4,3,3,3,3,2,2,2,2,2,2,2,2,2,2,2,2,2,2,2,2
2 11,4,4,3,3,3,3,3,3,2,2,2,2,2,2,2,2,2,2,2
2 11,4,4,4,3,3,3,3,2,2,2,2,2,2,2,2,2,2,2,2,2,2
2 11,5,4,4,3,3,3,3,2,2,2,2,2,2,2,2,2,2,2,2,2,2,2,2,2
2 12,3,3,3,2,2,2,2,2,2,2,2,2
2 12,3,3,3,2,2,2,2,2,2,2,2,2,2
2 12,4,3,3,3,3,3,2,2,2,2,2,2,2,2,2,2,2,2,2,2
2 12,4,4,3,3,3,2,2,2,2,2,2,2,2,2,2,2,2,2,2,2,2,2
2 12,4,4,4,3,3,3,3,2,2,2,2,2,2,2,2,2,2,2,2
2 13,3,3,3,2,2,2,2,2,2,2,2,2,2,2,2,2,2,2,2,2,2,2,2,2,2
2 13,3,3,3,2,2,2,2,2,2,2,2,2,2,2,2,2,2,2,2,2,2,2,2,2,2,2
2 13,3,3,3,3,2,2,2,2,2,2,2,2,2,2,2,2,2,2,2,2,2,2,2,2
2 13,3,3,3,3,2,2,2,2,2,2,2,2,2,2,2,2,2,2,2,2,2,2,2,2,2,2
2 13,3,3,3,3,3,3,3,2,2,2,2,2,2,2,2,2,2,2,2,2,2,2,2,2,2
2 13,3,3,3,3,3,3,3,3,2,2,2,2,2,2,2,2,2,2,2,2,2,2,2,2
2 13,4,3,3,2,2,2,2,2,2,2,2,2,2,2,2,2,2,2,2,2,2,2,2,2,2,2,2
2 13,4,3,3,3,2,2,2,2,2,2,2,2,2,2,2,2,2,2,2,2,2,2
2 13,4,3,3,3,3,2,2,2,2,2,2,2,2,2,2,2,2,2,2,2,2,2
2 13,4,3,3,3,3,2,2,2,2,2,2,2,2,2,2,2,2,2,2,2,2,2,2,2,2,2,2
2 13,4,3,3,3,3,3,2,2,2,2,2,2,2,2,2,2,2,2,2,2,2,2,2,2,2,2
2 13,4,4,3,3,2,2,2,2,2,2,2,2,2,2,2,2,2,2,2,2,2,2,2
2 13,4,4,3,3,2,2,2,2,2,2,2,2,2,2,2,2,2,2,2,2,2,2,2,2
2 13,4,4,3,3,2,2,2,2,2,2,2,2,2,2,2,2,2,2,2,2,2,2,2,2,2,2
2 13,4,4,3,3,3,2,2,2,2,2,2,2,2,2,2,2,2,2,2,2
2 13,4,4,3,3,3,2,2,2,2,2,2,2,2,2,2,2,2,2,2,2,2,2,2,2,2,2
2 13,4,4,3,3,3,2,2,2,2,2,2,2,2,2,2,2,2,2,2,2,2,2,2,2,2,2,2
2 13,4,4,3,3,3,3,2,2,2,2,2,2,2,2,2,2,2,2,2,2
2 13,4,4,3,3,3,3,2,2,2,2,2,2,2,2,2,2,2,2,2,2,2
2 13,4,4,3,3,3,3,2,2,2,2,2,2,2,2,2,2,2,2,2,2,2,2
2 13,4,4,3,3,3,3,2,2,2,2,2,2,2,2,2,2,2,2,2,2,2,2,2,2,2,2
2 13,4,4,3,3,3,3,3,2,2,2,2,2,2,2,2,2,2,2,2,2
2 13,4,4,4,3,3,2,2,2,2,2,2,2,2,2,2,2,2,2,2,2,2,2,2
2 13,4,4,4,3,3,3,2,2,2,2,2,2,2,2,2,2,2,2,2,2
2 13,4,4,4,3,3,3,2,2,2,2,2,2,2,2,2,2,2,2,2,2,2,2
2 13,5,4,3,3,2,2,2,2,2,2,2,2,2,2,2,2,2,2,2,2,2,2,2,2
2 13,5,4,3,3,3,3,2,2,2,2,2,2,2,2,2,2,2,2,2,2,2,2
2 13,5,4,3,3,3,3,2,2,2,2,2,2,2,2,2,2,2,2,2,2,2,2,2
2 13,5,5,4,4,3,3,3,3,3,3,2,2,2,2,2,2,2,2,2,2,2,2,2,2,2
2 14,3,3,3,3,3,2,2,2,2,2,2,2,2,2,2,2,2,2,2
2 14,4,3,3,3,3,2,2,2,2,2,2,2,2,2,2,2,2,2,2,2,2
2 14,4,3,3,3,3,3,2,2,2,2,2,2,2,2,2,2,2,2,2,2
2 14,4,3,3,3,3,3,3,2,2,2,2,2,2,2,2,2,2,2,2
2 14,4,4,3,3,3,3,2,2,2,2,2,2,2,2,2,2,2,2,2
2 14,4,4,4,3,3,2,2,2,2,2,2,2,2,2,2,2,2,2,2
2 15,3,3,3,3,3,2,2,2,2,2,2,2,2,2,2,2,2,2
2 15,4,3,3,3,2,2,2,2,2,2,2,2,2,2,2,2,2,2,2
2 15,4,3,3,3,3,2,2,2,2,2,2,2,2,2,2,2,2,2
2 15,4,3,3,3,3,3,2,2,2,2,2,2,2,2,2,2,2
2 15,4,4,4,3,3,2,2,2,2,2,2,2,2,2,2,2,2,2
1 2,2,2,2,2,2,2,2
1 2,2,2,2,2,2,2,2,2,2,2,2,2,2,2,2,2,2
1 2,2,2,2,2,2,2,2,2,2,2,2,2,2,2,2,2,2,2
1 2,2,2,2,2,2,2,2,2,2,2,2,2,2,2,2,2,2,2,2
1 3,2,2,2,2,2
1 3,2,2,2,2,2,2,2,2,2,2,2,2,2,2,2,2,2,2,2,2
1 3,3,2,2,2,2,2,2,2,2,2,2,2,2,2,2,2,2,2,2,2
1 3,3,2,2,2,2,2,2,2,2,2,2,2,2,2,2,2,2,2,2,2,2
1 3,3,3,2,2,2,2
1 3,3,3,2,2,2,2,2,2,2,2,2,2,2,2,2,2,2,2,2,2,2,2
1 3,3,3,3,2,2,2,2,2,2,2,2,2,2,2,2,2,2,2,2,2,2
1 3,3,3,3,3,2,2,2
1 3,3,3,3,3,3,2,2,2
1 3,3,3,3,3,3,3,2,2,2,2,2
1 3,3,3,3,3,3,3,3,2,2,2,2,2,2,2,2,2,2,2,2
1 3,3,3,3,3,3,3,3,3,2,2,2,2,2
1 3,3,3,3,3,3,3,3,3,2,2,2,2,2,2
1 4,2,2,2,2,2,2
1 4,2,2,2,2,2,2,2,2,2,2,2,2,2,2,2,2,2,2,2,2
1 4,3,3,2,2,2,2,2,2,2,2,2,2,2,2,2,2,2,2,2,2,2
1 4,3,3,3,2,2,2,2,2,2,2,2,2,2,2,2,2,2,2,2,2
1 4,3,3,3,2,2,2,2,2,2,2,2,2,2,2,2,2,2,2,2,2,2
1 4,3,3,3,3,2,2,2,2,2,2,2,2,2,2,2,2,2,2,2,2
1 4,3,3,3,3,2,2,2,2,2,2,2,2,2,2,2,2,2,2,2,2,2
1 4,3,3,3,3,3,3,2,2,2,2,2,2,2,2,2,2,2,2,2,2
1 4,3,3,3,3,3,3,3,3,2,2,2
1 4,3,3,3,3,3,3,3,3,3,2,2,2
1 4,3,3,3,3,3,3,3,3,3,2,2,2,2,2
1 4,4,2,2,2,2,2,2,2,2,2,2,2,2,2,2,2,2,2
1 4,4,3,2,2,2,2,2,2
1 4,4,3,3,2,2,2,2
1 4,4,3,3,3,2,2,2,2
1 4,4,3,3,3,2,2,2,2,2,2,2,2,2,2,2,2,2,2,2,2
1 4,4,3,3,3,3,2,2,2,2,2,2,2,2,2,2,2,2,2,2
1 4,4,3,3,3,3,3,2,2,2,2,2,2,2,2,2,2,2,2,2
1 4,4,3,3,3,3,3,3,3,2,2,2,2
1 4,4,3,3,3,3,3,3,3,2,2,2,2,2,2,2,2,2,2
1 4,4,3,3,3,3,3,3,3,3,2,2,2,2,2
1 4,4,3,3,3,3,3,3,3,3,2,2,2,2,2,2
1 4,4,3,3,3,3,3,3,3,3,2,2,2,2,2,2,2,2
1 4,4,3,3,3,3,3,3,3,3,3,2,2,2,2,2,2,2
1 4,4,4,2,2,2,2,2,2,2
1 4,4,4,3,2,2,2,2
1 4,4,4,3,2,2,2,2,2
1 4,4,4,3,3,2,2,2
1 4,4,4,3,3,3,2,2,2,2,2,2,2,2,2,2,2,2,2,2
1 4,4,4,3,3,3,3,2,2,2,2
1 4,4,4,3,3,3,3,3,3,2,2,2,2,2,2
1 4,4,4,3,3,3,3,3,3,3,2,2,2,2,2
1 4,4,4,4,2,2,2,2,2,2,2
1 4,4,4,4,2,2,2,2,2,2,2,2
1 4,4,4,4,2,2,2,2,2,2,2,2,2,2
1 4,4,4,4,3,2,2,2,2,2,2
1 4,4,4,4,3,2,2,2,2,2,2,2,2,2,2,2,2,2
1 4,4,4,4,3,3,2,2,2,2,2,2
1 4,4,4,4,3,3,3,2,2,2,2,2
1 4,4,4,4,3,3,3,2,2,2,2,2,2,2,2,2,2,2
1 4,4,4,4,3,3,3,3,3,2,2,2,2
1 4,4,4,4,3,3,3,3,3,2,2,2,2,2,2
1 4,4,4,4,3,3,3,3,3,3,2,2,2,2
1 4,4,4,4,3,3,3,3,3,3,2,2,2,2,2
1 4,4,4,4,4,3,2,2,2,2,2,2,2,2
1 4,4,4,4,4,3,3,2,2,2,2,2,2,2
1 4,4,4,4,4,3,3,3,2,2,2,2,2,2,2
1 4,4,4,4,4,3,3,3,2,2,2,2,2,2,2,2
1 4,4,4,4,4,3,3,3,3,2,2,2,2,2,2,2
1 4,4,4,4,4,3,3,3,3,3,2,2,2,2
1 5,2,2,2,2,2,2,2,2
1 5,2,2,2,2,2,2,2,2,2,2,2,2,2,2,2,2,2,2,2
1 5,3,3,2,2,2,2
1 5,3,3,3,2,2,2
1 5,3,3,3,3,3,2,2,2,2,2
1 5,3,3,3,3,3,2,2,2,2,2,2,2,2,2,2,2,2,2,2
1 5,3,3,3,3,3,3,2,2,2,2
1 5,3,3,3,3,3,3,2,2,2,2,2,2,2,2,2,2,2,2,2
1 5,3,3,3,3,3,3,3,2,2,2,2
1 5,3,3,3,3,3,3,3,3,2,2,2,2
1 5,3,3,3,3,3,3,3,3,2,2,2,2,2,2,2
1 5,4,2,2,2,2,2,2,2,2,2,2,2,2,2,2,2,2,2
1 5,4,3,2,2,2,2,2
1 5,4,3,2,2,2,2,2,2
1 5,4,3,2,2,2,2,2,2,2,2,2,2,2,2,2,2,2,2,2
1 5,4,3,3,2,2,2,2,2
1 5,4,3,3,3,2,2,2,2
1 5,4,3,3,3,3,3,3,3,2,2,2,2,2
1 5,4,3,3,3,3,3,3,3,3,2,2,2
1 5,4,4,2,2,2,2,2,2,2,2
1 5,4,4,2,2,2,2,2,2,2,2,2
1 5,4,4,2,2,2,2,2,2,2,2,2,2,2,2,2,2,2
1 5,4,4,3,2,2,2,2,2
1 5,4,4,3,2,2,2,2,2,2
1 5,4,4,3,2,2,2,2,2,2,2,2,2,2,2,2,2,2,2
1 5,4,4,3,3,3,2,2,2,2,2
1 5,4,4,3,3,3,2,2,2,2,2,2,2,2,2,2,2,2,2
1 5,4,4,3,3,3,3,3,3,2,2,2,2,2
1 5,4,4,3,3,3,3,3,3,3,2,2,2,2,2,2
1 5,4,4,4,2,2,2,2,2,2,2,2,2,2,2,2,2,2
1 5,4,4,4,3,2,2,2,2,2,2,2,2,2,2,2,2,2
1 5,4,4,4,3,3,2,2,2,2,2,2
1 5,4,4,4,3,3,3,2,2,2
1 5,4,4,4,3,3,3,2,2,2,2,2,2,2,2,2,2,2
1 5,4,4,4,3,3,3,3,2,2,2,2,2,2,2,2,2
1 5,4,4,4,3,3,3,3,2,2,2,2,2,2,2,2,2,2
1 5,4,4,4,3,3,3,3,3,2,2,2
1 5,4,4,4,3,3,3,3,3,2,2,2,2
1 5,4,4,4,3,3,3,3,3,2,2,2,2,2,2,2,2
1 5,4,4,4,4,3,2,2,2,2,2,2,2,2,2
1 5,4,4,4,4,3,3,2,2,2,2,2,2
1 5,4,4,4,4,3,3,2,2,2,2,2,2,2,2
1 5,4,4,4,4,3,3,2,2,2,2,2,2,2,2,2,2
1 5,4,4,4,4,3,3,3,2,2,2,2
1 5,4,4,4,4,3,3,3,2,2,2,2,2,2
1 5,4,4,4,4,3,3,3,2,2,2,2,2,2,2
1 5,4,4,4,4,3,3,3,2,2,2,2,2,2,2,2
1 5,4,4,4,4,3,3,3,2,2,2,2,2,2,2,2,2
1 5,4,4,4,4,3,3,3,3,2,2,2,2
1 5,4,4,4,4,3,3,3,3,3,2,2,2
1 5,5,2,2,2,2,2,2,2,2,2,2,2
1 5,5,2,2,2,2,2,2,2,2,2,2,2,2,2,2,2
1 5,5,3,2,2,2,2,2,2
1 5,5,3,3,2,2,2,2,2
1 5,5,3,3,2,2,2,2,2,2
1 5,5,3,3,2,2,2,2,2,2,2,2,2,2,2,2,2,2,2
1 5,5,3,3,3,3,2,2,2,2,2
1 5,5,3,3,3,3,3,2,2,2,2,2,2,2,2,2,2
1 5,5,3,3,3,3,3,3,2,2,2,2,2
1 5,5,3,3,3,3,3,3,2,2,2,2,2,2,2
1 5,5,3,3,3,3,3,3,2,2,2,2,2,2,2,2,2
1 5,5,3,3,3,3,3,3,3,2,2,2,2
1 5,5,3,3,3,3,3,3,3,2,2,2,2,2
1 5,5,4,2,2,2,2,2,2,2,2
1 5,5,4,2,2,2,2,2,2,2,2,2,2
1 5,5,4,2,2,2,2,2,2,2,2,2,2,2
1 5,5,4,2,2,2,2,2,2,2,2,2,2,2,2,2,2,2
1 5,5,4,3,2,2,2,2,2
1 5,5,4,3,2,2,2,2,2,2,2
1 5,5,4,3,3,2,2,2,2,2,2
1 5,5,4,3,3,3,2,2,2,2
1 5,5,4,3,3,3,2,2,2,2,2,2
1 5,5,4,3,3,3,3,2,2,2,2,2
1 5,5,4,3,3,3,3,2,2,2,2,2,2,2,2,2,2,2
1 5,5,4,3,3,3,3,3,2,2,2,2,2,2
1 5,5,4,3,3,3,3,3,3,2,2,2,2,2
1 5,5,4,3,3,3,3,3,3,3,3,3,3,3,3,3,3,2,2,2,2,2,2,2,2,2,2,2,2,2,2,2,2,2,2,2,2,2,2,2,2
1 5,5,4,4,2,2,2,2,2,2,2,2,2,2,2,2
1 5,5,4,4,3,2,2,2,2,2,2,2,2,2,2,2
1 5,5,4,4,3,3,3,3,3,3,2,2,2
1 5,5,4,4,3,3,3,3,3,3,3,3,3,3,3,3,3,2,2,2,2,2,2,2,2,2,2,2,2,2,2,2,2,2,2,2,2,2,2,2,2
1 5,5,4,4,4,2,2,2,2,2,2,2,2,2,2
1 5,5,4,4,4,3,3,3,2,2,2,2,2,2
1 5,5,4,4,4,3,3,3,3,3,3,3,3,3,2,2,2,2,2,2,2,2,2,2,2,2,2,2,2,2,2,2,2,2,2,2,2,2,2,2,2,2
1 5,5,5,3,3,2,2,2,2,2,2,2,2,2,2
1 5,5,5,3,3,3,3,3,3,3,3,2,2,2,2,2,2,2,2,2,2,2,2,2,2,2,2,2,2,2,2,2,2,2,2,2
1 5,5,5,3,3,3,3,3,3,3,3,3,3,2,2,2,2,2,2,2,2,2,2,2,2,2,2,2,2,2,2,2,2,2,2,2
1 5,5,5,3,3,3,3,3,3,3,3,3,3,3,3,2,2,2,2,2,2,2,2,2,2,2,2,2,2,2,2,2,2
1 5,5,5,3,3,3,3,3,3,3,3,3,3,3,3,2,2,2,2,2,2,2,2,2,2,2,2,2,2,2,2,2,2,2
1 5,5,5,4,3,3,3,3,2,2,2,2,2,2,2
1 5,5,5,4,3,3,3,3,3,3,3,2,2,2,2,2,2,2,2,2,2,2,2,2,2,2,2,2,2,2,2,2,2,2,2,2
1 5,5,5,4,3,3,3,3,3,3,3,3,2,2,2,2,2,2,2,2,2,2,2,2,2,2,2,2,2,2,2,2,2,2
1 5,5,5,4,3,3,3,3,3,3,3,3,2,2,2,2,2,2,2,2,2,2,2,2,2,2,2,2,2,2,2,2,2,2,2,2
1 5,5,5,4,3,3,3,3,3,3,3,3,2,2,2,2,2,2,2,2,2,2,2,2,2,2,2,2,2,2,2,2,2,2,2,2,2
1 5,5,5,4,3,3,3,3,3,3,3,3,3,2,2,2,2,2,2,2,2,2,2,2,2,2,2,2,2,2,2,2,2,2,2
1 5,5,5,4,3,3,3,3,3,3,3,3,3,2,2,2,2,2,2,2,2,2,2,2,2,2,2,2,2,2,2,2,2,2,2,2
1 5,5,5,4,3,3,3,3,3,3,3,3,3,3,2,2,2,2,2,2,2,2,2,2,2,2,2,2,2,2,2,2,2,2
1 5,5,5,4,3,3,3,3,3,3,3,3,3,3,2,2,2,2,2,2,2,2,2,2,2,2,2,2,2,2,2,2,2,2,2,2
1 5,5,5,4,3,3,3,3,3,3,3,3,3,3,2,2,2,2,2,2,2,2,2,2,2,2,2,2,2,2,2,2,2,2,2,2,2
1 5,5,5,4,3,3,3,3,3,3,3,3,3,3,3,2,2,2,2,2,2,2,2,2,2,2,2,2,2,2,2,2,2,2,2,2
1 5,5,5,4,4,3,3,3,3,3,3,2,2,2,2,2,2,2,2,2,2,2,2,2,2,2,2,2,2,2,2,2,2,2
1 5,5,5,4,4,3,3,3,3,3,3,2,2,2,2,2,2,2,2,2,2,2,2,2,2,2,2,2,2,2,2,2,2,2,2
1 5,5,5,4,4,3,3,3,3,3,3,2,2,2,2,2,2,2,2,2,2,2,2,2,2,2,2,2,2,2,2,2,2,2,2,2,2
1 5,5,5,4,4,3,3,3,3,3,3,3,3,2,2,2,2,2,2,2,2,2,2,2,2,2,2,2,2,2,2,2,2,2
1 5,5,5,4,4,3,3,3,3,3,3,3,3,2,2,2,2,2,2,2,2,2,2,2,2,2,2,2,2,2,2,2,2,2,2
1 5,5,5,4,4,3,3,3,3,3,3,3,3,2,2,2,2,2,2,2,2,2,2,2,2,2,2,2,2,2,2,2,2,2,2,2
1 5,5,5,4,4,3,3,3,3,3,3,3,3,2,2,2,2,2,2,2,2,2,2,2,2,2,2,2,2,2,2,2,2,2,2,2,2
1 5,5,5,4,4,3,3,3,3,3,3,3,3,2,2,2,2,2,2,2,2,2,2,2,2,2,2,2,2,2,2,2,2,2,2,2,2,2,2,2,2,2
1 5,5,5,4,4,3,3,3,3,3,3,3,3,3,2,2,2,2,2,2,2,2,2,2,2,2,2,2,2,2,2,2,2
1 5,5,5,4,4,4,3,3,3,3,3,2,2,2,2,2,2,2,2,2,2,2,2,2,2,2,2,2,2,2,2,2,2,2,2
1 5,5,5,4,4,4,3,3,3,3,3,3,3,2,2,2,2,2,2,2,2,2,2,2,2,2,2,2,2,2,2,2,2,2,2
1 5,5,5,4,4,4,3,3,3,3,3,3,3,3,2,2,2,2,2,2,2,2,2,2,2,2,2,2,2,2,2,2
1 5,5,5,4,4,4,3,3,3,3,3,3,3,3,3,2,2,2,2,2,2,2,2,2,2,2,2,2,2,2,2,2,2,2,2
1 5,5,5,4,4,4,4,3,3,3,3,3,2,2,2,2,2,2,2,2,2,2,2,2,2,2,2,2,2,2,2,2,2,2,2,2
1 5,5,5,4,4,4,4,3,3,3,3,3,3,3,2,2,2,2,2,2,2,2,2,2,2,2,2,2,2,2,2,2,2,2
1 5,5,5,4,4,4,4,3,3,3,3,3,3,3,3,2,2,2,2,2,2,2,2,2,2,2,2,2,2,2,2,2,2,2
1 5,5,5,5,4,4,3,3,3,3,3,3,2,2,2,2,2,2,2,2,2,2,2,2,2,2,2,2,2,2,2,2,2,2,2
1 5,5,5,5,4,4,4,3,3,3,3,3,3,2,2,2,2,2,2,2,2,2,2,2,2,2,2,2,2,2,2,2,2
1 6,2,2,2,2,2,2,2,2,2
1 6,2,2,2,2,2,2,2,2,2,2,2,2,2,2,2,2,2
1 6,2,2,2,2,2,2,2,2,2,2,2,2,2,2,2,2,2,2
1 6,3,2,2,2,2,2,2,2
1 6,3,2,2,2,2,2,2,2,2,2,2,2,2,2,2,2,2,2
1 6,3,2,2,2,2,2,2,2,2,2,2,2,2,2,2,2,2,2,2
1 6,3,3,2,2,2,2,2,2
1 6,3,3,3,2,2,2,2
1 6,3,3,3,2,2,2,2,2
1 6,3,3,3,2,2,2,2,2,2
1 6,3,3,3,3,3,3,3,2,2,2,2,2
1 6,3,3,3,3,3,3,3,2,2,2,2,2,2,2
1 6,3,3,3,3,3,3,3,2,2,2,2,2,2,2,2,2,2,2
1 6,3,3,3,3,3,3,3,3,2,2,2,2,2
1 6,3,3,3,3,3,3,3,3,2,2,2,2,2,2,2
1 6,3,3,3,3,3,3,3,3,2,2,2,2,2,2,2,2,2
1 6,4,2,2,2,2,2,2,2,2,2,2,2,2
1 6,4,3,2,2,2,2,2
1 6,4,3,2,2,2,2,2,2
1 6,4,3,2,2,2,2,2,2,2,2,2,2,2,2,2,2,2
1 6,4,3,3,2,2,2,2,2,2,2,2,2,2,2,2,2,2,2
1 6,4,3,3,3,2,2,2,2
1 6,4,3,3,3,3,3,2,2,2,2,2,2,2,2,2,2,2,2
1 6,4,3,3,3,3,3,3,3,2,2,2,2
1 6,4,3,3,3,3,3,3,3,2,2,2,2,2
1 6,4,4,2,2,2,2,2,2,2,2,2
1 6,4,4,2,2,2,2,2,2,2,2,2,2,2,2
1 6,4,4,2,2,2,2,2,2,2,2,2,2,2,2,2
1 6,4,4,2,2,2,2,2,2,2,2,2,2,2,2,2,2,2
1 6,4,4,3,2,2,2,2,2,2,2
1 6,4,4,3,2,2,2,2,2,2,2,2,2,2,2,2
1 6,4,4,3,2,2,2,2,2,2,2,2,2,2,2,2,2,2
1 6,4,4,3,3,2,2,2,2
1 6,4,4,3,3,3,3,2,2,2,2
1 6,4,4,3,3,3,3,2,2,2,2,2,2
1 6,4,4,3,3,3,3,3,3,2,2,2,2,2
1 6,4,4,3,3,3,3,3,3,2,2,2,2,2,2
1 6,4,4,3,3,3,3,3,3,2,2,2,2,2,2,2,2
1 6,4,4,4,2,2,2,2,2,2,2,2,2
1 6,4,4,4,2,2,2,2,2,2,2,2,2,2
1 6,4,4,4,3,2,2,2,2,2
1 6,4,4,4,3,2,2,2,2,2,2,2,2,2,2
1 6,4,4,4,3,2,2,2,2,2,2,2,2,2,2,2
1 6,4,4,4,3,3,2,2,2,2,2,2
1 6,4,4,4,3,3,3,2,2,2,2,2,2
1 6,4,4,4,3,3,3,2,2,2,2,2,2,2,2
1 6,4,4,4,3,3,3,2,2,2,2,2,2,2,2,2
1 6,4,4,4,3,3,3,3,2,2,2,2
1 6,4,4,4,3,3,3,3,2,2,2,2,2,2
1 6,4,4,4,3,3,3,3,3,2,2,2
1 6,4,4,4,3,3,3,3,3,2,2,2,2
1 6,4,4,4,3,3,3,3,3,2,2,2,2,2,2
1 6,4,4,4,4,2,2,2,2,2,2,2,2,2,2,2
1 6,4,4,4,4,3,3,2,2,2,2,2
1 6,4,4,4,4,3,3,2,2,2,2,2,2,2
1 6,4,4,4,4,3,3,2,2,2,2,2,2,2,2,2
1 6,5,2,2,2,2,2,2,2,2,2,2
1 6,5,3,2,2,2,2,2,2,2
1 6,5,3,2,2,2,2,2,2,2,2
1 6,5,3,2,2,2,2,2,2,2,2,2
1 6,5,3,3,2,2,2,2,2,2
1 6,5,3,3,2,2,2,2,2,2,2,2,2,2,2,2,2,2
1 6,5,3,3,3,2,2,2,2,2,2
1 6,5,3,3,3,2,2,2,2,2,2,2,2,2,2,2,2
1 6,5,3,3,3,2,2,2,2,2,2,2,2,2,2,2,2,2
1 6,5,3,3,3,3,3,2,2,2,2,2,2,2,2,2
1 6,5,3,3,3,3,3,2,2,2,2,2,2,2,2,2,2
1 6,5,3,3,3,3,3,3,2,2,2,2,2,2
1 6,5,4,2,2,2,2,2,2,2,2,2,2
1 6,5,4,2,2,2,2,2,2,2,2,2,2,2,2,2,2
1 6,5,4,3,2,2,2,2,2,2
1 6,5,4,3,2,2,2,2,2,2,2
1 6,5,4,3,2,2,2,2,2,2,2,2,2,2,2
1 6,5,4,3,3,2,2,2,2,2,2,2,2,2,2,2,2
1 6,5,4,3,3,3,2,2,2,2,2,2,2,2,2,2,2
1 6,5,4,3,3,3,3,2,2,2,2,2,2
1 6,5,4,3,3,3,3,2,2,2,2,2,2,2,2,2
1 6,5,4,3,3,3,3,3,2,2,2
1 6,5,4,3,3,3,3,3,2,2,2,2,2,2
1 6,5,4,4,2,2,2,2,2,2,2,2
1 6,5,4,4,3,2,2,2,2,2,2,2,2,2
1 6,5,4,4,3,3,2,2,2,2,2
1 6,5,4,4,3,3,2,2,2,2,2,2
1 6,5,4,4,3,3,2,2,2,2,2,2,2,2,2
1 6,5,4,4,3,3,3,3,2,2,2,2,2
1 6,5,5,3,3,2,2,2,2,2,2,2,2,2
1 6,5,5,3,3,3,3,2,2,2,2,2,2
1 6,5,5,3,3,3,3,2,2,2,2,2,2,2,2
1 6,5,5,4,2,2,2,2,2,2,2,2,2,2
1 6,6,3,2,2,2,2,2,2,2
1 6,6,3,2,2,2,2,2,2,2,2,2
1 6,6,3,2,2,2,2,2,2,2,2,2,2,2,2
1 6,6,3,3,2,2,2,2,2,2,2,2
1 6,6,3,3,2,2,2,2,2,2,2,2,2
1 6,6,3,3,2,2,2,2,2,2,2,2,2,2
1 6,6,3,3,2,2,2,2,2,2,2,2,2,2,2,2
1 6,6,3,3,3,2,2,2,2,2
1 6,6,3,3,3,2,2,2,2,2,2,2,2,2,2
1 6,6,3,3,3,2,2,2,2,2,2,2,2,2,2,2
1 6,6,3,3,3,3,3,2,2,2,2,2
1 6,6,4,3,2,2,2,2,2,2,2,2,2,2
1 6,6,4,3,3,2,2,2,2,2,2,2,2
1 6,6,4,4,3,2,2,2,2,2,2,2,2,2
1 7,2,2,2,2,2,2,2,2,2
1 7,2,2,2,2,2,2,2,2,2,2
1 7,3,2,2,2,2,2,2,2,2,2
1 7,3,3,2,2,2,2,2,2,2,2,2,2,2,2,2,2,2,2
1 7,3,3,3,2,2,2,2,2
1 7,3,3,3,2,2,2,2,2,2,2,2,2,2,2,2,2,2,2
1 7,3,3,3,2,2,2,2,2,2,2,2,2,2,2,2,2,2,2,2
1 7,3,3,3,3,2,2,2,2
1 7,3,3,3,3,3,2,2,2,2,2
1 7,3,3,3,3,3,3,2,2,2,2
1 7,3,3,3,3,3,3,2,2,2,2,2,2,2,2,2,2
1 7,3,3,3,3,3,3,3,2,2,2,2,2,2,2
1 7,3,3,3,3,3,3,3,2,2,2,2,2,2,2,2,2,2
1 7,3,3,3,3,3,3,3,3,2,2,2,2,2,2,2,2
1 7,4,2,2,2,2,2,2,2,2,2,2,2,2
1 7,4,2,2,2,2,2,2,2,2,2,2,2,2,2
1 7,4,2,2,2,2,2,2,2,2,2,2,2,2,2,2
1 7,4,2,2,2,2,2,2,2,2,2,2,2,2,2,2,2,2
1 7,4,2,2,2,2,2,2,2,2,2,2,2,2,2,2,2,2,2
1 7,4,3,2,2,2,2,2,2
1 7,4,3,2,2,2,2,2,2,2
1 7,4,3,2,2,2,2,2,2,2,2
1 7,4,3,2,2,2,2,2,2,2,2,2,2,2,2,2,2,2
1 7,4,3,3,3,3,3,2,2,2,2,2
1 7,4,3,3,3,3,3,2,2,2,2,2,2,2,2,2,2,2,2
1 7,4,3,3,3,3,3,3,2,2,2
1 7,4,3,3,3,3,3,3,2,2,2,2,2,2,2,2
1 7,4,4,2,2,2,2,2,2,2,2,2,2
1 7,4,4,2,2,2,2,2,2,2,2,2,2,2
1 7,4,4,2,2,2,2,2,2,2,2,2,2,2,2
1 7,4,4,3,2,2,2,2,2,2,2
1 7,4,4,3,3,3,2,2,2,2,2,2,2,2,2,2,2,2,2
1 7,4,4,3,3,3,3,2,2,2,2,2
1 7,4,4,3,3,3,3,2,2,2,2,2,2
1 7,4,4,3,3,3,3,2,2,2,2,2,2,2,2,2,2,2,2
1 7,4,4,3,3,3,3,3,2,2,2,2,2
1 7,4,4,3,3,3,3,3,2,2,2,2,2,2
1 7,4,4,3,3,3,3,3,2,2,2,2,2,2,2
1 7,4,4,3,3,3,3,3,2,2,2,2,2,2,2,2,2
1 7,4,4,3,3,3,3,3,3,2,2,2,2,2,2,2
1 7,4,4,4,2,2,2,2,2,2,2
1 7,4,4,4,2,2,2,2,2,2,2,2
1 7,4,4,4,3,3,3,2,2,2,2,2,2,2
1 7,4,4,4,3,3,3,2,2,2,2,2,2,2,2
1 7,4,4,4,3,3,3,3,3,2,2,2,2,2
1 7,4,4,4,3,3,3,3,3,2,2,2,2,2,2
1 7,5,2,2,2,2,2,2,2,2,2,2,2
1 7,5,2,2,2,2,2,2,2,2,2,2,2,2
1 7,5,3,2,2,2,2,2,2,2,2
1 7,5,3,2,2,2,2,2,2,2,2,2
1 7,5,3,2,2,2,2,2,2,2,2,2,2,2,2
1 7,5,3,2,2,2,2,2,2,2,2,2,2,2,2,2,2,2
1 7,5,3,3,2,2,2,2,2,2,2,2
1 7,5,3,3,3,3,2,2,2,2,2
1 7,5,3,3,3,3,3,2,2,2,2,2,2
1 7,5,3,3,3,3,3,2,2,2,2,2,2,2
1 7,5,4,2,2,2,2,2,2,2,2,2,2
1 7,5,4,2,2,2,2,2,2,2,2,2,2,2
1 7,5,4,2,2,2,2,2,2,2,2,2,2,2,2
1 7,5,4,3,2,2,2,2,2,2,2,2,2
1 7,5,4,3,3,2,2,2,2,2,2
1 7,5,4,3,3,2,2,2,2,2,2,2,2,2
1 7,5,4,3,3,3,2,2,2,2,2,2,2
1 7,5,4,3,3,3,2,2,2,2,2,2,2,2,2
1 7,5,4,3,3,3,3,2,2,2,2,2,2,2,2
1 7,5,4,3,3,3,3,2,2,2,2,2,2,2,2,2,2
1 7,5,4,3,3,3,3,3,2,2,2,2,2,2
1 7,5,4,4,3,2,2,2,2,2,2,2,2,2,2,2
1 7,5,4,4,3,3,3,2,2,2,2,2,2,2,2,2
1 7,5,4,4,3,3,3,3,3,3,3,3,3,2,2,2,2,2,2,2,2,2,2,2,2,2,2,2,2
1 7,5,5,3,3,3,3,3,3,3,3,3,2,2,2,2,2,2,2,2,2,2,2,2,2,2,2,2,2,2,2,2,2,2,2
1 7,5,5,3,3,3,3,3,3,3,3,3,2,2,2,2,2,2,2,2,2,2,2,2,2,2,2,2,2,2,2,2,2,2,2,2,2
1 7,5,5,3,3,3,3,3,3,3,3,3,3,2,2,2,2,2,2,2,2,2,2,2,2,2,2,2,2
1 7,5,5,3,3,3,3,3,3,3,3,3,3,3,2,2,2,2,2,2,2,2,2,2,2,2,2,2,2,2,2,2,2,2,2
1 7,5,5,4,3,3,3,3,2,2,2,2,2,2,2,2,2,2,2,2,2,2,2,2,2,2,2,2,2,2,2,2,2,2,2,2
1 7,5,5,4,3,3,3,3,3,2,2,2,2,2,2,2,2,2,2,2,2,2,2,2,2,2,2,2,2,2,2
1 7,5,5,4,3,3,3,3,3,3,2,2,2,2,2,2,2,2,2,2,2,2,2,2,2,2,2,2,2,2,2,2,2,2,2,2,2,2
1 7,5,5,4,3,3,3,3,3,3,3,2,2,2,2,2,2,2,2,2,2,2,2,2,2,2,2,2,2
1 7,5,5,4,3,3,3,3,3,3,3,2,2,2,2,2,2,2,2,2,2,2,2,2,2,2,2,2,2,2,2,2,2,2
1 7,5,5,4,3,3,3,3,3,3,3,2,2,2,2,2,2,2,2,2,2,2,2,2,2,2,2,2,2,2,2,2,2,2,2,2,2,2
1 7,5,5,4,3,3,3,3,3,3,3,3,2,2,2,2,2,2,2,2,2,2,2,2,2,2,2,2,2,2,2,2,2,2,2,2
1 7,5,5,4,3,3,3,3,3,3,3,3,3,2,2,2,2,2,2,2,2,2,2,2,2,2,2,2,2
1 7,5,5,4,3,3,3,3,3,3,3,3,3,2,2,2,2,2,2,2,2,2,2,2,2,2,2,2,2,2,2,2,2,2,2,2
1 7,5,5,4,3,3,3,3,3,3,3,3,3,2,2,2,2,2,2,2,2,2,2,2,2,2,2,2,2,2,2,2,2,2,2,2,2
1 7,5,5,4,3,3,3,3,3,3,3,3,3,3,2,2,2,2,2,2,2,2,2,2,2,2,2,2,2
1 7,5,5,4,3,3,3,3,3,3,3,3,3,3,2,2,2,2,2,2,2,2,2,2,2,2,2,2,2,2,2,2,2,2,2
1 7,5,5,4,3,3,3,3,3,3,3,3,3,3,2,2,2,2,2,2,2,2,2,2,2,2,2,2,2,2,2,2,2,2,2,2
1 7,5,5,4,4,3,3,3,3,3,3,3,2,2,2,2,2,2,2,2,2,2,2,2,2,2,2
1 7,5,5,4,4,3,3,3,3,3,3,3,2,2,2,2,2,2,2,2,2,2,2,2,2,2,2,2,2,2,2,2,2
1 7,5,5,4,4,3,3,3,3,3,3,3,2,2,2,2,2,2,2,2,2,2,2,2,2,2,2,2,2,2,2,2,2,2,2,2
1 7,5,5,4,4,3,3,3,3,3,3,3,2,2,2,2,2,2,2,2,2,2,2,2,2,2,2,2,2,2,2,2,2,2,2,2,2
1 7,5,5,4,4,3,3,3,3,3,3,3,3,3,2,2,2,2,2,2,2,2,2,2,2,2,2,2,2,2,2,2,2,2
1 7,5,5,4,4,3,3,3,3,3,3,3,3,3,2,2,2,2,2,2,2,2,2,2,2,2,2,2,2,2,2,2,2,2,2
1 7,5,5,4,4,4,3,3,3,3,3,2,2,2,2,2,2,2,2,2,2,2,2,2,2,2,2,2,2,2,2,2,2,2,2,2
1 7,5,5,5,3,3,3,3,2,2,2,2,2,2,2,2,2,2,2,2,2,2,2,2,2,2,2,2,2,2,2,2,2,2,2,2,2,2,2
1 7,5,5,5,3,3,3,3,3,2,2,2,2,2,2,2,2,2,2,2,2,2,2,2,2,2,2,2,2,2,2,2,2,2,2,2,2
1 7,5,5,5,3,3,3,3,3,3,2,2,2,2,2,2,2,2,2,2,2,2,2,2,2,2,2,2,2,2,2,2,2,2,2
1 7,5,5,5,3,3,3,3,3,3,2,2,2,2,2,2,2,2,2,2,2,2,2,2,2,2,2,2,2,2,2,2,2,2,2,2
1 7,5,5,5,3,3,3,3,3,3,2,2,2,2,2,2,2,2,2,2,2,2,2,2,2,2,2,2,2,2,2,2,2,2,2,2,2
1 7,5,5,5,3,3,3,3,3,3,3,2,2,2,2,2,2,2,2,2,2,2,2,2,2,2,2,2,2,2,2,2,2,2,2
1 7,5,5,5,3,3,3,3,3,3,3,3,2,2,2,2,2,2,2,2,2,2,2,2,2,2,2,2,2,2,2,2,2,2,2,2,2
1 7,5,5,5,3,3,3,3,3,3,3,3,3,2,2,2,2,2,2,2,2,2,2,2,2,2,2,2,2,2,2,2,2,2,2,2
1 7,5,5,5,4,3,3,3,3,2,2,2,2,2,2,2,2,2,2,2,2,2,2,2,2,2,2,2,2,2,2,2,2,2,2
1 7,5,5,5,4,3,3,3,3,3,2,2,2,2,2,2,2,2,2,2,2,2,2,2,2,2,2,2,2,2,2,2,2,2,2,2
1 7,5,5,5,4,3,3,3,3,3,2,2,2,2,2,2,2,2,2,2,2,2,2,2,2,2,2,2,2,2,2,2,2,2,2,2,2
1 7,5,5,5,4,3,3,3,3,3,3,3,2,2,2,2,2,2,2,2,2,2,2,2,2,2,2,2,2,2,2,2,2,2,2
1 7,5,5,5,4,3,3,3,3,3,3,3,2,2,2,2,2,2,2,2,2,2,2,2,2,2,2,2,2,2,2,2,2,2,2,2,2
1 7,5,5,5,4,4,3,3,3,2,2,2,2,2,2,2,2,2,2,2,2,2,2,2,2,2,2,2,2,2,2,2,2
1 7,5,5,5,4,4,3,3,3,3,3,2,2,2,2,2,2,2,2,2,2,2,2,2,2,2,2,2,2,2,2,2,2,2
1 7,5,5,5,4,4,3,3,3,3,3,3,2,2,2,2,2,2,2,2,2,2,2,2,2,2,2,2,2,2,2,2,2,2,2,2
1 7,5,5,5,4,4,3,3,3,3,3,3,3,3,2,2,2,2,2,2,2,2,2,2,2,2,2,2,2,2,2,2,2,2
1 7,5,5,5,5,3,3,3,2,2,2,2,2,2,2,2,2,2,2,2,2,2,2,2,2,2,2,2,2,2,2,2,2,2,2,2
1 7,5,5,5,5,4,4,4,3,3,3,3,3,3,3,3,3,3,3,3,3,2,2,2,2,2,2,2,2,2,2,2,2,2,2,2,2,2,2,2,2,2,2,2,2,2,2,2
1 7,6,2,2,2,2,2,2,2,2,2,2
1 7,6,3,2,2,2,2,2,2,2,2
1 7,6,3,2,2,2,2,2,2,2,2,2,2,2,2
1 7,6,3,2,2,2,2,2,2,2,2,2,2,2,2,2
1 7,6,3,3,3,2,2,2,2,2,2,2,2
1 7,6,3,3,3,2,2,2,2,2,2,2,2,2,2
1 7,6,4,3,2,2,2,2,2,2,2,2,2
1 7,6,4,3,3,2,2,2,2,2,2,2
1 7,6,4,3,3,2,2,2,2,2,2,2,2
1 7,6,4,3,3,3,2,2,2,2,2,2,2,2
1 7,6,5,2,2,2,2,2,2,2,2,2,2
1 7,6,5,5,4,3,3,3,3,3,2,2,2,2,2,2,2,2,2,2,2,2,2,2,2,2,2,2,2,2,2,2,2,2,2,2,2
1 7,6,5,5,5,3,3,3,3,3,2,2,2,2,2,2,2,2,2,2,2,2,2,2,2,2,2,2,2,2,2,2,2,2,2,2,2
1 7,7,3,2,2,2,2,2,2,2,2
1 7,7,3,3,2,2,2,2,2,2,2,2
1 7,7,3,3,2,2,2,2,2,2,2,2,2,2
1 7,7,5,5,5,4,3,3,3,3,3,3,3,3,2,2,2,2,2,2,2,2,2,2,2,2,2,2,2,2,2,2,2,2
1 7,7,5,5,5,4,3,3,3,3,3,3,3,3,2,2,2,2,2,2,2,2,2,2,2,2,2,2,2,2,2,2,2,2,2,2,2
1 7,7,5,5,5,4,3,3,3,3,3,3,3,3,3,2,2,2,2,2,2,2,2,2,2,2,2,2,2,2,2,2,2,2,2
1 7,7,5,5,5,4,3,3,3,3,3,3,3,3,3,2,2,2,2,2,2,2,2,2,2,2,2,2,2,2,2,2,2,2,2,2
1 7,7,5,5,5,4,3,3,3,3,3,3,3,3,3,3,2,2,2,2,2,2,2,2,2,2,2,2,2,2,2,2,2,2,2,2
1 7,7,5,5,5,4,3,3,3,3,3,3,3,3,3,3,3,2,2,2,2,2,2,2,2,2,2,2,2,2,2,2,2
1 7,7,5,5,5,4,3,3,3,3,3,3,3,3,3,3,3,2,2,2,2,2,2,2,2,2,2,2,2,2,2,2,2,2,2
1 7,7,5,5,5,4,3,3,3,3,3,3,3,3,3,3,3,3,3,2,2,2,2,2,2,2,2,2,2,2,2,2
1 7,7,5,5,5,4,4,3,3,3,3,3,3,3,2,2,2,2,2,2,2,2,2,2,2,2,2,2,2,2,2,2,2
1 7,7,5,5,5,4,4,3,3,3,3,3,3,3,2,2,2,2,2,2,2,2,2,2,2,2,2,2,2,2,2,2,2,2
1 7,7,5,5,5,4,4,3,3,3,3,3,3,3,2,2,2,2,2,2,2,2,2,2,2,2,2,2,2,2,2,2,2,2,2
1 7,7,5,5,5,4,4,3,3,3,3,3,3,3,3,3,3,2,2,2,2,2,2,2,2,2,2,2,2,2,2,2,2,2
1 7,7,5,5,5,5,3,3,3,3,3,3,3,2,2,2,2,2,2,2,2,2,2,2,2,2,2,2,2,2,2,2,2,2
1 7,7,5,5,5,5,3,3,3,3,3,3,3,2,2,2,2,2,2,2,2,2,2,2,2,2,2,2,2,2,2,2,2,2,2
1 7,7,5,5,5,5,3,3,3,3,3,3,3,3,3,2,2,2,2,2,2,2,2,2,2,2,2,2,2,2,2,2,2
1 7,7,5,5,5,5,3,3,3,3,3,3,3,3,3,3,2,2,2,2,2,2,2,2,2,2,2,2,2,2,2,2,2,2
1 7,7,5,5,5,5,3,3,3,3,3,3,3,3,3,3,3,2,2,2,2,2,2,2,2,2,2,2,2,2,2,2,2
1 7,7,5,5,5,5,4,3,3,3,3,3,2,2,2,2,2,2,2,2,2,2,2,2,2,2,2,2,2,2,2,2,2,2,2
1 7,7,5,5,5,5,4,3,3,3,3,3,3,2,2,2,2,2,2,2,2,2,2,2,2,2,2,2,2,2,2,2,2,2,2,2
1 7,7,5,5,5,5,4,3,3,3,3,3,3,3,2,2,2,2,2,2,2,2,2,2,2,2,2,2,2,2,2,2,2
1 7,7,5,5,5,5,4,3,3,3,3,3,3,3,3,2,2,2,2,2,2,2,2,2,2,2,2,2,2,2,2,2,2
1 7,7,5,5,5,5,4,3,3,3,3,3,3,3,3,3,2,2,2,2,2,2,2,2,2,2,2,2,2,2,2,2,2
1 7,7,5,5,5,5,4,3,3,3,3,3,3,3,3,3,3,2,2,2,2,2,2,2,2,2,2,2,2,2,2,2,2,2,2,2
1 7,7,5,5,5,5,4,3,3,3,3,3,3,3,3,3,3,3,3,2,2,2,2,2,2,2,2,2,2,2,2,2,2
1 7,7,5,5,5,5,4,4,3,3,3,3,3,3,3,2,2,2,2,2,2,2,2,2,2,2,2,2,2,2,2,2,2,2,2
1 7,7,5,5,5,5,4,4,3,3,3,3,3,3,3,3,2,2,2,2,2,2,2,2,2,2,2,2,2,2,2,2,2,2
1 7,7,5,5,5,5,4,4,3,3,3,3,3,3,3,3,3,3,2,2,2,2,2,2,2,2,2,2,2,2,2,2
1 8,2,2,2,2,2,2,2,2,2,2,2,2
1 8,2,2,2,2,2,2,2,2,2,2,2,2,2,2
1 8,2,2,2,2,2,2,2,2,2,2,2,2,2,2,2
1 8,3,2,2,2,2,2,2,2,2,2,2,2,2,2,2,2,2
1 8,3,3,2,2,2,2,2,2,2
1 8,3,3,2,2,2,2,2,2,2,2
1 8,3,3,2,2,2,2,2,2,2,2,2,2,2,2,2,2,2,2
1 8,3,3,3,2,2,2,2,2,2
1 8,3,3,3,2,2,2,2,2,2,2
1 8,3,3,3,3,2,2,2,2,2
1 8,3,3,3,3,2,2,2,2,2,2,2,2,2,2,2,2,2
1 8,3,3,3,3,2,2,2,2,2,2,2,2,2,2,2,2,2,2,2,2,2
1 8,3,3,3,3,3,2,2,2,2,2,2
1 8,3,3,3,3,3,2,2,2,2,2,2,2
1 8,3,3,3,3,3,2,2,2,2,2,2,2,2,2,2,2,2,2,2
1 8,3,3,3,3,3,2,2,2,2,2,2,2,2,2,2,2,2,2,2,2
1 8,3,3,3,3,3,2,2,2,2,2,2,2,2,2,2,2,2,2,2,2,2,2
1 8,3,3,3,3,3,2,2,2,2,2,2,2,2,2,2,2,2,2,2,2,2,2,2
1 8,3,3,3,3,3,3,3,3,2,2,2,2,2,2,2,2,2
1 8,4,2,2,2,2,2,2,2,2,2,2
1 8,4,2,2,2,2,2,2,2,2,2,2,2,2
1 8,4,2,2,2,2,2,2,2,2,2,2,2,2,2
1 8,4,3,2,2,2,2,2,2,2,2
1 8,4,3,3,2,2,2,2,2,2
1 8,4,3,3,2,2,2,2,2,2,2,2,2,2,2,2,2,2
1 8,4,3,3,3,2,2,2,2,2,2
1 8,4,3,3,3,2,2,2,2,2,2,2,2,2,2,2,2,2
1 8,4,3,3,3,2,2,2,2,2,2,2,2,2,2,2,2,2,2,2,2,2
1 8,4,3,3,3,3,2,2,2,2,2,2
1 8,4,3,3,3,3,2,2,2,2,2,2,2,2,2
1 8,4,3,3,3,3,2,2,2,2,2,2,2,2,2,2,2,2
1 8,4,3,3,3,3,2,2,2,2,2,2,2,2,2,2,2,2,2,2,2
1 8,4,3,3,3,3,2,2,2,2,2,2,2,2,2,2,2,2,2,2,2,2
1 8,4,3,3,3,3,3,2,2,2,2,2,2,2
1 8,4,3,3,3,3,3,3,2,2,2,2,2,2,2
1 8,4,3,3,3,3,3,3,2,2,2,2,2,2,2,2
1 8,4,4,2,2,2,2,2,2,2,2,2,2,2
1 8,4,4,3,2,2,2,2,2,2,2,2,2,2
1 8,4,4,3,2,2,2,2,2,2,2,2,2,2,2,2,2
1 8,4,4,3,3,2,2,2,2,2,2,2
1 8,4,4,3,3,2,2,2,2,2,2,2,2,2,2,2,2,2,2,2
1 8,4,4,3,3,3,2,2,2,2,2,2
1 8,4,4,3,3,3,3,2,2,2,2,2,2,2,2
1 8,4,4,3,3,3,3,2,2,2,2,2,2,2,2,2,2,2,2,2
1 8,4,4,3,3,3,3,2,2,2,2,2,2,2,2,2,2,2,2,2,2,2
1 8,4,4,3,3,3,3,3,2,2,2,2,2,2
1 8,4,4,3,3,3,3,3,2,2,2,2,2,2,2
1 8,4,4,4,3,2,2,2,2,2,2,2,2,2
1 8,4,4,4,3,2,2,2,2,2,2,2,2,2,2
1 8,4,4,4,3,3,2,2,2,2,2,2,2,2
1 8,4,4,4,3,3,2,2,2,2,2,2,2,2,2
1 8,4,4,4,3,3,2,2,2,2,2,2,2,2,2,2
1 8,4,4,4,3,3,3,2,2,2,2,2,2,2
1 8,4,4,4,3,3,3,2,2,2,2,2,2,2,2,2,2
1 8,5,2,2,2,2,2,2,2,2,2,2,2
1 8,5,2,2,2,2,2,2,2,2,2,2,2,2,2
1 8,5,2,2,2,2,2,2,2,2,2,2,2,2,2,2
1 8,5,3,2,2,2,2,2,2,2,2,2,2,2,2,2
1 8,5,3,3,2,2,2,2,2,2,2,2
1 8,5,3,3,2,2,2,2,2,2,2,2,2,2,2,2,2
1 8,5,3,3,3,3,2,2,2,2,2,2,2,2
1 8,5,3,3,3,3,3,3,2,2,2,2,2
1 8,5,3,3,3,3,3,3,2,2,2,2,2,2
1 8,5,4,3,2,2,2,2,2,2,2
1 8,5,4,3,2,2,2,2,2,2,2,2,2
1 8,5,4,3,3,2,2,2,2,2,2,2,2
1 8,5,4,3,3,2,2,2,2,2,2,2,2,2
1 8,5,4,3,3,2,2,2,2,2,2,2,2,2,2,2,2,2,2,2,2
1 8,5,4,3,3,3,2,2,2,2,2,2,2,2,2
1 8,5,4,3,3,3,2,2,2,2,2,2,2,2,2,2
1 8,5,4,3,3,3,2,2,2,2,2,2,2,2,2,2,2,2,2,2,2
1 8,5,4,3,3,3,3,3,2,2,2,2,2,2,2,2,2,2,2,2
1 8,5,4,4,3,2,2,2,2,2,2,2,2,2,2,2
1 8,5,4,4,3,3,2,2,2,2,2,2,2,2,2,2,2,2,2
1 8,5,4,4,3,3,3,2,2,2,2,2,2,2
1 8,5,4,4,3,3,3,2,2,2,2,2,2,2,2,2,2,2
1 8,5,4,4,3,3,3,2,2,2,2,2,2,2,2,2,2,2,2
1 8,5,4,4,3,3,3,3,2,2,2,2,2,2,2,2,2,2
1 8,6,3,3,2,2,2,2,2,2,2,2,2,2
1 8,6,3,3,3,2,2,2,2,2,2,2,2,2
1 8,6,4,2,2,2,2,2,2,2
1 8,6,4,3,3,3,2,2,2,2,2
1 8,6,4,3,3,3,2,2,2,2,2,2,2,2
1 8,7,5,4,4,4,3,3,3,3,3,3,3,3,3,3,3,2,2,2,2,2,2,2,2,2,2,2,2,2,2,2,2,2,2,2,2,2,2,2
1 8,7,5,5,4,3,3,3,3,3,3,3,3,3,2,2,2,2,2,2,2,2,2,2,2,2,2,2,2,2,2,2,2,2,2,2,2,2,2,2,2,2
1 8,7,5,5,5,4,3,3,3,3,3,3,3,2,2,2,2,2,2,2,2,2,2,2,2,2,2,2,2,2,2,2,2,2,2,2,2,2,2,2,2
1 8,7,5,5,5,4,3,3,3,3,3,3,3,3,3,3,2,2,2,2,2,2,2,2,2,2,2,2,2,2,2,2,2,2,2,2,2,2,2
1 8,7,5,5,5,4,3,3,3,3,3,3,3,3,3,3,2,2,2,2,2,2,2,2,2,2,2,2,2,2,2,2,2,2,2,2,2,2,2,2,2
1 8,7,5,5,5,4,3,3,3,3,3,3,3,3,3,3,3,2,2,2,2,2,2,2,2,2,2,2,2,2,2,2,2,2,2,2,2,2,2,2,2
1 8,7,5,5,5,5,4,4,3,3,3,3,3,3,2,2,2,2,2,2,2,2,2,2,2,2,2,2,2,2,2,2,2,2,2,2,2,2,2,2
1 9,3,2,2,2,2,2,2,2,2,2,2
1 9,3,2,2,2,2,2,2,2,2,2,2,2
1 9,3,2,2,2,2,2,2,2,2,2,2,2,2,2,2
1 9,3,2,2,2,2,2,2,2,2,2,2,2,2,2,2,2
1 9,3,3,2,2,2,2,2,2,2,2,2,2
1 9,3,3,2,2,2,2,2,2,2,2,2,2,2
1 9,3,3,3,2,2,2,2,2,2,2,2,2,2,2,2,2,2
1 9,3,3,3,3,2,2,2,2,2,2,2,2
1 9,3,3,3,3,2,2,2,2,2,2,2,2,2,2,2,2
1 9,3,3,3,3,3,2,2,2,2,2,2,2,2,2,2,2,2
1 9,3,3,3,3,3,2,2,2,2,2,2,2,2,2,2,2,2,2,2,2,2,2
1 9,3,3,3,3,3,3,2,2,2,2,2,2
1 9,3,3,3,3,3,3,2,2,2,2,2,2,2
1 9,3,3,3,3,3,3,2,2,2,2,2,2,2,2
1 9,3,3,3,3,3,3,2,2,2,2,2,2,2,2,2
1 9,3,3,3,3,3,3,2,2,2,2,2,2,2,2,2,2
1 9,3,3,3,3,3,3,2,2,2,2,2,2,2,2,2,2,2
1 9,3,3,3,3,3,3,3,2,2,2,2,2,2,2
1 9,3,3,3,3,3,3,3,3,2,2,2,2
1 9,4,2,2,2,2,2,2,2,2,2
1 9,4,2,2,2,2,2,2,2,2,2,2,2
1 9,4,3,2,2,2,2,2,2,2
1 9,4,3,2,2,2,2,2,2,2,2,2
1 9,4,3,3,3,2,2,2,2,2,2,2
1 9,4,3,3,3,2,2,2,2,2,2,2,2,2
1 9,4,3,3,3,2,2,2,2,2,2,2,2,2,2,2,2
1 9,4,3,3,3,2,2,2,2,2,2,2,2,2,2,2,2,2
1 9,4,3,3,3,2,2,2,2,2,2,2,2,2,2,2,2,2,2
1 9,4,3,3,3,2,2,2,2,2,2,2,2,2,2,2,2,2,2,2
1 9,4,3,3,3,2,2,2,2,2,2,2,2,2,2,2,2,2,2,2,2
1 9,4,3,3,3,3,2,2,2,2,2,2,2,2,2,2,2,2
1 9,4,3,3,3,3,2,2,2,2,2,2,2,2,2,2,2,2,2,2,2
1 9,4,3,3,3,3,3,3,2,2,2,2,2
1 9,4,3,3,3,3,3,3,2,2,2,2,2,2,2,2,2
1 9,4,4,2,2,2,2,2,2,2,2,2,2,2,2,2
1 9,4,4,3,3,2,2,2,2,2,2,2,2
1 9,4,4,3,3,2,2,2,2,2,2,2,2,2
1 9,4,4,3,3,2,2,2,2,2,2,2,2,2,2
1 9,4,4,3,3,3,2,2,2,2,2,2,2
1 9,4,4,3,3,3,2,2,2,2,2,2,2,2,2,2,2
1 9,4,4,3,3,3,2,2,2,2,2,2,2,2,2,2,2,2,2,2,2
1 9,4,4,3,3,3,3,2,2,2,2,2,2,2,2
1 9,4,4,3,3,3,3,2,2,2,2,2,2,2,2,2,2,2,2
1 9,4,4,3,3,3,3,2,2,2,2,2,2,2,2,2,2,2,2,2
1 9,4,4,3,3,3,3,2,2,2,2,2,2,2,2,2,2,2,2,2,2
1 9,4,4,3,3,3,3,3,2,2,2,2,2
1 9,4,4,3,3,3,3,3,2,2,2,2,2,2,2
1 9,4,4,3,3,3,3,3,3,2,2
1 9,4,4,3,3,3,3,3,3,2,2,2,2,2,2,2
1 9,4,4,4,3,2,2,2,2,2,2,2,2
1 9,4,4,4,3,3,2,2,2,2,2,2,2,2,2
1 9,4,4,4,3,3,2,2,2,2,2,2,2,2,2,2,2,2,2,2,2
1 9,5,2,2,2,2,2,2,2,2,2,2,2,2,2
1 9,5,3,2,2,2,2,2,2,2,2,2,2,2
1 9,5,3,2,2,2,2,2,2,2,2,2,2,2,2
1 9,5,3,3,3,2,2,2,2,2,2,2
1 9,5,3,3,3,2,2,2,2,2,2,2,2
1 9,5,4,3,2,2,2,2,2,2,2,2,2,2
1 9,5,4,3,3,2,2,2,2,2,2,2,2,2
1 9,5,4,3,3,3,2,2,2,2,2,2
1 9,5,4,3,3,3,3,2,2,2,2
1 9,5,4,4,3,2,2,2,2,2,2,2,2
1 9,5,5,5,3,3,3,3,2,2,2,2,2,2,2,2,2,2,2,2,2,2,2,2,2,2,2,2
1 9,5,5,5,3,3,3,3,3,3,3,3,2,2,2,2,2,2,2,2,2,2,2,2
1 9,5,5,5,4,3,3,3,3,3,3,2,2,2,2,2,2,2,2,2,2,2,2,2
1 9,5,5,5,4,3,3,3,3,3,3,2,2,2,2,2,2,2,2,2,2,2,2,2,2
1 9,5,5,5,5,3,3,3,3,2,2,2,2,2,2,2,2,2,2,2,2,2,2,2,2,2
1 10,3,2,2,2,2,2,2,2,2,2,2,2,2,2,2,2,2
1 10,3,3,3,2,2,2,2,2,2,2,2,2,2,2,2,2
1 10,3,3,3,3,2,2,2,2,2,2,2
1 10,3,3,3,3,2,2,2,2,2,2,2,2
1 10,3,3,3,3,2,2,2,2,2,2,2,2,2,2,2,2,2,2,2
1 10,3,3,3,3,2,2,2,2,2,2,2,2,2,2,2,2,2,2,2,2,2
1 10,3,3,3,3,3,2,2,2,2,2,2,2,2
1 10,3,3,3,3,3,2,2,2,2,2,2,2,2,2
1 10,3,3,3,3,3,2,2,2,2,2,2,2,2,2,2,2,2,2,2,2,2
1 10,3,3,3,3,3,2,2,2,2,2,2,2,2,2,2,2,2,2,2,2,2,2,2
1 10,3,3,3,3,3,2,2,2,2,2,2,2,2,2,2,2,2,2,2,2,2,2,2,2
1 10,3,3,3,3,3,3,2,2,2,2
1 10,3,3,3,3,3,3,2,2,2,2,2,2,2,2
1 10,3,3,3,3,3,3,2,2,2,2,2,2,2,2,2,2,2,2,2,2,2,2
1 10,3,3,3,3,3,3,3,2,2,2
1 10,3,3,3,3,3,3,3,2,2,2,2,2,2,2,2,2,2,2,2,2,2,2,2
1 10,3,3,3,3,3,3,3,3,2,2,2,2,2,2,2,2,2,2,2,2
1 10,3,3,3,3,3,3,3,3,2,2,2,2,2,2,2,2,2,2,2,2,2,2,2
1 10,4,2,2,2,2,2,2,2,2,2,2,2,2
1 10,4,3,2,2,2,2,2,2,2,2
1 10,4,3,2,2,2,2,2,2,2,2,2,2,2,2
1 10,4,3,2,2,2,2,2,2,2,2,2,2,2,2,2,2
1 10,4,3,3,3,2,2,2,2,2,2
1 10,4,3,3,3,2,2,2,2,2,2,2,2
1 10,4,3,3,3,2,2,2,2,2,2,2,2,2,2,2
1 10,4,3,3,3,3,2,2,2,2,2
1 10,4,3,3,3,3,2,2,2,2,2,2,2,2,2,2,2,2,2,2,2,2
1 10,4,3,3,3,3,2,2,2,2,2,2,2,2,2,2,2,2,2,2,2,2,2
1 10,4,3,3,3,3,2,2,2,2,2,2,2,2,2,2,2,2,2,2,2,2,2,2
1 10,4,3,3,3,3,3,2,2,2,2,2,2,2
1 10,4,3,3,3,3,3,2,2,2,2,2,2,2,2
1 10,4,3,3,3,3,3,2,2,2,2,2,2,2,2,2,2,2,2,2,2,2,2,2
1 10,4,3,3,3,3,3,3,2,2,2,2
1 10,4,3,3,3,3,3,3,2,2,2,2,2,2
1 10,4,3,3,3,3,3,3,2,2,2,2,2,2,2,2,2,2,2,2
1 10,4,3,3,3,3,3,3,3,2,2,2,2,2,2,2,2,2,2,2,2,2,2
1 10,4,3,3,3,3,3,3,3,3,2,2,2,2,2,2,2,2,2,2,2
1 10,4,3,3,3,3,3,3,3,3,2,2,2,2,2,2,2,2,2,2,2,2,2
1 10,4,3,3,3,3,3,3,3,3,3,2,2,2,2,2,2,2,2,2,2
1 10,4,4,3,2,2,2,2,2,2,2,2,2
1 10,4,4,3,2,2,2,2,2,2,2,2,2,2,2
1 10,4,4,3,2,2,2,2,2,2,2,2,2,2,2,2,2,2,2,2,2,2,2,2,2
1 10,4,4,3,3,2,2,2,2,2,2,2
1 10,4,4,3,3,2,2,2,2,2,2,2,2
1 10,4,4,3,3,2,2,2,2,2,2,2,2,2,2,2,2,2,2,2,2,2,2,2
1 10,4,4,3,3,3,2,2,2,2
1 10,4,4,3,3,3,2,2,2,2,2,2,2,2,2
1 10,4,4,3,3,3,2,2,2,2,2,2,2,2,2,2,2,2,2
1 10,4,4,3,3,3,2,2,2,2,2,2,2,2,2,2,2,2,2,2,2,2
1 10,4,4,3,3,3,2,2,2,2,2,2,2,2,2,2,2,2,2,2,2,2,2,2
1 10,4,4,3,3,3,3,2,2,2,2,2,2,2
1 10,4,4,3,3,3,3,2,2,2,2,2,2,2,2
1 10,4,4,3,3,3,3,2,2,2,2,2,2,2,2,2
1 10,4,4,3,3,3,3,2,2,2,2,2,2,2,2,2,2
1 10,4,4,3,3,3,3,2,2,2,2,2,2,2,2,2,2,2
1 10,4,4,3,3,3,3,2,2,2,2,2,2,2,2,2,2,2,2
1 10,4,4,3,3,3,3,2,2,2,2,2,2,2,2,2,2,2,2,2,2
1 10,4,4,3,3,3,3,2,2,2,2,2,2,2,2,2,2,2,2,2,2,2
1 10,4,4,3,3,3,3,3,2,2,2,2
1 10,4,4,3,3,3,3,3,2,2,2,2,2,2,2,2,2,2,2,2
1 10,4,4,3,3,3,3,3,3,2,2,2,2,2,2,2,2,2,2,2,2
1 10,4,4,3,3,3,3,3,3,2,2,2,2,2,2,2,2,2,2,2,2,2,2
1 10,4,4,3,3,3,3,3,3,2,2,2,2,2,2,2,2,2,2,2,2,2,2,2
1 10,4,4,3,3,3,3,3,3,3,2,2,2,2,2,2,2,2,2,2
1 10,4,4,3,3,3,3,3,3,3,3,2,2,2,2,2,2,2,2,2
1 10,4,4,4,3,2,2,2,2,2,2
1 10,4,4,4,3,3,2,2,2,2,2,2,2,2,2,2,2,2,2,2,2,2,2,2
1 10,4,4,4,3,3,3,2,2,2,2,2,2,2,2,2,2,2,2,2,2,2,2,2
1 10,4,4,4,3,3,3,3,2,2,2,2,2,2,2,2,2,2,2,2
1 10,4,4,4,3,3,3,3,2,2,2,2,2,2,2,2,2,2,2,2,2
1 10,4,4,4,3,3,3,3,2,2,2,2,2,2,2,2,2,2,2,2,2,2,2,2
1 10,4,4,4,3,3,3,3,3,2,2,2,2,2,2,2,2,2,2,2,2,2,2
1 10,4,4,4,3,3,3,3,3,2,2,2,2,2,2,2,2,2,2,2,2,2,2,2
1 10,4,4,4,4,2,2,2,2,2,2,2,2,2,2,2,2,2,2,2,2,2,2,2
1 10,4,4,4,4,3,3,2,2,2,2,2,2,2,2,2,2,2,2,2,2,2,2
1 10,4,4,4,4,3,3,3,2,2,2,2,2,2,2,2,2,2,2,2,2
1 10,4,4,4,4,3,3,3,3,3,2,2,2,2,2,2,2,2,2,2,2,2
1 10,5,3,2,2,2,2,2,2,2,2,2,2
1 10,5,3,2,2,2,2,2,2,2,2,2,2,2,2
1 10,5,3,3,2,2,2,2,2,2,2,2,2
1 10,5,3,3,3,2,2,2,2,2,2,2
1 10,5,3,3,3,2,2,2,2,2,2,2,2,2
1 10,5,3,3,3,3,2,2,2,2,2,2,2,2,2,2,2
1 10,5,3,3,3,3,3,2,2,2,2,2,2,2,2,2,2,2
1 10,5,3,3,3,3,3,2,2,2,2,2,2,2,2,2,2,2,2
1 10,5,3,3,3,3,3,2,2,2,2,2,2,2,2,2,2,2,2,2
1 10,5,3,3,3,3,3,3,2,2,2,2,2,2,2,2,2,2,2,2,2
1 10,5,3,3,3,3,3,3,3,2,2,2,2,2,2,2,2
1 10,5,4,3,3,2,2,2,2,2,2,2,2,2,2,2
1 10,5,4,3,3,3,3,2,2,2,2,2,2,2,2,2
1 10,5,4,4,3,3,3,3,2,2,2,2,2,2,2,2,2,2,2
1 11,3,2,2,2,2,2,2,2,2
1 11,3,2,2,2,2,2,2,2,2,2,2
1 11,3,2,2,2,2,2,2,2,2,2,2,2,2
1 11,3,3,2,2,2,2,2,2,2,2
1 11,3,3,2,2,2,2,2,2,2,2,2,2,2,2,2,2
1 11,3,3,3,2,2,2,2,2,2,2,2
1 11,3,3,3,2,2,2,2,2,2,2,2,2
1 11,3,3,3,2,2,2,2,2,2,2,2,2,2
1 11,3,3,3,2,2,2,2,2,2,2,2,2,2,2
1 11,3,3,3,2,2,2,2,2,2,2,2,2,2,2,2
1 11,3,3,3,2,2,2,2,2,2,2,2,2,2,2,2,2,2,2,2,2,2,2,2
1 11,3,3,3,3,2,2,2,2,2,2,2,2,2,2
1 11,3,3,3,3,2,2,2,2,2,2,2,2,2,2,2,2
1 11,3,3,3,3,2,2,2,2,2,2,2,2,2,2,2,2,2,2,2
1 11,3,3,3,3,2,2,2,2,2,2,2,2,2,2,2,2,2,2,2,2,2,2
1 11,3,3,3,3,2,2,2,2,2,2,2,2,2,2,2,2,2,2,2,2,2,2,2
1 11,3,3,3,3,3,2,2,2,2,2,2,2,2
1 11,3,3,3,3,3,2,2,2,2,2,2,2,2,2,2
1 11,3,3,3,3,3,2,2,2,2,2,2,2,2,2,2,2,2,2,2,2,2,2,2
1 11,3,3,3,3,3,2,2,2,2,2,2,2,2,2,2,2,2,2,2,2,2,2,2,2
1 11,3,3,3,3,3,3,3,2,2,2,2,2,2,2,2,2,2,2,2
1 11,3,3,3,3,3,3,3,2,2,2,2,2,2,2,2,2,2,2,2,2,2
1 11,3,3,3,3,3,3,3,3,2,2,2,2,2,2,2,2
1 11,4,2,2,2,2,2,2,2,2,2,2,2
1 11,4,3,2,2,2,2,2,2,2,2,2
1 11,4,3,2,2,2,2,2,2,2,2,2,2,2
1 11,4,3,3,2,2,2,2,2,2,2,2,2,2
1 11,4,3,3,2,2,2,2,2,2,2,2,2,2,2,2,2,2,2,2
1 11,4,3,3,3,2,2,2,2,2,2,2,2,2
1 11,4,3,3,3,2,2,2,2,2,2,2,2,2,2,2,2
1 11,4,3,3,3,2,2,2,2,2,2,2,2,2,2,2,2,2,2,2,2,2,2
1 11,4,3,3,3,3,2,2,2,2,2,2,2
1 11,4,3,3,3,3,2,2,2,2,2,2,2,2,2
1 11,4,3,3,3,3,2,2,2,2,2,2,2,2,2,2,2,2,2
1 11,4,3,3,3,3,2,2,2,2,2,2,2,2,2,2,2,2,2,2,2,2
1 11,4,3,3,3,3,2,2,2,2,2,2,2,2,2,2,2,2,2,2,2,2,2
1 11,4,3,3,3,3,3,2,2,2,2,2,2,2,2,2,2,2,2
1 11,4,3,3,3,3,3,2,2,2,2,2,2,2,2,2,2,2,2,2
1 11,4,3,3,3,3,3,3,2,2,2,2,2,2,2,2,2,2,2,2,2,2
1 11,4,3,3,3,3,3,3,3,2,2,2,2,2,2,2,2,2,2,2
1 11,4,3,3,3,3,3,3,3,3,2,2,2,2,2,2,2,2,2,2,2,2
1 11,4,3,3,3,3,3,3,3,3,3,2,2,2,2,2,2,2,2,2,2
1 11,4,4,3,2,2,2,2,2,2,2,2,2,2,2,2,2,2,2,2,2,2,2
1 11,4,4,3,3,2,2,2,2,2,2,2,2,2,2,2,2,2,2,2,2,2,2,2,2
1 11,4,4,3,3,3,2,2,2,2,2,2,2,2,2,2,2,2,2,2,2,2,2,2,2
1 11,4,4,3,3,3,3,2,2,2,2,2,2
1 11,4,4,3,3,3,3,2,2,2,2,2,2,2,2,2,2,2,2,2
1 11,4,4,3,3,3,3,3,2,2,2,2,2,2,2,2,2,2,2,2,2
1 11,4,4,3,3,3,3,3,2,2,2,2,2,2,2,2,2,2,2,2,2,2
1 11,4,4,3,3,3,3,3,2,2,2,2,2,2,2,2,2,2,2,2,2,2,2
1 11,4,4,3,3,3,3,3,3,2,2,2,2,2,2,2,2,2,2
1 11,4,4,3,3,3,3,3,3,2,2,2,2,2,2,2,2,2,2,2,2
1 11,4,4,3,3,3,3,3,3,2,2,2,2,2,2,2,2,2,2,2,2,2
1 11,4,4,4,3,3,2,2,2,2,2,2,2,2,2,2
1 11,4,4,4,3,3,2,2,2,2,2,2,2,2,2,2,2,2,2,2,2
1 11,4,4,4,3,3,3,2,2,2,2,2,2,2,2,2,2,2,2,2,2,2
1 11,4,4,4,3,3,3,2,2,2,2,2,2,2,2,2,2,2,2,2,2,2,2
1 11,4,4,4,3,3,3,3,2,2,2,2,2,2,2,2,2,2,2,2
1 11,4,4,4,3,3,3,3,2,2,2,2,2,2,2,2,2,2,2,2,2
1 11,4,4,4,3,3,3,3,3,2,2,2,2,2,2,2,2,2,2,2
1 11,4,4,4,3,3,3,3,3,2,2,2,2,2,2,2,2,2,2,2,2,2
1 11,4,4,4,3,3,3,3,3,3,2,2,2,2,2,2,2,2,2,2
1 11,4,4,4,3,3,3,3,3,3,2,2,2,2,2,2,2,2,2,2,2
1 11,4,4,4,4,3,2,2,2,2,2,2,2,2,2,2,2,2,2,2,2,2,2
1 11,4,4,4,4,3,3,2,2,2,2,2,2,2,2,2,2,2,2,2,2
1 11,4,4,4,4,3,3,3,2,2,2,2,2,2,2,2,2,2,2,2
1 11,5,3,2,2,2,2,2,2,2,2,2,2,2,2,2,2,2,2
1 11,5,3,3,3,2,2,2,2,2,2,2,2
1 11,5,3,3,3,2,2,2,2,2,2,2,2,2,2,2,2,2
1 11,5,3,3,3,3,2,2,2,2,2,2,2,2,2,2,2
1 11,5,3,3,3,3,2,2,2,2,2,2,2,2,2,2,2,2,2,2,2,2
1 11,5,3,3,3,3,3,2,2,2,2,2,2,2,2,2,2
1 11,5,3,3,3,3,3,3,3,3,3,2,2,2,2,2,2,2,2,2,2,2,2,2,2
1 11,5,4,3,3,3,3,2,2,2,2,2,2,2,2,2,2,2,2
1 11,5,4,3,3,3,3,3,2,2,2,2,2,2,2,2,2,2,2,2,2,2,2,2
1 11,5,4,3,3,3,3,3,3,2,2,2,2,2,2,2,2,2,2,2,2,2,2,2
1 11,5,4,3,3,3,3,3,3,2,2,2,2,2,2,2,2,2,2,2,2,2,2,2,2
1 11,5,4,3,3,3,3,3,3,2,2,2,2,2,2,2,2,2,2,2,2,2,2,2,2,2
1 11,5,4,3,3,3,3,3,3,3,3,2,2,2,2,2,2,2,2,2,2,2,2,2,2
1 11,5,4,4,3,3,2,2,2,2,2,2,2,2,2,2,2,2,2,2,2,2,2,2,2
1 11,5,4,4,3,3,3,3,2,2,2,2,2,2,2,2,2,2,2,2,2,2,2,2,2,2,2
1 11,5,4,4,3,3,3,3,3,2,2,2,2,2,2,2,2,2,2,2,2,2,2,2,2
1 11,5,4,4,3,3,3,3,3,3,2,2,2,2,2,2,2,2,2,2,2,2,2
1 11,5,4,4,4,3,3,3,3,3,2,2,2,2,2,2,2,2,2,2,2,2,2,2,2
1 11,5,5,3,3,3,3,3,2,2,2,2,2,2,2,2,2,2,2,2,2,2,2,2,2
1 11,5,5,3,3,3,3,3,3,2,2,2,2,2,2,2,2,2,2,2,2,2,2,2,2
1 11,5,5,3,3,3,3,3,3,2,2,2,2,2,2,2,2,2,2,2,2,2,2,2,2,2
1 11,5,5,4,4,3,3,3,2,2,2,2,2,2,2,2,2,2,2,2,2,2,2,2
1 11,5,5,4,4,3,3,3,3,2,2,2,2,2,2,2,2,2,2,2,2
1 12,3,2,2,2,2,2,2,2,2,2,2,2,2,2
1 12,3,3,3,3,2,2,2,2,2,2,2,2,2,2,2,2,2,2,2,2,2,2
1 12,3,3,3,3,3,3,2,2,2,2,2,2,2,2,2,2,2,2,2
1 12,3,3,3,3,3,3,2,2,2,2,2,2,2,2,2,2,2,2,2,2
1 12,3,3,3,3,3,3,2,2,2,2,2,2,2,2,2,2,2,2,2,2,2,2
1 12,3,3,3,3,3,3,3,2,2,2,2,2,2,2,2,2,2,2,2,2
1 12,4,3,2,2,2,2,2,2,2
1 12,4,3,3,2,2,2,2,2,2,2,2
1 12,4,3,3,2,2,2,2,2,2,2,2,2,2,2,2,2,2,2,2,2,2,2
1 12,4,3,3,3,2,2,2,2,2,2,2,2
1 12,4,3,3,3,2,2,2,2,2,2,2,2,2,2,2,2,2,2,2,2,2,2,2,2
1 12,4,3,3,3,3,2,2,2,2,2,2,2,2,2,2,2,2,2,2,2,2
1 12,4,3,3,3,3,2,2,2,2,2,2,2,2,2,2,2,2,2,2,2,2,2,2,2
1 12,4,3,3,3,3,3,2,2,2,2,2,2,2,2,2,2,2,2,2,2,2,2
1 12,4,3,3,3,3,3,3,2,2,2,2,2,2,2,2,2,2,2,2,2
1 12,4,4,3,3,2,2,2,2,2,2,2,2,2,2,2,2,2,2,2,2,2
1 12,4,4,3,3,3,2,2,2,2,2,2,2,2,2,2,2,2,2,2,2,2
1 12,4,4,3,3,3,3,2,2,2,2,2,2,2,2,2,2,2,2
1 12,4,4,3,3,3,3,2,2,2,2,2,2,2,2,2,2,2,2,2
1 12,4,4,3,3,3,3,2,2,2,2,2,2,2,2,2,2,2,2,2,2
1 12,4,4,3,3,3,3,2,2,2,2,2,2,2,2,2,2,2,2,2,2,2
1 12,4,4,3,3,3,3,3,2,2,2,2,2,2,2,2,2,2,2,2,2
1 12,4,4,3,3,3,3,3,3,3,2,2,2,2,2,2,2,2,2,2,2
1 12,4,4,4,3,3,3,2,2,2,2,2,2,2,2,2,2,2,2,2,2,2,2
1 12,4,4,4,4,3,3,2,2,2,2,2,2,2,2,2,2,2,2,2,2
1 12,5,3,3,2,2,2,2,2,2,2,2,2,2
1 12,5,3,3,3,3,3,2,2,2,2,2,2,2,2,2,2,2,2,2,2,2
1 13,3,2,2,2,2,2,2,2,2,2,2,2,2,2,2,2,2,2,2,2,2,2,2,2,2,2
1 13,3,3,2,2,2,2,2,2,2,2,2,2,2,2,2,2,2,2,2,2,2,2,2,2,2,2
1 13,3,3,3,2,2,2,2,2,2,2,2,2,2,2,2,2,2,2,2,2,2,2,2,2,2,2,2
1 13,3,3,3,3,2,2,2,2,2,2,2,2,2,2,2,2,2,2,2,2
1 13,3,3,3,3,2,2,2,2,2,2,2,2,2,2,2,2,2,2,2,2,2,2,2,2,2,2,2
1 13,3,3,3,3,2,2,2,2,2,2,2,2,2,2,2,2,2,2,2,2,2,2,2,2,2,2,2,2,2
1 13,3,3,3,3,3,2,2,2,2,2,2,2,2,2,2,2,2,2,2,2,2,2,2
1 13,3,3,3,3,3,2,2,2,2,2,2,2,2,2,2,2,2,2,2,2,2,2,2,2
1 13,3,3,3,3,3,3,2,2,2,2,2,2,2,2,2,2,2,2,2,2,2,2,2
1 13,3,3,3,3,3,3,3,2,2,2,2,2,2,2,2,2,2,2,2,2
1 13,3,3,3,3,3,3,3,2,2,2,2,2,2,2,2,2,2,2,2,2,2,2,2,2,2,2,2
1 13,3,3,3,3,3,3,3,3,2,2,2,2,2,2,2,2,2,2,2,2,2,2,2,2,2,2
1 13,4,3,3,2,2,2,2,2,2,2,2,2,2,2,2,2,2,2,2,2,2,2
1 13,4,3,3,2,2,2,2,2,2,2,2,2,2,2,2,2,2,2,2,2,2,2,2,2,2,2
1 13,4,3,3,3,2,2,2,2,2,2,2,2,2,2,2,2,2,2,2,2
1 13,4,3,3,3,3,2,2,2,2,2,2,2,2,2,2,2,2,2,2
1 13,4,3,3,3,3,2,2,2,2,2,2,2,2,2,2,2,2,2,2,2,2,2,2,2,2,2,2,2
1 13,4,3,3,3,3,3,2,2,2,2,2,2,2,2,2,2,2,2,2,2,2
1 13,4,3,3,3,3,3,3,2,2,2,2,2,2,2,2,2,2,2,2,2,2
1 13,4,3,3,3,3,3,3,2,2,2,2,2,2,2,2,2,2,2,2,2,2,2
1 13,4,3,3,3,3,3,3,2,2,2,2,2,2,2,2,2,2,2,2,2,2,2,2,2,2,2,2
1 13,4,3,3,3,3,3,3,3,2,2,2,2,2,2,2,2,2,2,2
1 13,4,3,3,3,3,3,3,3,2,2,2,2,2,2,2,2,2,2,2,2
1 13,4,3,3,3,3,3,3,3,2,2,2,2,2,2,2,2,2,2,2,2,2,2
1 13,4,3,3,3,3,3,3,3,2,2,2,2,2,2,2,2,2,2,2,2,2,2,2
1 13,4,3,3,3,3,3,3,3,3,2,2,2,2,2,2,2,2,2,2
1 13,4,3,3,3,3,3,3,3,3,2,2,2,2,2,2,2,2,2,2,2,2,2
1 13,4,3,3,3,3,3,3,3,3,2,2,2,2,2,2,2,2,2,2,2,2,2,2
1 13,4,4,3,2,2,2,2,2,2,2,2,2,2,2,2,2,2,2,2,2,2,2,2,2,2
1 13,4,4,3,3,2,2,2,2,2,2,2,2,2,2,2,2,2,2,2
1 13,4,4,3,3,2,2,2,2,2,2,2,2,2,2,2,2,2,2,2,2,2
1 13,4,4,3,3,2,2,2,2,2,2,2,2,2,2,2,2,2,2,2,2,2,2
1 13,4,4,3,3,2,2,2,2,2,2,2,2,2,2,2,2,2,2,2,2,2,2,2,2,2
1 13,4,4,3,3,2,2,2,2,2,2,2,2,2,2,2,2,2,2,2,2,2,2,2,2,2,2,2
1 13,4,4,3,3,3,2,2,2,2,2,2,2,2,2,2,2,2,2,2,2,2
1 13,4,4,3,3,3,2,2,2,2,2,2,2,2,2,2,2,2,2,2,2,2,2,2,2,2
1 13,4,4,3,3,3,3,3,2,2,2,2,2,2,2,2,2,2,2
1 13,4,4,3,3,3,3,3,2,2,2,2,2,2,2,2,2,2,2,2,2,2,2
1 13,4,4,3,3,3,3,3,2,2,2,2,2,2,2,2,2,2,2,2,2,2,2,2,2
1 13,4,4,3,3,3,3,3,2,2,2,2,2,2,2,2,2,2,2,2,2,2,2,2,2,2
1 13,4,4,3,3,3,3,3,2,2,2,2,2,2,2,2,2,2,2,2,2,2,2,2,2,2,2
1 13,4,4,3,3,3,3,3,3,2,2,2,2,2,2,2,2,2,2,2,2,2,2
1 13,4,4,3,3,3,3,3,3,2,2,2,2,2,2,2,2,2,2,2,2,2,2,2
1 13,4,4,3,3,3,3,3,3,3,2,2,2,2,2,2,2,2,2,2,2
1 13,4,4,3,3,3,3,3,3,3,2,2,2,2,2,2,2,2,2,2,2,2
1 13,4,4,4,2,2,2,2,2,2,2,2,2,2,2,2,2,2,2,2,2,2,2,2
1 13,4,4,4,3,2,2,2,2,2,2,2,2,2,2,2,2,2,2,2,2,2
1 13,4,4,4,3,2,2,2,2,2,2,2,2,2,2,2,2,2,2,2,2,2,2,2,2
1 13,4,4,4,3,3,3,2,2,2,2,2,2,2,2,2,2,2,2,2
1 13,4,4,4,3,3,3,2,2,2,2,2,2,2,2,2,2,2,2,2,2,2,2,2
1 13,4,4,4,3,3,3,2,2,2,2,2,2,2,2,2,2,2,2,2,2,2,2,2,2
1 13,4,4,4,3,3,3,2,2,2,2,2,2,2,2,2,2,2,2,2,2,2,2,2,2,2
1 13,4,4,4,3,3,3,3,2,2,2,2,2,2,2,2,2,2,2,2
1 13,4,4,4,3,3,3,3,2,2,2,2,2,2,2,2,2,2,2,2,2,2
1 13,4,4,4,3,3,3,3,2,2,2,2,2,2,2,2,2,2,2,2,2,2,2,2,2,2
1 13,4,4,4,3,3,3,3,3,2,2,2,2,2,2,2,2,2,2,2
1 13,4,4,4,3,3,3,3,3,2,2,2,2,2,2,2,2,2,2,2,2
1 13,4,4,4,3,3,3,3,3,3,2,2,2,2,2,2,2,2,2,2,2,2
1 13,4,4,4,4,3,3,3,3,2,2,2,2,2,2,2,2,2,2,2,2
1 13,4,4,4,4,4,3,3,3,3,3,2,2,2,2,2,2,2,2
1 13,5,3,2,2,2,2,2,2,2,2
1 13,5,3,3,2,2,2,2,2,2,2,2,2,2,2,2,2,2,2,2,2,2,2,2,2
1 13,5,3,3,3,2,2,2,2,2,2,2,2,2,2,2,2,2,2,2,2,2,2,2
1 13,5,3,3,3,3,2,2,2,2,2,2,2,2,2,2,2,2,2,2,2
1 13,5,3,3,3,3,2,2,2,2,2,2,2,2,2,2,2,2,2,2,2,2
1 13,5,3,3,3,3,2,2,2,2,2,2,2,2,2,2,2,2,2,2,2,2,2
1 13,5,3,3,3,3,2,2,2,2,2,2,2,2,2,2,2,2,2,2,2,2,2,2
1 13,5,3,3,3,3,3,2,2,2,2,2,2,2,2,2,2,2,2,2
1 13,5,3,3,3,3,3,2,2,2,2,2,2,2,2,2,2,2,2,2,2,2,2,2
1 13,5,3,3,3,3,3,3,2,2,2,2,2,2,2,2,2,2,2,2,2,2,2,2
1 13,5,3,3,3,3,3,3,3,2,2,2,2,2,2,2,2,2,2,2,2
1 13,5,3,3,3,3,3,3,3,2,2,2,2,2,2,2,2,2,2,2,2,2
1 13,5,4,3,3,3,2,2,2,2,2,2,2,2,2,2,2,2,2,2,2,2,2,2,2
1 13,5,4,3,3,3,3,3,2,2,2,2,2,2,2,2,2,2,2,2,2
1 13,5,4,3,3,3,3,3,3,2,2,2,2,2,2,2,2,2,2,2,2
1 13,5,4,4,3,2,2,2,2,2,2,2,2,2,2,2,2,2,2,2,2,2,2
1 13,5,4,4,3,3,2,2,2,2,2,2,2,2,2,2,2,2,2,2
1 13,5,4,4,3,3,3,2,2,2,2,2,2,2,2,2,2,2,2,2,2,2,2
1 13,5,4,4,3,3,3,3,2,2,2,2,2,2,2,2,2,2,2,2,2
1 13,5,4,4,3,3,3,3,2,2,2,2,2,2,2,2,2,2,2,2,2,2,2,2
1 13,5,4,4,3,3,3,3,3,2,2,2,2,2,2,2,2,2,2,2
1 13,5,5,3,3,3,2,2,2,2,2,2,2,2,2,2,2,2,2,2,2,2,2,2,2,2,2,2,2,2
1 13,5,5,3,3,3,3,3,3,3,2,2,2,2,2,2,2,2,2,2,2,2,2,2,2,2,2
1 13,5,5,3,3,3,3,3,3,3,2,2,2,2,2,2,2,2,2,2,2,2,2,2,2,2,2,2,2,2
1 13,5,5,3,3,3,3,3,3,3,3,2,2,2,2,2,2,2,2,2,2,2,2,2,2,2
1 13,5,5,4,3,3,3,2,2,2,2,2,2,2,2,2,2,2,2,2,2,2,2,2,2,2
1 13,5,5,4,3,3,3,2,2,2,2,2,2,2,2,2,2,2,2,2,2,2,2,2,2,2,2,2,2,2
1 13,5,5,4,3,3,3,3,3,2,2,2,2,2,2,2,2,2,2,2,2,2,2,2,2,2,2
1 13,5,5,4,4,3,3,3,3,3,2,2,2,2,2,2,2,2,2,2,2,2,2,2,2,2
1 14,3,3,3,3,2,2,2,2,2,2,2,2
1 14,3,3,3,3,3,2,2,2,2,2,2,2,2,2,2,2,2,2,2,2
1 14,3,3,3,3,3,2,2,2,2,2,2,2,2,2,2,2,2,2,2,2,2
1 14,3,3,3,3,3,3,2,2,2,2,2,2,2,2,2,2,2,2,2
1 14,4,3,3,2,2,2,2,2,2,2,2,2,2,2,2,2,2,2,2,2
1 14,4,3,3,3,2,2,2,2,2,2,2,2,2,2,2,2,2,2,2,2
1 14,4,3,3,3,2,2,2,2,2,2,2,2,2,2,2,2,2,2,2,2,2
1 14,4,3,3,3,3,2,2,2,2,2,2,2,2,2,2,2,2,2,2
1 14,4,3,3,3,3,2,2,2,2,2,2,2,2,2,2,2,2,2,2,2,2,2
1 14,4,3,3,3,3,3,2,2,2,2,2,2,2,2,2,2,2,2,2,2,2
1 14,4,3,3,3,3,3,3,2,2,2,2,2,2,2,2,2,2
1 14,4,3,3,3,3,3,3,3,2,2,2,2,2,2,2,2,2,2
1 14,4,4,3,3,3,3,3,2,2,2,2,2,2,2,2,2,2
1 14,4,4,3,3,3,3,3,2,2,2,2,2,2,2,2,2,2,2
1 15,3,3,3,2,2,2,2,2,2,2,2
1 15,3,3,3,2,2,2,2,2,2,2,2,2,2,2,2,2,2,2,2,2
1 15,3,3,3,3,2,2,2,2,2,2,2,2,2,2,2,2,2,2
1 15,3,3,3,3,2,2,2,2,2,2,2,2,2,2,2,2,2,2,2,2,2
1 15,3,3,3,3,3,3,2,2,2,2,2,2,2,2,2,2,2
1 15,3,3,3,3,3,3,3,2,2,2,2,2,2,2,2,2,2
1 15,4,3,3,3,2,2,2,2,2,2,2,2,2,2,2,2,2,2,2,2,2
1 15,4,3,3,3,3,2,2,2,2,2,2,2,2,2,2,2,2,2,2
1 15,4,3,3,3,3,3,2,2,2,2,2,2,2,2,2,2,2,2
1 15,4,4,3,3,2,2,2,2,2,2,2,2,2,2,2,2,2,2
1 15,4,4,3,3,3,3,2,2,2,2,2,2,2,2,2,2,2,2
1 15,4,4,3,3,3,3,3,3,2,2,2,2,2,2,2,2,2
1 15,4,4,4,4,3,3,3,2,2,2,2,2,2,2,2,2,2,2
