N=180 |A|=95 L=13974537376800 (44 bits)
SOL 4 5 6 15 16 23 24 55 56 68 69 75 76 84 85 114 115 153 154 170 171 175 176
SOL 4 5 6 21 22 27 28 38 39 44 45 75 76 77 78 132 133 135 136 143 144 152 153 175 176
SOL 4 5 6 21 22 32 33 34 50 51 52 75 76 77 78 95 96 104 105 119 120 152 153 154 170 171
SOL 4 5 6 22 23 24 33 34 35 68 69 75 76 77 90 91 104 105 114 115 143 144 170 171 175 176
SOL 4 5 6 22 23 24 44 45 56 57 68 69 70 77 78 84 85 90 91 114 115 132 133 153 154 170 171
SOL 4 5 6 22 23 32 33 34 35 45 46 51 52 65 66 90 91 143 144 153 154 160 161
SOL 4 5 6 23 24 34 35 51 52 55 56 57 69 70 77 78 104 105 114 115 119 120 132 133 153 154 170 171
SOL 4 5 6 25 26 33 34 38 39 51 52 75 76 77 90 91 99 100 104 105 132 133 143 144 152 153 175 176
SOL 4 5 6 26 27 34 35 38 39 51 52 54 55 56 77 78 90 91 119 120 132 133 153 154 170 171
SOL 4 5 6 28 29 30 33 34 50 51 52 55 56 65 66 99 100 104 105 116 117 144 145 153 154 175 176
SOL 4 5 6 29 30 33 34 35 44 45 50 51 52 77 78 90 91 99 100 116 117 144 145 153 154 175 176
SOL 4 5 7 8 21 22 23 56 57 68 69 84 85 114 115 132 133 153 154 170 171
SOL 4 5 7 8 23 24 25 55 56 69 70 76 77 99 100 114 115 119 120 170 171
SOL 4 5 7 8 33 34 38 39 51 52 55 56 76 77 90 91 104 105 132 133 152 153
SOL 4 5 9 10 12 13 33 34 44 45 51 52 90 91 153 154
SOL 4 5 10 11 12 18 19 35 36 56 57 65 66 76 77 104 105
SOL 4 5 10 11 12 32 33 34 50 51 65 66 75 76 95 96 104 105 119 120 152 153 154 170 171
SOL 4 5 11 12 16 17 18 26 27 34 35 84 85 135 136 143 144 153 154
SOL 4 5 11 12 19 20 27 28 39 40 54 55 56 57 75 76 77 78 143 144 175 176
SOL 4 5 11 12 20 21 22 23 33 34 44 45 68 69 76 77 114 115 170 171
SOL 4 5 11 12 21 22 27 28 32 33 44 45 76 77 95 96 119 120 135 136 152 153 170 171
SOL 4 5 11 12 22 23 24 25 34 35 55 56 57 68 69 99 100 114 115 132 133 170 171
SOL 4 5 11 12 22 23 24 27 28 45 46 55 56 80 81 90 91 104 105 143 144 161 162
SOL 4 5 11 12 22 23 25 26 32 33 35 36 45 46 99 100 143 144 160 161
SOL 4 5 11 12 22 23 28 29 30 69 70 75 76 90 91 104 105 114 115 116 119 120 143 144 145 170 171 175 176
SOL 4 5 11 12 22 23 28 29 65 66 68 69 75 76 84 85 90 91 114 115 116 117 144 145 153 154 170 171 175 176
SOL 4 5 11 12 22 23 29 30 55 56 69 70 75 76 77 78 90 91 114 115 116 119 120 144 145 170 171 175 176
SOL 4 5 11 12 22 23 44 45 55 56 65 66 68 69 76 77 78 84 85 90 91 104 105 114 115 153 154 170 171
SOL 4 5 11 12 23 24 27 28 34 35 54 55 56 57 68 69 70 114 115 132 133 170 171
SOL 4 5 11 12 24 25 32 33 34 50 51 75 76 77 78 90 91 95 96 99 100 119 120 152 153 154 170 171
SOL 4 5 11 12 26 27 28 29 38 39 40 75 76 90 91 104 105 116 117 132 133 135 136 144 145 152 153 175 176
