N=180 |A|=95 L=13974537376800 (44 bits)
SOL 3 4 13 14 15 25 26 55 56 77 78 90 91 99 100 104 105
SOL 3 4 13 14 27 28 38 39 55 56 76 77 78 104 105 132 133 135 136 152 153 154
SOL 4 5 12 13 22 23 33 34 35 45 46 51 52 76 77 90 91 95 96 119 120 152 153 154 160 161 170 171
SOL 4 5 12 13 23 24 34 35 51 52 56 57 65 66 69 70 76 77 90 91 104 105 114 115 132 133 152 153
SOL 4 5 12 13 33 34 35 36 38 39 40 44 45 51 52 65 66 77 78 119 120 132 133 153 154 170 171
SOL 5 6 7 11 12 15 16 34 35 44 45 50 51 99 100 153 154 175 176
SOL 5 6 7 11 12 16 17 33 34 35 36 84 85 90 91 104 105 143 144
SOL 5 6 7 11 12 20 21 34 35 36 51 52 55 56 77 78 104 105 153 154
SOL 5 6 7 11 12 23 24 32 33 39 40 44 45 46 77 78 143 144 160 161
SOL 5 6 7 11 12 34 35 38 39 44 45 50 51 77 78 84 85 99 100 132 133 143 144 170 171 175 176
SOL 5 6 9 10 12 13 34 35 39 40 50 51 52 55 56 99 100 143 144 153 154 175 176
SOL 5 6 10 11 12 18 19 27 28 54 55 56 57 75 76 77 90 91 104 105 143 144 175 176
SOL 5 6 10 11 12 21 22 23 35 36 44 45 68 69 76 77 84 85 114 115 153 154 170 171
SOL 5 6 10 11 12 22 23 32 33 44 45 56 57 69 70 76 77 78 90 91 95 96 114 115
SOL 5 6 10 11 12 22 23 45 46 54 55 56 75 76 77 80 81 95 96 119 120 135 136 152 153 160 161 162 170 171 175 176
SOL 5 6 11 12 14 15 21 22 34 35 50 51 52 65 66 90 91 99 100 143 144 153 154 175 176
SOL 5 6 11 12 14 15 22 23 33 34 35 44 45 68 69 70 76 77 114 115 170 171
