N=180 |A|=95 L=13974537376800 (44 bits)
SOL 3 4 11 12 23 24 55 56 68 69 76 77 84 85 114 115 153 154 170 171
SOL 4 5 6 13 14 33 34 35 36 44 45 51 52 90 91 153 154
SOL 4 5 8 9 18 19 22 23 68 69 84 85 114 115 132 133 152 153 154 170 171
SOL 4 5 8 9 22 23 33 34 35 36 56 57 68 69 114 115 132 133 170 171
SOL 4 5 8 9 23 24 27 28 50 51 68 69 75 76 114 115 119 120 135 136 170 171
SOL 4 5 8 9 26 27 34 35 36 50 51 54 55 56 99 100 143 144 153 154 175 176
SOL 4 5 9 10 11 21 22 25 26 65 66 77 78 99 100
SOL 4 5 14 15 16 22 23 38 39 44 45 46 55 56 57 77 78 95 96 132 133 143 144 160 161
SOL 4 5 14 15 16 23 24 33 34 44 45 55 56 68 69 70 75 76 77 114 115 170 171 175 176
SOL 4 5 14 15 16 25 26 29 30 35 36 55 56 65 66 90 91 99 100 116 117 143 144 145
SOL 4 5 14 15 16 27 28 33 34 35 50 51 54 55 56 65 66 99 100 104 105 153 154 175 176
SOL 4 5 14 15 17 18 22 23 33 34 56 57 69 70 84 85 114 115 119 120 132 133 170 171
SOL 4 5 14 15 18 19 22 23 24 35 36 68 69 84 85 114 115 132 133 152 153 154 170 171
SOL 4 5 14 15 19 20 21 22 23 24 68 69 70 84 85 114 115 132 133 152 153 154 170 171
SOL 4 5 14 15 19 20 21 27 28 32 33 54 55 76 77 95 96 119 120 132 133 170 171
SOL 4 5 14 15 21 22 32 33 34 35 50 51 52 75 76 77 78 95 96 104 105 119 120 152 153 154 170 171
SOL 4 5 14 15 22 23 24 27 28 69 70 75 76 77 90 91 104 105 114 115 119 120 135 136 143 144 153 154 170 171 175 176
SOL 4 5 14 15 22 23 27 28 34 35 68 69 75 76 77 90 91 104 105 114 115 135 136 143 144 153 154 170 171 175 176
SOL 4 5 14 15 23 24 25 27 28 35 36 54 55 69 70 76 77 99 100 114 115 119 120 170 171
SOL 4 5 14 15 23 24 33 34 35 36 44 45 68 69 70 75 76 90 91 104 105 114 115 143 144 170 171 175 176
SOL 4 5 14 15 23 24 34 35 50 51 56 57 69 70 76 77 90 91 99 100 104 105 114 115 132 133 143 144 152 153 154 175 176
SOL 4 5 14 15 24 25 26 27 28 33 34 39 40 51 52 54 55 99 100 153 154
SOL 4 5 14 15 25 26 33 34 35 38 39 51 52 75 76 77 90 91 99 100 104 105 132 133 143 144 152 153 175 176
