N=180 |A|=95 L=13974537376800 (44 bits)
SOL 3 4 15 16 18 19 35 36 56 57 65 66 75 76 104 105 175 176
SOL 3 4 15 16 20 21 28 29 55 56 65 66 90 91 116 117 144 145
SOL 3 4 15 16 22 23 55 56 57 69 70 90 91 104 105 114 115 119 120 132 133 143 144 170 171
SOL 3 4 18 19 33 34 35 51 52 55 56 57 58 75 76 87 88 116 117 144 145 153 154 174 175 176
SOL 3 4 19 20 21 22 55 56 57 58 65 66 75 76 87 88 90 91 116 117 144 145 174 175 176
SOL 3 4 20 21 22 25 26 27 44 45 54 55 65 66 77 78 99 100
SOL 3 4 21 22 23 24 33 34 68 69 70 75 76 77 90 91 104 105 114 115 143 144 170 171 175 176
SOL 3 4 21 22 23 24 44 45 56 57 68 69 77 78 84 85 90 91 114 115 132 133 153 154 170 171
SOL 3 4 21 22 23 25 26 56 57 65 66 69 70 77 78 99 100 114 115 119 120 132 133 170 171
SOL 3 4 21 22 33 34 35 36 38 39 40 51 52 84 85 90 91 104 105 132 133 170 171
SOL 3 4 21 22 34 35 36 38 39 44 45 51 52 76 77 90 91 104 105 132 133 152 153 154
SOL 3 4 22 23 24 25 55 56 57 68 69 70 77 78 84 85 90 91 99 100 114 115 132 133 153 154 170 171
SOL 3 4 22 23 25 26 33 34 44 45 68 69 70 75 76 99 100 114 115 143 144 170 171 175 176
SOL 3 4 22 23 26 27 28 32 33 45 46 54 55 77 78 90 91 143 144 160 161
SOL 3 4 22 23 27 28 33 34 54 55 56 57 65 66 68 69 104 105 114 115 132 133 170 171
SOL 3 4 22 23 33 34 35 45 46 50 51 75 76 77 78 90 91 95 96 119 120 152 153 154 160 161 170 171
SOL 3 4 23 24 25 26 27 56 57 69 70 75 76 77 99 100 114 115 132 133 135 136 143 144 152 153 154 175 176
SOL 3 4 23 24 25 27 28 32 33 45 46 65 66 80 81 99 100 104 105 160 161 162
SOL 3 4 23 24 27 28 29 54 55 56 68 69 70 75 76 84 85 114 115 116 144 145 153 154 170 171 175 176
SOL 3 4 23 24 27 28 35 36 44 45 69 70 76 77 78 84 85 90 91 114 115 135 136 170 171
SOL 3 4 23 24 29 30 44 45 55 56 68 69 70 75 76 77 84 85 114 115 116 144 145 153 154 170 171 175 176
SOL 3 4 23 24 32 33 56 57 58 65 66 69 70 75 76 87 88 90 91 95 96 114 115 116 117 144 145 174 175 176
SOL 3 4 23 24 34 35 50 51 56 57 65 66 69 70 75 76 77 78 90 91 104 105 114 115 132 133 152 153
SOL 3 4 25 26 27 28 33 34 35 39 40 51 52 54 55 56 99 100 153 154
SOL 3 4 25 26 34 35 38 39 44 45 50 51 52 65 66 75 76 99 100 104 105 132 133 152 153
SOL 3 4 28 29 34 35 38 39 50 51 55 56 65 66 76 77 99 100 116 117 132 133 143 144 145 152 153 154 175 176
SOL 4 5 9 10 18 19 35 36 44 45 55 56 57 65 66 76 77 104 105
SOL 4 5 10 11 18 19 27 28 54 55 56 57 75 76 77 90 91 104 105 143 144 175 176
SOL 4 5 10 11 21 22 23 35 36 44 45 68 69 76 77 84 85 114 115 153 154 170 171
SOL 4 5 10 11 22 23 32 33 44 45 56 57 69 70 76 77 78 90 91 95 96 114 115
SOL 4 5 10 11 22 23 45 46 54 55 56 75 76 77 80 81 95 96 119 120 135 136 152 153 160 161 162 170 171 175 176
SOL 4 5 13 14 15 19 20 25 26 55 56 57 76 77 78 90 91 99 100 104 105
SOL 4 5 13 14 15 26 27 28 33 34 44 45 51 52 54 55 65 66 153 154
SOL 4 5 13 14 15 27 28 35 36 38 39 65 66 75 76 90 91 132 133 135 136 143 144 152 153 154 175 176
SOL 4 5 13 14 15 34 35 38 39 40 50 51 52 76 77 78 90 91 99 100 132 133 143 144 152 153 154 175 176
SOL 4 5 13 14 21 22 24 25 26 35 36 44 45 77 78 90 91 99 100 104 105
SOL 4 5 13 14 21 22 33 34 38 39 50 51 52 55 56 99 100 119 120 132 133 143 144 153 154 170 171 175 176
SOL 4 5 13 14 22 23 26 27 32 33 56 57 69 70 76 77 95 96 104 105 114 115 135 136 153 154
SOL 4 5 13 14 22 23 27 28 54 55 65 66 68 69 75 76 77 78 84 85 114 115 143 144 153 154 170 171 175 176
SOL 4 5 13 14 24 25 33 34 35 36 38 39 51 52 75 76 77 99 100 132 133 143 144 152 153 175 176
SOL 4 5 13 14 26 27 28 38 39 40 56 57 58 75 76 87 88 116 117 119 120 135 136 143 144 145 152 153 170 171 174 175 176
SOL 4 5 13 14 27 28 29 30 38 39 55 56 75 76 77 90 91 104 105 116 117 132 133 135 136 143 144 145 152 153 175 176
SOL 4 5 13 14 27 28 29 32 33 39 40 55 56 75 76 95 96 116 117 119 120 135 136 144 145 152 153 170 171 175 176
SOL 4 5 13 14 29 30 34 35 36 44 45 50 51 55 56 77 78 99 100 104 105 116 117 143 144 145 153 154 175 176
SOL 4 5 13 14 33 34 35 38 39 44 45 51 52 65 66 75 76 77 78 90 91 104 105 132 133 143 144 152 153 175 176
SOL 5 6 7 12 13 32 33 34 38 39 51 52 65 66 75 76 77 95 96 104 105 143 144 153 154 175 176
SOL 5 6 7 12 13 33 34 38 39 40 50 51 52 76 77 78 90 91 99 100 132 133 143 144 152 153 175 176
SOL 5 6 9 10 11 12 21 22 25 26 65 66 77 78 99 100
SOL 5 6 9 10 13 14 15 33 34 35 44 45 51 52 90 91 153 154
SOL 5 6 12 13 14 15 19 20 25 26 55 56 57 76 77 78 90 91 99 100 104 105
SOL 5 6 12 13 14 15 26 27 28 33 34 44 45 51 52 54 55 65 66 153 154
SOL 5 6 12 13 14 15 27 28 35 36 38 39 65 66 75 76 90 91 132 133 135 136 143 144 152 153 154 175 176
SOL 5 6 12 13 14 15 34 35 38 39 40 50 51 52 76 77 78 90 91 99 100 132 133 143 144 152 153 154 175 176
SOL 5 6 12 13 14 21 22 24 25 26 35 36 44 45 77 78 90 91 99 100 104 105
SOL 5 6 12 13 14 21 22 33 34 38 39 50 51 52 55 56 99 100 119 120 132 133 143 144 153 154 170 171 175 176
SOL 5 6 12 13 14 22 23 26 27 32 33 56 57 69 70 76 77 95 96 104 105 114 115 135 136 153 154
SOL 5 6 12 13 14 22 23 27 28 54 55 65 66 68 69 75 76 77 78 84 85 114 115 143 144 153 154 170 171 175 176
SOL 5 6 12 13 14 24 25 33 34 35 36 38 39 51 52 75 76 77 99 100 132 133 143 144 152 153 175 176
SOL 5 6 12 13 14 26 27 28 38 39 40 56 57 58 75 76 87 88 116 117 119 120 135 136 143 144 145 152 153 170 171 174 175 176
SOL 5 6 12 13 14 27 28 29 30 38 39 55 56 75 76 77 90 91 104 105 116 117 132 133 135 136 143 144 145 152 153 175 176
SOL 5 6 12 13 14 27 28 29 32 33 39 40 55 56 75 76 95 96 116 117 119 120 135 136 144 145 152 153 170 171 175 176
SOL 5 6 12 13 14 29 30 34 35 36 44 45 50 51 55 56 77 78 99 100 104 105 116 117 143 144 145 153 154 175 176
SOL 5 6 12 13 14 33 34 35 38 39 44 45 51 52 65 66 75 76 77 78 90 91 104 105 132 133 143 144 152 153 175 176
SOL 5 6 12 13 15 16 27 28 29 38 39 65 66 76 77 78 90 91 104 105 116 117 132 133 135 136 144 145 152 153
SOL 5 6 12 13 15 16 34 35 36 38 39 50 51 56 57 76 77 78 99 100 104 105 119 120 152 153 170 171 175 176
SOL 5 6 12 13 16 17 18 26 27 33 34 39 40 77 78 84 85 104 105 135 136 143 144 153 154
SOL 5 6 12 13 16 17 21 22 23 44 45 51 52 68 69 75 76 90 91 114 115 153 154 170 171 175 176
SOL 5 6 12 13 16 17 29 30 34 35 36 39 40 44 45 77 78 84 85 90 91 116 117 144 145
SOL 5 6 12 13 17 18 20 21 33 34 38 39 65 66 75 76 90 91 119 120 132 133 143 144 152 153 175 176
SOL 5 6 12 13 17 18 27 28 34 35 38 39 55 56 77 78 84 85 104 105 119 120 132 133 135 136 153 154 170 171
SOL 5 6 12 13 18 19 21 22 23 34 35 51 52 69 70 90 91 114 115 119 120 132 133 152 153 154 170 171
SOL 5 6 12 13 18 19 23 24 33 34 51 52 65 66 69 70 90 91 104 105 114 115 119 120 132 133 152 153 154 170 171
SOL 5 6 12 13 18 19 26 27 38 39 40 54 55 56 57 75 76 77 78 104 105 119 120 132 133 143 144 170 171 175 176
SOL 5 6 12 13 19 20 23 24 25 38 39 55 56 57 69 70 77 78 99 100 104 105 114 115 119 120 170 171
SOL 5 6 12 13 19 20 25 26 27 28 32 33 76 77 95 96 99 100 104 105 119 120 132 133 135 136 153 154 170 171
SOL 5 6 12 13 19 20 33 34 38 39 44 45 51 52 55 56 57 75 76 77 119 120 132 133 143 144 153 154 170 171 175 176
SOL 5 6 12 13 19 20 34 35 36 38 39 40 51 52 55 56 57 75 76 77 84 85 132 133 143 144 170 171 175 176
SOL 5 6 12 13 20 21 22 28 29 34 35 39 40 50 51 55 56 99 100 116 117 144 145 153 154 175 176
SOL 5 6 12 13 20 21 24 25 26 27 38 39 75 76 77 78 99 100 104 105 132 133 135 136 143 144 152 153 154 175 176
SOL 5 6 12 13 21 22 23 24 34 35 45 46 51 52 56 57 90 91 95 96 119 120 132 133 152 153 154 160 161 170 171
SOL 5 6 12 13 21 22 23 33 34 39 40 55 56 65 66 68 69 70 75 76 77 90 91 114 115 143 144 170 171 175 176
SOL 5 6 12 13 21 22 27 28 29 38 39 40 55 56 75 76 77 78 90 91 116 117 132 133 135 136 144 145 152 153 175 176
SOL 5 6 12 13 21 22 29 30 33 34 38 39 50 51 77 78 84 85 90 91 99 100 116 117 132 133 144 145 170 171 175 176
SOL 5 6 12 13 21 22 33 34 38 39 40 50 51 52 55 56 57 65 66 75 76 77 78 119 120 152 153 154 170 171
SOL 5 6 12 13 22 23 24 25 33 34 39 40 55 56 57 68 69 77 78 99 100 104 105 114 115 132 133 170 171
SOL 5 6 12 13 22 23 24 27 28 29 39 40 44 45 46 65 66 80 81 104 105 116 117 144 145 161 162
SOL 5 6 12 13 22 23 24 28 29 30 33 34 68 69 75 76 77 78 104 105 114 115 116 117 143 144 145 170 171 175 176
SOL 5 6 12 13 22 23 24 28 29 35 36 68 69 75 76 77 78 84 85 104 105 114 115 116 117 143 144 145 153 154 170 171 175 176
SOL 5 6 12 13 22 23 24 33 34 39 40 51 52 55 56 65 66 69 70 76 77 78 114 115 119 120 153 154 170 171
SOL 5 6 12 13 22 23 24 35 36 39 40 44 45 56 57 68 69 77 78 84 85 104 105 114 115 132 133 153 154 170 171
SOL 5 6 12 13 22 23 25 26 28 29 65 66 69 70 75 76 90 91 99 100 104 105 114 115 116 117 119 120 144 145 170 171 175 176
SOL 5 6 12 13 22 23 26 27 28 29 44 45 69 70 75 76 90 91 114 115 116 117 119 120 135 136 144 145 153 154 170 171 175 176
SOL 5 6 12 13 22 23 26 27 29 30 50 51 65 66 68 69 70 90 91 99 100 104 105 115 116 117 135 136 144 145 175 176
SOL 5 6 12 13 22 23 27 28 29 32 33 39 40 44 45 46 54 55 56 116 117 144 145 160 161
SOL 5 6 12 13 22 23 28 29 34 35 38 39 50 51 55 56 69 70 99 100 114 115 116 117 144 145 152 153 154 175 176
SOL 5 6 12 13 22 23 29 30 32 33 34 44 45 46 51 52 65 66 77 78 116 117 143 144 145 153 154 160 161
SOL 5 6 12 13 22 23 32 33 34 39 40 44 45 46 51 52 65 66 77 78 90 91 104 105 143 144 153 154 160 161
SOL 5 6 12 13 22 23 32 33 35 36 38 39 40 44 45 46 65 66 90 91 119 120 132 133 143 144 160 161 170 171
SOL 5 6 12 13 22 23 35 36 38 39 40 56 57 58 68 69 70 75 76 84 85 87 88 115 116 117 144 145 152 153 170 171 174 175 176
SOL 5 6 12 13 22 23 38 39 44 45 56 57 58 68 69 70 75 76 77 78 84 85 87 88 104 105 115 116 144 145 152 153 170 171 174 175 176
SOL 5 6 12 13 23 24 25 26 27 51 52 65 66 68 69 75 76 90 91 99 100 104 105 114 115 119 120 135 136 143 144 170 171 175 176
SOL 5 6 12 13 23 24 25 26 34 35 36 50 51 52 65 66 69 70 75 76 99 100 114 115 119 120 153 154 170 171
SOL 5 6 12 13 23 24 25 34 35 36 45 46 51 52 55 56 76 77 90 91 95 96 99 100 119 120 152 153 160 161 170 171
SOL 5 6 12 13 23 24 25 38 39 57 58 68 69 70 75 76 77 78 84 85 87 88 99 100 104 105 115 116 144 145 152 153 154 170 171 174 175 176
SOL 5 6 12 13 23 24 26 27 28 29 39 40 44 45 46 65 66 80 81 104 105 116 117 143 144 145 161 162
SOL 5 6 12 13 23 24 26 27 35 36 50 51 52 55 56 65 66 68 69 70 75 76 114 115 119 120 135 136 170 171
SOL 5 6 12 13 23 24 27 28 29 38 39 40 69 70 75 76 77 78 90 91 115 116 117 132 133 135 136 144 145 152 153 154 175 176
SOL 5 6 12 13 23 24 27 28 33 34 39 40 54 55 56 57 68 69 70 77 78 104 105 114 115 132 133 170 171
SOL 5 6 12 13 23 24 28 29 32 33 38 39 40 45 46 90 91 104 105 116 117 119 120 132 133 143 144 145 160 161 170 171
SOL 5 6 12 13 23 24 29 30 38 39 45 46 54 55 77 78 80 81 90 91 116 117 119 120 132 133 135 136 144 145 153 154 161 162 170 171
SOL 5 6 12 13 23 24 34 35 36 39 40 50 51 52 56 57 65 66 69 70 75 76 77 78 114 115 132 133 152 153
SOL 5 6 12 13 25 26 28 29 32 33 38 39 44 45 55 56 75 76 77 95 96 99 100 116 117 143 144 145 175 176
SOL 5 6 12 13 25 26 28 29 34 35 38 39 51 52 75 76 77 78 99 100 104 105 116 117 132 133 143 144 145 152 153 154 175 176
SOL 5 6 12 13 25 26 32 33 34 35 51 52 55 56 57 65 66 77 78 90 91 95 96 99 100 119 120 132 133 152 153 154 170 171
SOL 5 6 12 13 26 27 28 29 35 36 38 39 44 45 56 57 75 76 116 117 119 120 135 136 143 144 145 152 153 154 170 171 175 176
SOL 5 6 12 13 26 27 28 35 36 38 39 44 45 57 58 75 76 77 87 88 116 117 119 120 135 136 143 144 145 152 153 170 171 174 175 176
SOL 5 6 12 13 26 27 29 30 33 34 35 50 51 54 55 56 65 66 90 91 99 100 104 105 116 117 144 145 153 154 175 176
SOL 5 6 12 13 26 27 32 33 34 44 45 51 52 54 55 65 66 75 76 90 91 95 96 104 105 119 120 143 144 152 153 170 171 175 176
SOL 5 6 12 13 28 29 34 35 36 38 39 40 50 51 56 57 76 77 78 90 91 99 100 116 117 119 120 144 145 152 153 170 171 175 176
SOL 6 7 8 11 12 17 18 20 21 34 35 65 66 77 78 84 85 90 91 104 105
SOL 6 7 8 11 12 18 19 26 27 28 54 55 56 57 75 76 77 78 90 91 143 144 175 176
SOL 6 7 8 11 12 20 21 22 32 33 34 35 50 51 75 76 95 96 119 120 152 153 170 171
SOL 6 7 8 11 12 20 21 23 24 32 33 55 56 57 69 70 76 77 95 96 114 115
SOL 6 7 8 11 12 21 22 23 38 39 40 44 45 46 75 76 77 78 95 96 143 144 160 161 175 176
SOL 6 7 8 11 12 22 23 27 28 34 35 44 45 68 69 70 76 77 114 115 135 136 153 154 170 171
SOL 6 7 8 11 12 23 24 25 26 44 45 55 56 69 70 75 76 99 100 114 115 119 120 143 144 170 171 175 176
SOL 6 7 8 11 12 23 24 25 26 45 46 54 55 77 78 80 81 90 91 99 100 135 136 143 144 153 154 161 162
SOL 6 7 8 11 12 23 24 33 34 35 44 45 56 57 65 66 68 69 70 104 105 114 115 132 133 170 171
