N= 160 |A|=  81 runs= 20 maxrun= 29 space=3.774e+16 log2=56 Ldigits=13
      runs=[(2, 30), (32, 36), (38, 40), (44, 45), (50, 52), (54, 57), (65, 66), (68, 70), (75, 78), (84, 85), (90, 91), (95, 96), (99, 100), (104, 105), (114, 117), (119, 120), (132, 133), (135, 136), (143, 145), (152, 154)]
      lens=[29, 5, 3, 2, 3, 4, 2, 3, 4, 2, 2, 2, 2, 2, 4, 2, 2, 2, 3, 3]
N= 170 |A|=  87 runs= 22 maxrun= 29 space=6.039e+17 log2=60 Ldigits=14
      runs=[(2, 30), (32, 36), (38, 40), (44, 46), (50, 52), (54, 57), (65, 66), (68, 70), (75, 78), (80, 81), (84, 85), (90, 91), (95, 96), (99, 100), (104, 105), (114, 117), (119, 120), (132, 133), (135, 136), (143, 145), (152, 154), (160, 162)]
      lens=[29, 5, 3, 3, 3, 4, 2, 3, 4, 2, 2, 2, 2, 2, 2, 4, 2, 2, 2, 3, 3, 3]
N= 180 |A|=  95 runs= 25 maxrun= 29 space=1.656e+19 log2=64 Ldigits=14
      runs=[(2, 30), (32, 36), (38, 40), (44, 46), (50, 52), (54, 58), (65, 66), (68, 70), (75, 78), (80, 81), (84, 85), (87, 88), (90, 91), (95, 96), (99, 100), (104, 105), (114, 117), (119, 120), (132, 133), (135, 136), (143, 145), (152, 154), (160, 162), (170, 171), (174, 176)]
      lens=[29, 5, 3, 3, 3, 5, 2, 3, 4, 2, 2, 2, 2, 2, 2, 2, 4, 2, 2, 2, 3, 3, 3, 2, 3]
N= 190 |A|=  97 runs= 26 maxrun= 29 space=3.313e+19 log2=65 Ldigits=14
      runs=[(2, 30), (32, 36), (38, 40), (44, 46), (50, 52), (54, 58), (65, 66), (68, 70), (75, 78), (80, 81), (84, 85), (87, 88), (90, 91), (95, 96), (99, 100), (104, 105), (114, 117), (119, 120), (132, 133), (135, 136), (143, 145), (152, 154), (160, 162), (170, 171), (174, 176), (189, 190)]
      lens=[29, 5, 3, 3, 3, 5, 2, 3, 4, 2, 2, 2, 2, 2, 2, 2, 4, 2, 2, 2, 3, 3, 3, 2, 3, 2]
N= 200 |A|= 102 runs= 27 maxrun= 29 space=3.975e+20 log2=69 Ldigits=14
      runs=[(2, 30), (32, 36), (38, 40), (44, 46), (48, 52), (54, 58), (65, 66), (68, 70), (75, 78), (80, 81), (84, 85), (87, 88), (90, 91), (95, 96), (98, 100), (104, 105), (114, 117), (119, 120), (132, 133), (135, 136), (143, 145), (152, 154), (160, 162), (170, 171), (174, 176), (189, 190), (195, 196)]
      lens=[29, 5, 3, 3, 5, 5, 2, 3, 4, 2, 2, 2, 2, 2, 3, 2, 4, 2, 2, 2, 3, 3, 3, 2, 3, 2, 2]
N= 220 |A|= 117 runs= 30 maxrun= 35 space=5.689e+23 log2=79 Ldigits=16
      runs=[(2, 36), (38, 40), (44, 46), (48, 52), (54, 58), (62, 63), (65, 66), (68, 70), (75, 78), (80, 81), (84, 85), (87, 88), (90, 93), (95, 96), (98, 100), (104, 105), (114, 117), (119, 120), (132, 133), (135, 136), (143, 145), (152, 156), (160, 162), (170, 171), (174, 176), (189, 190), (195, 196), (203, 204), (207, 210), (216, 217)]
      lens=[35, 3, 3, 5, 5, 2, 2, 3, 4, 2, 2, 2, 4, 2, 3, 2, 4, 2, 2, 2, 3, 5, 3, 2, 3, 2, 2, 2, 4, 2]
N= 250 |A|= 143 runs= 37 maxrun= 35 space=1.132e+29 log2=97 Ldigits=21
      runs=[(2, 36), (38, 42), (44, 46), (48, 52), (54, 58), (62, 63), (65, 66), (68, 70), (75, 78), (80, 81), (84, 85), (87, 88), (90, 93), (95, 96), (98, 100), (104, 105), (114, 117), (119, 120), (132, 133), (135, 136), (140, 141), (143, 145), (147, 148), (152, 156), (160, 162), (170, 171), (174, 176), (184, 190), (195, 196), (203, 205), (207, 210), (216, 217), (220, 222), (224, 225), (230, 232), (234, 235), (245, 248)]
      lens=[35, 5, 3, 5, 5, 2, 2, 3, 4, 2, 2, 2, 4, 2, 3, 2, 4, 2, 2, 2, 2, 3, 2, 5, 3, 2, 3, 7, 2, 3, 4, 2, 3, 2, 3, 2, 4]
N= 280 |A|= 153 runs= 42 maxrun= 35 space=3.621e+30 log2=102 Ldigits=21
      runs=[(2, 36), (38, 42), (44, 46), (48, 52), (54, 58), (62, 63), (65, 66), (68, 70), (75, 78), (80, 81), (84, 85), (87, 88), (90, 93), (95, 96), (98, 100), (104, 105), (114, 117), (119, 120), (132, 133), (135, 136), (140, 141), (143, 145), (147, 148), (152, 156), (160, 162), (170, 171), (174, 176), (184, 190), (195, 196), (203, 205), (207, 210), (216, 217), (220, 222), (224, 225), (230, 232), (234, 235), (245, 248), (252, 253), (260, 261), (272, 273), (275, 276), (279, 280)]
      lens=[35, 5, 3, 5, 5, 2, 2, 3, 4, 2, 2, 2, 4, 2, 3, 2, 4, 2, 2, 2, 2, 3, 2, 5, 3, 2, 3, 7, 2, 3, 4, 2, 3, 2, 3, 2, 4, 2, 2, 2, 2, 2]
N= 300 |A|= 170 runs= 46 maxrun= 41 space=1.354e+34 log2=114 Ldigits=21
      runs=[(2, 42), (44, 46), (48, 52), (54, 58), (62, 63), (65, 66), (68, 70), (74, 78), (80, 82), (84, 85), (87, 88), (90, 93), (95, 96), (98, 100), (104, 105), (110, 112), (114, 117), (119, 120), (123, 124), (132, 133), (135, 136), (140, 141), (143, 145), (147, 148), (152, 156), (160, 162), (170, 171), (174, 176), (184, 190), (195, 196), (203, 205), (207, 210), (216, 217), (220, 222), (224, 225), (230, 232), (234, 235), (245, 248), (252, 253), (259, 261), (272, 273), (275, 276), (279, 280), (285, 288), (296, 297), (299, 300)]
      lens=[41, 3, 5, 5, 2, 2, 3, 5, 3, 2, 2, 4, 2, 3, 2, 3, 4, 2, 2, 2, 2, 2, 3, 2, 5, 3, 2, 3, 7, 2, 3, 4, 2, 3, 2, 3, 2, 4, 2, 3, 2, 2, 2, 4, 2, 2]
