SOL 20 21 22 23 24 25 26 27 28 29 30 32 33 34 35 36 38 39 40 48 49 68 69 70 76 77 84 85 90 91 95 96 98 99 100 104 105 115 116 117 119 120 135 136 143 144 145 153 154 195 196
SOL 20 21 22 23 24 25 26 27 28 29 30 32 33 34 35 36 38 39 45 46 50 51 54 55 75 76 77 84 85 90 91 99 100 104 105 116 117 132 133 135 136 144 145 152 153 160 161 170 171 189 190
SOL 20 21 22 23 24 25 26 27 28 29 30 32 33 34 35 36 38 39 48 49 54 55 56 65 66 68 69 76 77 90 91 95 96 98 99 100 115 116 135 136 143 144 145 153 154 170 171 189 190 195 196
SOL 20 21 22 23 24 25 26 27 28 29 30 32 33 34 35 38 39 40 44 45 54 55 56 68 69 70 75 76 77 84 85 90 91 95 96 99 100 104 105 115 116 117 119 120 144 145 175 176
SOL 20 21 22 23 24 25 26 27 28 29 30 32 33 34 35 39 40 44 45 54 55 56 57 68 69 70 75 76 77 84 85 90 91 95 96 99 100 104 105 114 115 116 117 119 120 144 145 175 176
SOL 20 21 22 23 24 25 26 27 28 29 30 32 33 34 38 39 40 45 46 51 52 54 55 65 66 75 76 77 80 81 90 91 99 100 116 117 119 120 132 133 144 145 152 153 160 161 162 170 171 175 176 189 190
SOL 20 21 22 23 24 25 26 27 28 29 30 32 33 35 36 38 39 40 48 49 50 51 52 56 57 68 69 75 76 95 96 98 99 100 114 115 116 119 120 132 133 135 136 143 144 145 170 171 195 196
SOL 20 21 22 23 24 25 26 27 28 29 30 32 33 35 36 38 39 40 48 49 54 55 56 57 69 70 76 77 78 90 91 95 96 98 99 100 115 116 117 132 133 135 136 144 145 152 153 189 190 195 196
SOL 20 21 22 23 24 25 26 27 28 29 30 32 33 35 36 38 39 48 49 50 56 57 65 66 69 70 75 76 95 96 98 99 100 104 105 114 115 116 117 119 120 132 133 135 136 144 145 153 154 170 171 195 196
SOL 20 21 22 23 24 25 26 27 28 29 30 32 33 38 39 44 45 48 49 50 51 54 55 56 68 69 75 76 90 91 95 96 98 99 100 104 105 115 116 117 119 120 135 136 143 144 145 170 171 189 190 195 196
SOL 20 21 22 23 24 25 26 27 28 29 30 33 34 35 36 38 39 44 45 48 49 51 52 54 55 65 66 69 70 76 77 90 91 98 99 100 115 116 117 132 133 143 144 145 152 153 195 196
SOL 20 21 22 23 24 25 26 27 28 29 30 33 34 35 39 40 44 45 48 49 50 54 55 65 66 68 69 75 76 84 85 98 99 100 104 105 115 116 117 119 120 135 136 144 145 152 153 154 189 190 195 196
SOL 20 21 22 23 24 25 26 27 28 29 30 33 34 39 40 45 46 49 50 51 52 55 56 65 66 75 76 77 80 81 90 91 95 96 98 99 100 116 117 119 120 143 144 145 152 153 154 160 161 162 170 171 195 196
SOL 20 21 22 23 24 25 26 27 28 29 30 34 35 36 38 39 40 44 45 48 49 50 55 56 57 68 69 75 76 90 91 98 99 100 104 105 115 116 117 135 136 143 144 145 152 153 154 170 171 195 196
SOL 20 21 22 23 24 25 26 27 28 29 30 34 35 38 39 40 44 45 46 49 50 51 52 56 57 65 66 75 76 80 81 90 91 98 99 100 116 117 119 120 143 144 145 152 153 161 162 170 171 195 196
SOL 20 21 22 23 24 25 26 27 28 29 30 35 36 38 39 40 44 45 46 48 49 50 54 55 65 66 75 76 77 84 85 95 96 98 99 100 104 105 116 117 135 136 144 145 160 161 170 171 189 190 195 196
SOL 20 21 22 23 24 25 26 27 28 29 32 33 34 35 36 38 39 40 48 49 50 68 69 70 75 76 77 84 85 90 91 95 96 98 99 100 104 105 115 116 117 119 120 135 136 143 144 145 153 154 195 196
SOL 20 21 22 23 24 25 26 27 28 29 32 33 34 35 36 38 39 48 49 50 54 55 56 65 66 68 69 75 76 77 90 91 95 96 98 99 100 115 116 135 136 143 144 145 153 154 170 171 189 190 195 196
SOL 20 21 22 23 24 25 26 27 28 29 32 33 34 35 36 38 39 48 49 51 52 54 55 56 65 66 69 70 76 77 78 90 91 95 96 98 99 100 104 105 115 116 143 144 145 153 154 195 196
SOL 20 21 22 23 24 25 26 27 28 29 32 33 34 38 39 40 45 46 48 49 50 51 54 55 75 76 77 78 80 81 90 91 98 99 100 116 117 119 120 132 133 144 145 152 153 160 161 162 170 171 189 190 195 196
SOL 20 21 22 23 24 25 26 27 28 29 32 33 35 36 38 39 40 48 49 50 54 55 56 57 69 70 75 76 77 78 90 91 95 96 98 99 100 115 116 117 132 133 135 136 144 145 152 153 189 190 195 196
SOL 20 21 22 23 24 25 26 27 28 29 32 33 35 36 38 39 44 45 46 48 49 54 55 75 76 77 90 91 98 99 100 104 105 116 117 119 120 132 133 135 136 143 144 145 152 153 154 160 161 170 171 175 176 189 190 195 196
SOL 20 21 22 23 24 25 26 27 28 29 33 34 35 36 38 39 40 48 49 50 51 54 55 65 66 69 70 75 76 84 85 90 91 98 99 100 115 116 132 133 135 136 143 144 145 152 153 170 171 189 190 195 196
SOL 20 21 22 23 24 25 26 27 28 29 33 34 35 36 38 39 44 45 46 49 50 51 52 55 56 65 66 75 76 77 80 81 90 91 98 99 100 116 117 132 133 143 144 145 152 153 161 162 195 196
SOL 20 21 22 23 24 25 26 27 28 29 33 34 35 36 38 39 44 45 48 49 50 51 52 54 55 65 66 69 70 75 76 77 90 91 98 99 100 115 116 117 132 133 143 144 145 152 153 195 196
SOL 20 21 22 23 24 25 26 27 28 29 33 34 35 38 39 40 48 49 50 51 52 54 55 65 66 69 70 75 76 84 85 90 91 98 99 100 115 116 117 132 133 135 136 143 144 145 152 153 170 171 189 190 195 196
SOL 20 21 22 23 24 25 26 27 28 29 34 35 36 38 39 40 44 45 48 49 51 52 54 55 65 66 69 70 77 78 90 91 98 99 100 104 105 115 116 119 120 132 133 143 144 145 153 154 170 171 195 196
SOL 20 21 22 23 24 25 26 27 28 29 34 35 36 39 40 44 45 46 48 49 51 52 55 56 75 76 77 78 80 81 95 96 98 99 100 104 105 116 117 119 120 144 145 152 153 154 160 161 162 170 171 175 176 195 196
SOL 20 21 22 23 24 25 26 27 28 32 33 34 35 38 39 40 45 46 48 49 51 52 54 55 56 65 66 75 76 77 78 80 81 98 99 100 119 120 132 133 152 153 160 161 162 170 171 175 176 189 190 195 196
SOL 20 21 22 23 24 25 26 27 28 32 33 34 35 38 39 44 45 48 49 51 52 57 58 69 70 75 76 77 84 85 87 88 95 96 98 99 100 114 115 116 132 133 135 136 143 144 145 153 154 170 171 174 175 195 196
SOL 20 21 22 23 24 25 26 27 28 32 33 34 38 39 40 48 49 51 52 54 55 57 58 69 70 75 76 77 78 87 88 95 96 98 99 100 104 105 114 115 116 117 119 120 132 133 144 145 153 154 170 171 174 175 195 196
SOL 20 21 22 23 24 25 26 27 28 32 33 35 36 39 40 44 45 48 49 51 52 56 57 58 65 66 68 69 75 76 87 88 90 91 95 96 98 99 100 114 115 116 117 135 136 143 144 145 174 175 195 196
SOL 20 21 22 23 24 25 26 27 28 33 34 35 36 38 39 44 45 46 48 49 51 52 54 55 56 75 76 77 78 80 81 90 91 98 99 100 119 120 132 133 143 144 152 153 154 161 162 170 171 175 176 189 190 195 196
SOL 20 21 22 23 24 25 26 27 28 33 34 35 36 38 39 44 45 48 49 51 52 57 58 65 66 69 70 75 76 84 85 87 88 90 91 98 99 100 115 116 117 135 136 143 144 145 152 153 170 171 174 175 195 196
SOL 20 21 22 23 24 25 26 27 28 33 34 35 36 39 40 48 49 56 57 58 65 66 68 69 75 76 77 78 84 85 87 88 90 91 98 99 100 104 105 114 115 116 117 119 120 132 133 135 136 144 145 152 153 174 175 195 196
SOL 20 21 22 23 24 25 26 27 28 33 34 38 39 44 45 48 49 54 55 57 58 65 66 68 69 70 75 76 77 84 85 87 88 90 91 98 99 100 114 115 116 119 120 132 133 135 136 143 144 145 153 154 174 175 189 190 195 196
SOL 20 21 22 23 24 25 26 27 28 35 36 38 39 40 44 45 48 49 55 56 57 58 65 66 69 70 75 76 77 78 87 88 90 91 98 99 100 104 105 115 116 117 119 120 135 136 144 145 152 153 154 170 171 174 175 195 196
SOL 20 21 22 23 24 25 26 27 29 30 32 33 34 35 36 48 49 51 52 54 55 56 57 65 66 69 70 76 77 78 84 85 95 96 98 99 100 114 115 116 117 135 136 143 144 145 153 154 170 171 189 190 195 196
SOL 20 21 22 23 24 25 26 27 29 30 32 33 34 35 38 39 44 45 48 49 50 55 56 65 66 68 69 75 76 84 85 95 96 98 99 100 104 105 115 116 117 119 120 135 136 144 145 153 154 195 196
SOL 20 21 22 23 24 25 26 27 29 30 32 33 34 38 39 40 44 45 46 50 51 52 54 55 56 65 66 75 76 80 81 90 91 95 96 99 100 116 117 119 120 144 145 153 154 161 162 170 171 189 190
SOL 20 21 22 23 24 25 26 27 29 30 32 33 34 38 39 40 44 45 48 49 50 54 55 56 68 69 70 75 76 84 85 90 91 95 96 98 99 100 104 105 115 116 117 119 120 143 144 145 195 196
SOL 20 21 22 23 24 25 26 27 29 30 32 33 34 38 39 40 48 49 50 54 55 56 57 68 69 75 76 77 78 84 85 95 96 98 99 100 104 105 115 116 119 120 132 133 135 136 144 145 152 153 189 190 195 196
SOL 20 21 22 23 24 25 26 27 29 30 32 33 34 39 40 44 45 48 49 50 54 55 56 57 68 69 70 75 76 84 85 90 91 95 96 98 99 100 104 105 114 115 116 117 119 120 143 144 145 195 196
SOL 20 21 22 23 24 25 26 27 29 30 32 33 35 36 38 39 40 44 45 51 52 54 55 56 68 69 70 75 76 77 78 90 91 95 96 99 100 115 116 119 120 135 136 144 145 170 171 175 176 189 190
SOL 20 21 22 23 24 25 26 27 29 30 32 33 35 36 39 40 44 45 51 52 54 55 56 57 68 69 70 75 76 77 78 90 91 95 96 99 100 114 115 116 119 120 135 136 144 145 170 171 175 176 189 190
SOL 20 21 22 23 24 25 26 27 29 30 32 33 35 36 39 40 48 49 50 51 52 54 55 56 68 69 70 75 76 77 78 95 96 98 99 100 104 105 114 115 116 117 132 133 135 136 144 145 189 190 195 196
SOL 20 21 22 23 24 25 26 27 29 30 33 34 35 38 39 40 44 45 48 49 50 51 54 55 56 57 69 70 75 76 90 91 98 99 100 104 105 115 116 117 119 120 143 144 145 152 153 170 171 195 196
SOL 20 21 22 23 24 25 26 27 29 30 33 34 35 38 39 44 45 46 48 49 51 52 54 55 75 76 77 78 80 81 84 85 95 96 98 99 100 104 105 116 117 144 145 160 161 162 170 171 175 176 189 190 195 196
SOL 20 21 22 23 24 25 26 27 29 30 33 34 35 38 39 44 45 46 48 49 51 52 55 56 57 65 66 75 76 80 81 90 91 98 99 100 116 117 119 120 143 144 145 152 153 161 162 170 171 175 176 195 196
SOL 20 21 22 23 24 25 26 27 29 30 33 34 38 39 40 44 45 48 49 51 52 54 55 56 65 66 69 70 76 77 84 85 98 99 100 104 105 115 116 132 133 135 136 143 144 145 152 153 170 171 189 190 195 196
SOL 20 21 22 23 24 25 26 27 29 30 33 34 38 39 40 48 49 50 51 52 54 55 56 57 65 66 69 70 75 76 77 78 90 91 98 99 100 104 105 115 116 119 120 143 144 145 152 153 154 170 171 195 196
SOL 20 21 22 23 24 25 26 27 29 30 33 34 39 40 44 45 48 49 51 52 54 55 56 57 65 66 69 70 76 77 84 85 98 99 100 104 105 114 115 116 132 133 135 136 143 144 145 152 153 170 171 189 190 195 196
SOL 20 21 22 23 24 25 26 27 29 30 34 35 36 38 39 40 45 46 48 49 51 52 65 66 75 76 80 81 84 85 90 91 98 99 100 116 117 132 133 135 136 143 144 145 152 153 154 161 162 170 171 175 176 189 190 195 196
SOL 20 21 22 23 24 25 26 27 29 30 34 35 36 38 39 40 45 46 49 50 51 65 66 75 76 77 78 80 81 84 85 90 91 98 99 100 104 105 116 117 132 133 135 136 144 145 152 153 161 162 170 171 189 190 195 196
SOL 20 21 22 23 24 25 26 27 32 33 34 35 36 38 39 40 48 49 55 56 57 58 65 66 68 69 70 75 76 87 88 90 91 95 96 98 99 100 114 115 116 132 133 135 136 143 144 145 153 154 170 171 174 175 195 196
SOL 20 21 22 23 24 25 26 27 32 33 34 35 36 39 40 48 49 51 52 54 55 56 57 65 66 69 70 76 77 78 84 85 90 91 95 96 98 99 100 104 105 114 115 135 136 143 144 153 154 170 171 189 190 195 196
SOL 20 21 22 23 24 25 26 27 32 33 34 35 39 40 44 45 48 49 51 52 54 55 56 57 58 69 70 75 76 84 85 87 88 95 96 98 99 100 114 115 116 135 136 143 144 145 153 154 170 171 174 175 189 190 195 196
SOL 20 21 22 23 24 25 26 27 32 33 34 38 39 40 48 49 51 52 55 56 57 58 65 66 69 70 75 76 84 85 87 88 90 91 95 96 98 99 100 114 115 116 117 132 133 135 136 143 144 145 153 154 170 171 174 175 195 196
SOL 20 21 22 23 24 25 26 27 32 33 34 38 39 44 45 48 49 50 51 52 54 55 56 57 65 66 69 70 75 76 77 78 84 85 90 91 95 96 98 99 100 104 105 114 115 132 133 143 144 170 171 195 196
SOL 20 21 22 23 24 25 26 27 32 33 34 38 39 44 45 48 49 54 55 57 58 65 66 68 69 75 76 77 84 85 87 88 90 91 95 96 98 99 100 115 116 119 120 132 133 135 136 143 144 145 152 153 154 174 175 189 190 195 196
