SOL 22 23 24 25 26 27 28 29 30 31 32 33 34 35 36 38 39 40 44 45 46 50 51 65 66 69 70 75 76 80 81 84 85 92 93 99 100 114 115 116 143 144 145 160 161 162 170 171 189 190 207 208 209 216 217
SOL 22 23 24 25 26 27 28 29 30 31 32 33 34 35 36 38 39 40 44 45 46 54 55 68 69 70 80 81 84 85 92 93 99 100 104 105 114 115 116 117 119 120 135 136 143 144 145 152 153 160 161 162 207 208 216 217
SOL 22 23 24 25 26 27 28 29 30 31 32 33 34 35 36 38 39 40 44 45 46 55 56 65 66 68 69 70 75 76 80 81 92 93 95 96 99 100 115 116 143 144 145 161 162 170 171 175 176 189 190 207 208 216 217
SOL 22 23 24 25 26 27 28 29 30 31 32 33 34 35 36 38 39 40 45 46 54 55 56 68 69 76 77 78 80 81 84 85 92 93 99 100 115 116 117 119 120 132 133 135 136 144 145 152 153 160 161 162 207 208 216 217
SOL 22 23 24 25 26 27 28 29 30 31 32 33 34 35 36 38 39 40 45 46 54 55 65 66 68 69 70 75 76 84 85 87 88 92 93 99 100 114 115 116 143 144 160 161 170 171 175 176 189 190 203 204 207 208 209 210 216 217
SOL 22 23 24 25 26 27 28 29 30 31 32 33 34 35 36 38 39 44 45 46 49 50 51 69 70 75 76 77 84 85 87 88 91 92 93 98 99 100 104 105 114 115 116 153 154 160 161 195 196 203 204 207 208 209 216 217
SOL 22 23 24 25 26 27 28 29 30 31 32 33 34 35 36 38 39 44 45 46 68 69 75 76 77 80 81 87 88 92 93 95 96 99 100 104 105 115 116 117 119 120 143 144 152 153 161 162 170 171 175 176 189 190 203 204 207 208 209 210 216 217
SOL 22 23 24 25 26 27 28 29 30 31 32 33 34 35 36 38 39 45 46 54 55 56 65 66 68 69 70 80 81 84 85 87 88 92 93 99 100 115 116 132 133 135 136 143 144 153 154 160 161 162 170 171 203 204 207 208 216 217
SOL 22 23 24 25 26 27 28 29 30 31 32 33 34 35 36 39 40 44 45 46 48 49 51 52 69 70 76 77 91 92 93 98 99 100 104 105 114 115 116 117 119 120 144 145 152 153 160 161 170 171 195 196 207 208 209 216 217
SOL 22 23 24 25 26 27 28 29 30 31 32 33 34 35 36 39 40 44 45 46 51 52 55 56 65 66 69 70 75 76 92 93 99 100 114 115 116 117 119 120 143 144 145 152 153 154 160 161 170 171 175 176 207 208 209 216 217
SOL 22 23 24 25 26 27 28 29 30 31 32 33 34 35 36 39 40 44 45 46 55 56 57 65 66 68 69 70 75 76 80 81 92 93 95 96 99 100 114 115 116 143 144 145 161 162 170 171 175 176 189 190 207 208 216 217
SOL 22 23 24 25 26 27 28 29 30 31 32 33 34 35 36 39 40 44 45 46 56 57 68 69 77 78 80 81 87 88 90 91 92 93 99 100 104 105 115 116 117 132 133 143 144 152 153 154 160 161 162 189 190 203 204 207 208 216 217
SOL 22 23 24 25 26 27 28 29 30 31 32 33 34 35 36 39 40 45 46 50 51 56 57 69 70 75 76 80 81 92 93 99 100 104 105 114 115 116 117 119 120 132 133 143 144 145 152 153 160 161 162 170 171 189 190 207 208 216 217
SOL 22 23 24 25 26 27 28 29 30 31 32 33 34 35 36 39 40 45 46 51 52 55 56 65 66 69 70 76 77 78 80 81 90 91 92 93 99 100 115 116 117 143 144 145 152 153 154 160 161 162 189 190 207 208 216 217
SOL 22 23 24 25 26 27 28 29 30 31 32 33 34 35 36 39 40 45 46 54 55 56 57 68 69 70 75 76 77 84 85 92 93 99 100 104 105 115 116 117 119 120 132 133 143 144 145 160 161 175 176 189 190 207 208 209 216 217
SOL 22 23 24 25 26 27 28 29 30 31 32 33 34 35 36 39 40 45 46 54 55 56 57 68 69 76 77 78 80 81 84 85 92 93 99 100 114 115 116 117 119 120 132 133 135 136 144 145 152 153 160 161 162 207 208 216 217
SOL 22 23 24 25 26 27 28 29 30 31 32 33 34 35 36 44 45 46 48 49 50 51 55 56 69 70 75 76 91 92 93 98 99 100 104 105 114 115 116 117 119 120 143 144 145 152 153 154 160 161 170 171 195 196 207 208 209 216 217
SOL 22 23 24 25 26 27 28 29 30 31 32 33 34 35 36 44 45 46 51 52 55 56 57 65 66 69 70 84 85 87 88 90 91 92 93 99 100 114 115 116 117 119 120 132 133 152 153 160 161 170 171 203 204 207 208 209 210 216 217
SOL 22 23 24 25 26 27 28 29 30 31 32 33 34 35 36 44 45 46 51 52 55 56 65 66 69 70 76 77 84 85 87 88 90 91 92 93 99 100 114 115 116 117 119 120 152 153 154 160 161 170 171 203 204 207 208 209 210 216 217
SOL 22 23 24 25 26 27 28 29 30 31 32 33 34 35 36 45 46 48 49 50 51 69 70 75 76 80 81 90 91 92 93 95 96 98 99 100 104 105 114 115 116 117 132 133 143 144 145 152 153 154 161 162 189 190 195 196 207 208 209 210 216 217
SOL 22 23 24 25 26 27 28 29 30 31 32 33 34 35 36 45 46 48 49 51 52 54 55 65 66 69 70 77 78 90 91 92 93 98 99 100 104 105 115 116 119 120 143 144 145 153 154 160 161 170 171 189 190 195 196 207 208 216 217
SOL 22 23 24 25 26 27 28 29 30 31 32 33 34 35 36 45 46 48 49 54 55 56 57 68 69 70 77 78 80 81 92 93 95 96 98 99 100 104 105 115 116 132 133 135 136 144 145 152 153 161 162 170 171 195 196 207 208 216 217
SOL 22 23 24 25 26 27 28 29 30 31 32 33 34 35 36 45 46 48 49 54 55 68 69 70 75 76 80 81 84 85 87 88 92 93 95 96 98 99 100 115 116 117 135 136 152 153 154 161 162 170 171 175 176 195 196 203 204 207 208 216 217
SOL 22 23 24 25 26 27 28 29 30 31 32 33 34 35 36 45 46 50 51 52 55 56 57 69 70 75 76 77 78 80 81 90 91 92 93 99 100 114 115 116 119 120 132 133 144 145 152 153 160 161 162 170 171 189 190 207 208 216 217
SOL 22 23 24 25 26 27 28 29 30 31 32 33 34 35 36 45 46 50 51 52 55 56 69 70 75 76 77 78 80 81 84 85 87 88 91 92 93 95 96 99 100 114 115 116 132 133 153 154 161 162 189 190 203 204 207 208 216 217
SOL 22 23 24 25 26 27 28 29 30 31 32 33 34 35 38 39 40 44 45 46 48 49 56 57 68 69 77 78 80 81 92 93 95 96 98 99 100 115 116 117 132 133 143 144 145 161 162 170 171 189 190 195 196 207 208 216 217
SOL 22 23 24 25 26 27 28 29 30 31 32 33 34 35 38 39 40 44 45 46 50 51 52 65 66 69 70 75 76 80 81 84 85 92 93 99 100 114 115 116 117 143 144 145 160 161 162 170 171 189 190 207 208 209 216 217
SOL 22 23 24 25 26 27 28 29 30 31 32 33 34 35 38 39 40 44 45 46 55 56 57 65 66 68 69 76 77 80 81 87 88 92 93 99 100 114 115 116 132 133 143 144 153 154 160 161 162 189 190 203 204 207 208 216 217
SOL 22 23 24 25 26 27 28 29 30 31 32 33 34 35 38 39 40 44 45 46 55 56 65 66 68 69 77 78 84 85 87 88 92 93 99 100 104 105 114 115 116 117 135 136 152 153 160 161 170 171 189 190 203 204 207 208 216 217
SOL 22 23 24 25 26 27 28 29 30 31 32 33 34 35 38 39 44 45 46 49 50 51 52 69 70 75 76 77 84 85 87 88 91 92 93 98 99 100 104 105 114 115 116 117 153 154 160 161 195 196 203 204 207 208 209 216 217
SOL 22 23 24 25 26 27 28 29 30 31 32 33 34 35 38 39 44 45 46 50 51 69 70 75 76 77 78 80 81 90 91 92 93 99 100 104 105 115 116 117 119 120 132 133 143 144 145 152 153 160 161 162 170 171 189 190 207 208 216 217
SOL 22 23 24 25 26 27 28 29 30 31 32 33 34 35 38 39 45 46 48 49 55 56 69 70 75 76 77 87 88 91 92 93 98 99 100 104 105 114 115 116 119 120 135 136 160 161 170 171 175 176 189 190 195 196 203 204 207 208 209 210 216 217
SOL 22 23 24 25 26 27 28 29 30 31 32 33 34 35 38 39 45 46 55 56 57 65 66 68 69 70 76 77 78 80 81 87 88 91 92 93 99 100 114 115 116 132 133 143 144 152 153 160 161 162 189 190 203 204 207 208 209 210 216 217
SOL 22 23 24 25 26 27 28 29 30 31 32 33 34 35 39 40 44 45 46 48 49 55 56 68 69 75 76 77 87 88 91 92 93 98 99 100 104 105 114 115 116 119 120 153 154 160 161 170 171 175 176 195 196 203 204 207 208 216 217
SOL 22 23 24 25 26 27 28 29 30 31 32 33 34 35 39 40 45 46 48 49 51 52 65 66 69 70 76 77 80 81 91 92 93 95 96 98 99 100 114 115 116 132 133 144 145 152 153 161 162 189 190 195 196 207 208 209 210 216 217
SOL 22 23 24 25 26 27 28 29 30 31 32 33 34 35 44 45 46 48 49 50 55 56 57 68 69 70 75 76 80 81 91 92 93 95 96 98 99 100 104 105 114 115 116 117 143 144 145 161 162 170 171 189 190 195 196 207 208 216 217
SOL 22 23 24 25 26 27 28 29 30 31 32 33 34 35 44 45 46 48 49 50 68 69 75 76 77 80 81 84 85 90 91 92 93 95 96 98 99 100 104 105 114 115 116 117 119 120 132 133 143 144 145 161 162 189 190 195 196 207 208 216 217
SOL 22 23 24 25 26 27 28 29 30 31 32 33 34 35 44 45 46 48 49 51 52 54 55 56 57 65 66 69 70 76 77 92 93 98 99 100 104 105 115 116 132 133 143 144 145 153 154 160 161 189 190 195 196 207 208 209 216 217
SOL 22 23 24 25 26 27 28 29 30 31 32 33 34 35 44 45 46 48 49 51 52 65 66 69 70 75 76 77 78 84 85 87 88 92 93 98 99 100 114 115 116 119 120 152 153 154 160 161 170 171 175 176 195 196 203 204 207 208 209 216 217
SOL 22 23 24 25 26 27 28 29 30 31 32 33 34 35 44 45 46 49 50 51 54 55 56 65 66 69 70 75 76 77 84 85 87 88 92 93 98 99 100 104 105 115 116 117 152 153 160 161 189 190 195 196 203 204 207 208 216 217
SOL 22 23 24 25 26 27 28 29 30 31 32 33 34 35 44 45 46 49 50 54 55 65 66 68 69 70 75 76 77 80 81 92 93 98 99 100 104 105 114 115 116 117 135 136 144 145 152 153 160 161 162 170 171 195 196 207 208 209 210 216 217
SOL 22 23 24 25 26 27 28 29 30 31 32 33 34 35 44 45 46 49 50 54 55 68 69 75 76 80 81 84 85 87 88 91 92 93 98 99 100 104 105 114 115 116 117 135 136 143 144 153 154 160 161 162 170 171 195 196 203 204 207 208 216 217
SOL 22 23 24 25 26 27 28 29 30 31 32 33 34 35 44 45 46 49 50 55 56 65 66 68 69 75 76 80 81 87 88 92 93 95 96 98 99 100 104 105 114 115 116 117 132 133 152 153 161 162 189 190 195 196 203 204 207 208 209 216 217
SOL 22 23 24 25 26 27 28 29 30 31 32 33 34 35 44 45 46 49 50 56 57 68 69 75 76 77 78 80 81 84 85 87 88 90 91 92 93 95 96 98 99 100 114 115 116 117 161 162 170 171 189 190 195 196 203 204 207 208 216 217
SOL 22 23 24 25 26 27 28 29 30 31 32 33 34 35 44 45 46 50 51 52 56 57 69 70 75 76 77 80 81 84 85 87 88 92 93 95 96 99 100 114 115 116 119 120 152 153 154 161 162 170 171 189 190 203 204 207 208 209 210 216 217
SOL 22 23 24 25 26 27 28 29 30 31 32 33 34 35 44 45 46 50 51 54 55 56 65 66 69 70 75 76 77 80 81 84 85 90 91 92 93 99 100 114 115 116 135 136 144 145 152 153 160 161 162 170 171 207 208 209 210 216 217
SOL 22 23 24 25 26 27 28 29 30 31 32 33 34 35 44 45 46 51 52 54 55 65 66 69 70 76 77 78 80 81 84 85 90 91 92 93 99 100 104 105 114 115 116 135 136 144 145 152 153 160 161 162 170 171 207 208 209 210 216 217
SOL 22 23 24 25 26 27 28 29 30 31 32 33 34 35 45 46 48 49 50 51 55 56 65 66 69 70 75 76 80 81 91 92 93 95 96 98 99 100 114 115 116 132 133 143 144 145 152 153 154 161 162 189 190 195 196 207 208 209 210 216 217
SOL 22 23 24 25 26 27 28 29 30 31 32 33 34 35 45 46 48 49 50 54 55 56 57 68 69 70 75 76 77 80 81 92 93 95 96 98 99 100 115 116 117 132 133 135 136 144 145 153 154 161 162 170 171 195 196 207 208 209 216 217
SOL 22 23 24 25 26 27 28 29 30 31 32 33 34 35 45 46 48 49 50 55 56 68 69 75 76 77 78 80 81 84 85 90 91 92 93 95 96 98 99 100 114 115 116 117 119 120 132 133 144 145 161 162 189 190 195 196 207 208 216 217
SOL 22 23 24 25 26 27 28 29 30 31 32 33 34 35 45 46 49 50 54 55 56 68 69 75 76 80 81 84 85 87 88 91 92 93 98 99 100 104 105 114 115 116 117 135 136 143 144 152 153 160 161 162 170 171 195 196 203 204 207 208 209 216 217
SOL 22 23 24 25 26 27 28 29 30 31 32 33 34 35 45 46 50 51 55 56 57 65 66 69 70 75 76 80 81 84 85 87 88 91 92 93 95 96 99 100 114 115 116 119 120 152 153 154 161 162 170 171 189 190 203 204 207 208 209 216 217
SOL 22 23 24 25 26 27 28 29 30 31 32 33 34 35 45 46 51 52 55 56 69 70 75 76 77 80 81 84 85 87 88 91 92 93 95 96 99 100 104 105 114 115 116 132 133 143 144 152 153 154 161 162 175 176 189 190 203 204 207 208 209 210 216 217
SOL 22 23 24 25 26 27 28 29 30 31 32 33 34 38 39 40 44 45 46 49 50 54 55 69 70 75 76 77 78 80 81 87 88 92 93 98 99 100 114 115 116 117 135 136 143 144 160 161 162 195 196 203 204 207 208 209 216 217
SOL 22 23 24 25 26 27 28 29 30 31 32 33 34 38 39 40 44 45 46 51 52 55 56 65 66 69 70 75 76 80 81 84 85 92 93 95 96 99 100 115 116 117 143 144 145 161 162 170 171 175 176 189 190 207 208 216 217
SOL 22 23 24 25 26 27 28 29 30 31 32 33 34 38 39 40 44 45 46 54 55 65 66 68 69 75 76 77 78 84 85 87 88 90 91 92 93 99 100 114 115 116 143 144 160 161 170 171 175 176 189 190 203 204 207 208 209 210 216 217
SOL 22 23 24 25 26 27 28 29 30 31 32 33 34 38 39 40 45 46 48 49 50 68 69 70 75 76 80 81 87 88 91 92 93 98 99 100 104 105 114 115 116 119 120 153 154 160 161 162 170 171 189 190 195 196 203 204 207 208 209 210 216 217
SOL 22 23 24 25 26 27 28 29 30 31 32 33 34 38 39 40 45 46 55 56 57 65 66 68 69 75 76 77 78 80 81 87 88 92 93 99 100 104 105 114 115 116 117 132 133 153 154 160 161 162 175 176 189 190 203 204 207 208 216 217
SOL 22 23 24 25 26 27 28 29 30 31 32 33 34 38 39 44 45 46 48 49 51 52 54 55 65 66 69 70 76 77 84 85 90 91 92 93 98 99 100 114 115 116 144 145 160 161 170 171 189 190 195 196 207 208 209 216 217
SOL 22 23 24 25 26 27 28 29 30 31 32 33 34 38 39 44 45 46 48 49 54 55 56 68 69 70 76 77 78 84 85 87 88 92 93 98 99 100 114 115 116 117 143 144 160 161 170 171 189 190 195 196 203 204 207 208 209 210 216 217
SOL 22 23 24 25 26 27 28 29 30 31 32 33 34 38 39 44 45 46 54 55 56 65 66 68 69 77 78 80 81 84 85 87 88 90 91 92 93 99 100 115 116 132 133 135 136 143 144 153 154 160 161 162 170 171 203 204 207 208 216 217
SOL 22 23 24 25 26 27 28 29 30 31 32 33 34 38 39 45 46 48 49 51 52 54 55 56 69 70 76 77 90 91 92 93 98 99 100 104 105 115 116 117 119 120 132 133 144 145 152 153 160 161 170 171 189 190 195 196 207 208 216 217
SOL 22 23 24 25 26 27 28 29 30 31 32 33 34 38 39 45 46 48 49 54 55 56 57 68 69 70 75 76 80 81 90 91 92 93 98 99 100 104 105 115 116 135 136 144 145 152 153 160 161 162 170 171 175 176 195 196 207 208 216 217
SOL 22 23 24 25 26 27 28 29 30 31 32 33 34 38 39 45 46 49 50 51 55 56 57 69 70 75 76 77 80 81 91 92 93 98 99 100 104 105 114 115 116 132 133 144 145 152 153 154 160 161 162 189 190 195 196 207 208 209 210 216 217
SOL 22 23 24 25 26 27 28 29 30 31 32 33 34 39 40 44 45 46 51 52 55 56 57 65 66 69 70 75 76 80 81 84 85 92 93 95 96 99 100 114 115 116 117 143 144 145 161 162 170 171 175 176 189 190 207 208 216 217
SOL 22 23 24 25 26 27 28 29 30 31 32 33 34 39 40 44 45 46 56 57 65 66 68 69 70 75 76 77 78 84 85 90 91 92 93 99 100 115 116 119 120 132 133 135 136 143 144 145 153 154 160 161 175 176 189 190 207 208 209 210 216 217
SOL 22 23 24 25 26 27 28 29 30 31 32 33 34 39 40 45 46 48 49 50 51 52 65 66 69 70 75 76 77 80 81 91 92 93 95 96 98 99 100 114 115 116 132 133 144 145 152 153 161 162 189 190 195 196 207 208 209 216 217
SOL 22 23 24 25 26 27 28 29 30 31 32 33 34 39 40 45 46 49 50 51 52 54 55 56 65 66 69 70 75 76 84 85 87 88 90 91 92 93 98 99 100 115 116 152 153 160 161 189 190 195 196 203 204 207 208 216 217
SOL 22 23 24 25 26 27 28 29 30 31 32 33 34 39 40 45 46 51 52 55 56 69 70 75 76 77 78 80 81 84 85 87 88 92 93 95 96 99 100 114 115 116 132 133 143 144 152 153 154 161 162 175 176 189 190 203 204 207 208 209 216 217
SOL 22 23 24 25 26 27 28 29 30 31 32 33 34 39 40 45 46 54 55 56 57 65 66 68 69 75 76 77 78 80 81 92 93 95 96 99 100 104 105 115 116 117 132 133 135 136 144 145 153 154 161 162 170 171 175 176 207 208 209 216 217
SOL 22 23 24 25 26 27 28 29 30 31 32 33 34 44 45 46 48 49 50 51 55 56 57 69 70 75 76 80 81 84 85 91 92 93 95 96 98 99 100 104 105 114 115 116 117 143 144 145 161 162 170 171 189 190 195 196 207 208 216 217
SOL 22 23 24 25 26 27 28 29 30 31 32 33 34 44 45 46 48 49 50 54 55 56 65 66 68 69 70 75 76 80 81 92 93 95 96 98 99 100 104 105 115 116 117 135 136 144 145 152 153 154 161 162 170 171 195 196 207 208 216 217
SOL 22 23 24 25 26 27 28 29 30 31 32 33 34 44 45 46 48 49 50 55 56 65 66 68 69 70 75 76 77 78 80 81 87 88 91 92 93 98 99 100 104 105 115 116 117 152 153 160 161 162 189 190 195 196 203 204 207 208 216 217
SOL 22 23 24 25 26 27 28 29 30 31 32 33 34 44 45 46 48 49 51 52 54 55 56 57 65 66 69 70 76 77 78 91 92 93 98 99 100 104 105 115 116 132 133 143 144 145 153 154 160 161 189 190 195 196 207 208 209 210 216 217
SOL 22 23 24 25 26 27 28 29 30 31 32 33 34 44 45 46 48 49 51 52 56 57 65 66 69 70 80 81 84 85 87 88 92 93 95 96 98 99 100 104 105 115 116 143 144 152 153 154 161 162 189 190 195 196 203 204 207 208 209 210 216 217
SOL 22 23 24 25 26 27 28 29 30 31 32 33 34 44 45 46 48 49 54 55 68 69 75 76 77 78 80 81 84 85 87 88 90 91 92 93 95 96 98 99 100 115 116 117 135 136 152 153 154 161 162 170 171 175 176 195 196 203 204 207 208 216 217
SOL 22 23 24 25 26 27 28 29 30 31 32 33 34 44 45 46 49 50 51 52 55 56 65 66 69 70 75 76 77 78 84 85 87 88 92 93 98 99 100 114 115 116 119 120 152 153 154 160 161 170 171 195 196 203 204 207 208 209 210 216 217
SOL 22 23 24 25 26 27 28 29 30 31 32 33 34 44 45 46 49 50 51 54 55 65 66 69 70 75 76 77 80 81 84 85 92 93 98 99 100 104 105 114 115 116 117 135 136 144 145 152 153 160 161 162 170 171 195 196 207 208 209 210 216 217
SOL 22 23 24 25 26 27 28 29 30 31 32 33 34 44 45 46 50 51 52 54 55 65 66 69 70 75 76 77 78 80 81 84 85 90 91 92 93 99 100 104 105 114 115 116 135 136 144 145 152 153 160 161 162 170 171 207 208 209 216 217
SOL 22 23 24 25 26 27 28 29 30 31 32 33 34 45 46 48 49 50 51 52 55 56 57 65 66 69 70 75 76 84 85 87 88 92 93 98 99 100 104 105 114 115 116 132 133 143 144 152 153 154 160 161 195 196 203 204 207 208 216 217
SOL 22 23 24 25 26 27 28 29 30 31 32 33 34 45 46 48 49 50 51 54 55 56 57 69 70 75 76 77 80 81 84 85 92 93 95 96 98 99 100 115 116 117 132 133 135 136 144 145 153 154 161 162 170 171 195 196 207 208 209 216 217
SOL 22 23 24 25 26 27 28 29 30 31 32 33 34 45 46 48 49 50 54 55 56 57 65 66 68 69 75 76 80 81 90 91 92 93 95 96 98 99 100 115 116 132 133 135 136 143 144 145 153 154 161 162 170 171 195 196 207 208 209 210 216 217
SOL 22 23 24 25 26 27 28 29 30 31 32 33 34 45 46 48 49 50 54 55 56 57 68 69 70 75 76 77 78 80 81 91 92 93 95 96 98 99 100 115 116 117 132 133 135 136 144 145 153 154 161 162 170 171 195 196 207 208 209 210 216 217
SOL 22 23 24 25 26 27 28 29 30 31 32 33 34 45 46 48 49 51 52 54 55 56 57 69 70 77 78 80 81 84 85 92 93 95 96 98 99 100 104 105 115 116 117 132 133 135 136 144 145 152 153 161 162 170 171 195 196 207 208 216 217
SOL 22 23 24 25 26 27 28 29 30 31 32 33 34 45 46 48 49 54 55 56 57 65 66 68 69 80 81 84 85 87 88 90 91 92 93 95 96 98 99 100 115 116 132 133 135 136 143 144 152 153 154 161 162 170 171 195 196 203 204 207 208 216 217
SOL 22 23 24 25 26 27 28 29 30 31 32 33 34 45 46 49 50 56 57 65 66 68 69 70 75 76 77 78 80 81 84 85 90 91 92 93 98 99 100 104 105 115 116 117 119 120 132 133 144 145 160 161 162 189 190 195 196 207 208 209 210 216 217
SOL 22 23 24 25 26 27 28 29 30 31 32 33 35 36 38 39 40 44 45 46 65 66 68 69 70 76 77 78 80 81 84 85 92 93 99 100 104 105 115 116 117 132 133 144 145 152 153 154 160 161 162 170 171 189 190 207 208 216 217
SOL 22 23 24 25 26 27 28 29 30 31 32 33 35 36 38 39 44 45 46 48 49 50 55 56 69 70 75 76 77 78 84 85 87 88 92 93 98 99 100 114 115 116 117 143 144 160 161 195 196 203 204 207 208 209 216 217
SOL 22 23 24 25 26 27 28 29 30 31 32 33 35 36 38 39 44 45 46 49 50 68 69 70 75 76 77 78 80 81 84 85 92 93 98 99 100 115 116 117 132 133 143 144 145 152 153 160 161 162 170 171 189 190 195 196 207 208 216 217
SOL 22 23 24 25 26 27 28 29 30 31 32 33 35 36 38 39 44 45 46 51 52 54 55 56 68 69 76 77 78 80 81 84 85 87 88 92 93 99 100 114 115 116 135 136 143 144 160 161 162 203 204 207 208 209 216 217
SOL 22 23 24 25 26 27 28 29 30 31 32 33 35 36 38 39 45 46 49 50 56 57 69 70 75 76 80 81 87 88 91 92 93 95 96 98 99 100 104 105 114 115 116 119 120 153 154 161 162 189 190 195 196 203 204 207 208 209 216 217
SOL 22 23 24 25 26 27 28 29 30 31 32 33 35 36 39 40 44 45 46 49 50 51 68 69 70 75 76 77 87 88 90 91 92 93 98 99 100 104 105 115 116 119 120 135 136 152 153 160 161 189 190 195 196 203 204 207 208 216 217
SOL 22 23 24 25 26 27 28 29 30 31 32 33 35 36 39 40 45 46 50 51 56 57 68 69 70 75 76 77 80 81 87 88 92 93 99 100 104 105 115 116 117 119 120 132 133 143 144 160 161 162 189 190 203 204 207 208 209 210 216 217
SOL 22 23 24 25 26 27 28 29 30 31 32 33 35 36 39 40 45 46 54 55 56 57 69 70 77 78 80 81 84 85 87 88 92 93 95 96 99 100 115 116 117 119 120 132 133 135 136 152 153 154 161 162 170 171 203 204 207 208 216 217
SOL 22 23 24 25 26 27 28 29 30 31 32 33 35 36 39 40 45 46 56 57 65 66 68 69 75 76 77 78 80 81 84 85 90 91 92 93 95 96 99 100 114 115 116 143 144 145 153 154 161 162 170 171 175 176 189 190 207 208 216 217
SOL 22 23 24 25 26 27 28 29 30 31 32 33 35 36 44 45 46 48 49 54 55 56 69 70 75 76 77 78 80 81 84 85 90 91 92 93 98 99 100 114 115 116 117 135 136 144 145 160 161 162 170 171 175 176 195 196 207 208 216 217
SOL 22 23 24 25 26 27 28 29 30 31 32 33 35 36 45 46 48 49 50 54 55 56 57 65 66 68 69 75 76 84 85 90 91 92 93 98 99 100 114 115 116 132 133 143 144 145 152 153 160 161 170 171 189 190 195 196 207 208 216 217
SOL 22 23 24 25 26 27 28 29 30 31 32 33 35 36 45 46 48 49 50 54 55 56 57 68 69 70 75 76 77 78 84 85 91 92 93 98 99 100 114 115 116 117 132 133 144 145 152 153 160 161 170 171 189 190 195 196 207 208 216 217
SOL 22 23 24 25 26 27 28 29 30 31 32 33 35 36 45 46 48 49 50 69 70 75 76 77 80 81 87 88 90 91 92 93 95 96 98 99 100 104 105 114 115 116 117 119 120 132 133 143 144 152 153 161 162 189 190 195 196 203 204 207 208 209 210 216 217
SOL 22 23 24 25 26 27 28 29 30 31 32 33 35 36 45 46 48 49 56 57 65 66 68 69 70 75 76 80 81 84 85 90 91 92 93 98 99 100 114 115 116 132 133 143 144 145 152 153 160 161 162 170 171 175 176 189 190 195 196 207 208 216 217
SOL 22 23 24 25 26 27 28 29 30 31 32 33 35 36 45 46 48 49 56 57 65 66 69 70 75 76 77 80 81 84 85 87 88 90 91 92 93 98 99 100 115 116 132 133 143 144 160 161 162 175 176 189 190 195 196 203 204 207 208 209 210 216 217
SOL 22 23 24 25 26 27 28 29 30 31 32 33 35 36 45 46 49 50 56 57 65 66 69 70 75 76 77 78 84 85 87 88 91 92 93 98 99 100 104 105 115 116 117 132 133 135 136 153 154 160 161 189 190 195 196 203 204 207 208 209 210 216 217
SOL 22 23 24 25 26 27 28 29 30 31 32 33 38 39 40 44 45 46 51 52 54 55 56 65 66 68 69 70 77 78 80 81 92 93 99 100 104 105 115 116 119 120 132 133 135 136 143 144 145 160 161 162 170 171 207 208 216 217
SOL 22 23 24 25 26 27 28 29 30 31 32 33 38 39 40 44 45 46 54 55 56 65 66 69 70 75 76 77 78 84 85 87 88 90 91 92 93 99 100 114 115 116 119 120 143 144 160 161 170 171 175 176 189 190 203 204 207 208 209 216 217
SOL 22 23 24 25 26 27 28 29 30 31 32 33 38 39 40 44 45 46 56 57 69 70 75 76 77 78 80 81 84 85 87 88 90 91 92 93 95 96 99 100 104 105 114 115 116 117 143 144 161 162 175 176 189 190 203 204 207 208 209 210 216 217
SOL 22 23 24 25 26 27 28 29 30 31 32 33 39 40 44 45 46 49 50 51 52 54 55 56 57 65 66 68 69 75 76 87 88 91 92 93 98 99 100 115 116 119 120 132 133 160 161 189 190 195 196 203 204 207 208 209 216 217
SOL 22 23 24 25 26 27 28 29 30 31 32 33 39 40 44 45 46 51 52 54 55 56 57 65 66 68 69 70 77 78 80 81 92 93 99 100 104 105 114 115 116 119 120 132 133 135 136 143 144 145 160 161 162 170 171 207 208 216 217
SOL 22 23 24 25 26 27 28 29 30 31 32 33 39 40 45 46 48 49 54 55 56 65 66 69 70 76 77 78 80 81 92 93 95 96 98 99 100 104 105 115 116 117 119 120 135 136 143 144 145 152 153 154 161 162 170 171 195 196 207 208 216 217
SOL 22 23 24 25 26 27 28 29 30 31 32 33 39 40 45 46 48 49 56 57 69 70 75 76 77 84 85 87 88 90 91 92 93 98 99 100 104 105 114 115 116 119 120 132 133 135 136 152 153 154 160 161 170 171 175 176 189 190 195 196 203 204 207 208 216 217
SOL 22 23 24 25 26 27 28 29 30 31 32 33 39 40 45 46 49 50 54 55 56 65 66 69 70 75 76 77 78 80 81 92 93 98 99 100 104 105 114 115 116 117 119 120 135 136 143 144 145 153 154 160 161 162 170 171 195 196 207 208 216 217
SOL 22 23 24 25 26 27 28 29 30 31 32 33 39 40 45 46 54 55 56 57 69 70 75 76 77 80 81 84 85 87 88 92 93 95 96 99 100 104 105 115 116 117 119 120 132 133 135 136 143 144 153 154 161 162 170 171 175 176 203 204 207 208 209 216 217
SOL 22 23 24 25 26 27 28 29 30 31 32 33 44 45 46 50 51 54 55 56 57 65 66 68 69 70 75 76 80 81 84 85 87 88 90 91 92 93 95 96 99 100 115 116 119 120 132 133 135 136 161 162 170 171 203 204 207 208 209 216 217
SOL 22 23 24 25 26 27 28 29 30 31 32 33 45 46 48 49 50 51 52 55 56 57 65 66 68 69 70 75 76 77 84 85 87 88 92 93 98 99 100 104 105 115 116 132 133 135 136 143 144 160 161 189 190 195 196 203 204 207 208 209 216 217
SOL 22 23 24 25 26 27 28 29 30 31 32 33 45 46 49 50 51 52 55 56 57 65 66 68 69 70 75 76 77 80 81 87 88 90 91 92 93 98 99 100 115 116 117 119 120 132 133 143 144 160 161 162 189 190 195 196 203 204 207 208 209 216 217
SOL 22 23 24 25 26 27 28 29 30 31 32 34 35 36 38 39 40 44 45 46 51 52 55 56 57 65 66 69 70 75 76 92 93 99 100 115 116 117 119 120 143 144 145 152 153 154 160 161 170 171 175 176 207 208 216 217
SOL 22 23 24 25 26 27 28 29 30 31 32 34 35 36 38 39 40 44 45 46 55 56 68 69 76 77 80 81 87 88 92 93 99 100 104 105 114 115 116 117 119 120 143 144 153 154 160 161 162 170 171 189 190 203 204 207 208 209 210 216 217
SOL 22 23 24 25 26 27 28 29 30 31 32 34 35 36 38 39 40 45 46 48 49 51 52 55 56 69 70 76 77 90 91 92 93 98 99 100 104 105 115 116 117 132 133 144 145 152 153 154 160 161 195 196 207 208 216 217
SOL 22 23 24 25 26 27 28 29 30 31 32 34 35 36 38 39 40 45 46 54 55 56 57 68 69 70 75 76 77 84 85 92 93 99 100 104 105 114 115 116 117 119 120 132 133 143 144 145 160 161 175 176 189 190 207 208 216 217
SOL 22 23 24 25 26 27 28 29 30 31 32 34 35 36 38 39 40 45 46 54 55 68 69 70 75 76 77 78 80 81 84 85 92 93 95 96 99 100 115 116 117 119 120 135 136 144 145 152 153 161 162 175 176 207 208 209 210 216 217
SOL 22 23 24 25 26 27 28 29 30 31 32 34 35 36 38 39 40 45 46 56 57 68 69 76 77 78 80 81 87 88 90 91 92 93 99 100 104 105 114 115 116 117 132 133 143 144 152 153 154 160 161 162 189 190 203 204 207 208 209 216 217
SOL 22 23 24 25 26 27 28 29 30 31 32 34 35 36 38 39 44 45 46 48 49 54 55 68 69 76 77 78 87 88 92 93 98 99 100 114 115 116 117 119 120 143 144 153 154 160 161 170 171 189 190 195 196 203 204 207 208 209 210 216 217
SOL 22 23 24 25 26 27 28 29 30 31 32 34 35 36 38 39 44 45 46 50 51 52 55 56 69 70 75 76 77 78 80 81 84 85 92 93 99 100 114 115 116 143 144 145 160 161 162 170 171 189 190 207 208 209 210 216 217
SOL 22 23 24 25 26 27 28 29 30 31 32 34 35 36 38 39 44 45 46 68 69 75 76 77 78 80 81 87 88 91 92 93 95 96 99 100 104 105 115 116 117 119 120 143 144 152 153 154 161 162 170 171 175 176 189 190 203 204 207 208 209 210 216 217
SOL 22 23 24 25 26 27 28 29 30 31 32 34 35 36 38 39 45 46 48 49 50 68 69 75 76 77 80 81 84 85 87 88 90 91 92 93 98 99 100 104 105 114 115 116 160 161 162 170 171 189 190 195 196 203 204 207 208 209 216 217
SOL 22 23 24 25 26 27 28 29 30 31 32 34 35 36 38 39 45 46 50 51 52 55 56 65 66 69 70 75 76 80 81 92 93 99 100 115 116 117 119 120 132 133 143 144 145 152 153 154 160 161 162 170 171 189 190 207 208 216 217
SOL 22 23 24 25 26 27 28 29 30 31 32 34 35 36 38 39 45 46 50 51 56 57 69 70 75 76 77 78 80 81 90 91 92 93 99 100 104 105 114 115 116 117 132 133 143 144 145 152 153 160 161 162 189 190 207 208 209 210 216 217
SOL 22 23 24 25 26 27 28 29 30 31 32 34 35 36 38 39 45 46 51 52 54 55 65 66 69 70 77 78 80 81 84 85 92 93 99 100 104 105 115 116 132 133 135 136 143 144 145 152 153 160 161 162 170 171 207 208 209 216 217
SOL 22 23 24 25 26 27 28 29 30 31 32 34 35 36 38 39 45 46 54 55 56 57 68 69 70 75 76 77 78 80 81 84 85 87 88 92 93 99 100 115 116 117 135 136 152 153 160 161 162 170 171 175 176 203 204 207 208 216 217
SOL 22 23 24 25 26 27 28 29 30 31 32 34 35 36 38 39 45 46 54 55 65 66 68 69 70 77 78 80 81 84 85 87 88 91 92 93 99 100 115 116 132 133 135 136 143 144 152 153 154 160 161 162 170 171 203 204 207 208 209 216 217
SOL 22 23 24 25 26 27 28 29 30 31 32 34 35 36 39 40 44 45 46 51 52 55 56 65 66 69 70 75 76 77 78 91 92 93 99 100 114 115 116 117 119 120 143 144 145 152 153 160 161 170 171 175 176 207 208 209 216 217
SOL 22 23 24 25 26 27 28 29 30 31 32 34 35 36 39 40 44 45 46 54 55 65 66 68 69 70 77 78 80 81 84 85 92 93 99 100 104 105 115 116 117 119 120 135 136 144 145 152 153 154 160 161 162 207 208 209 210 216 217
SOL 22 23 24 25 26 27 28 29 30 31 32 34 35 36 39 40 45 46 48 49 51 52 55 56 57 69 70 76 77 90 91 92 93 98 99 100 104 105 114 115 116 117 132 133 144 145 152 153 154 160 161 195 196 207 208 216 217
SOL 22 23 24 25 26 27 28 29 30 31 32 34 35 36 39 40 45 46 51 52 65 66 69 70 75 76 77 78 80 81 90 91 92 93 95 96 99 100 114 115 116 117 132 133 143 144 145 152 153 161 162 175 176 189 190 207 208 209 210 216 217
SOL 22 23 24 25 26 27 28 29 30 31 32 34 35 36 39 40 45 46 55 56 57 65 66 68 69 70 76 77 78 80 81 84 85 90 91 92 93 99 100 115 116 119 120 132 133 143 144 145 160 161 162 189 190 207 208 209 210 216 217
SOL 22 23 24 25 26 27 28 29 30 31 32 34 35 36 44 45 46 48 49 50 51 55 56 65 66 69 70 75 76 77 92 93 98 99 100 104 105 114 115 116 117 119 120 144 145 152 153 154 160 161 170 171 195 196 207 208 209 210 216 217
SOL 22 23 24 25 26 27 28 29 30 31 32 34 35 36 44 45 46 48 49 54 55 65 66 68 69 70 75 76 77 80 81 91 92 93 98 99 100 114 115 116 135 136 143 144 145 152 153 160 161 162 170 171 175 176 195 196 207 208 209 210 216 217
SOL 22 23 24 25 26 27 28 29 30 31 32 34 35 36 44 45 46 49 50 55 56 57 65 66 68 69 75 76 80 81 84 85 92 93 98 99 100 104 105 115 116 117 119 120 132 133 144 145 160 161 162 189 190 195 196 207 208 209 216 217
SOL 22 23 24 25 26 27 28 29 30 31 32 34 35 36 45 46 48 49 50 51 56 57 69 70 75 76 84 85 90 91 92 93 98 99 100 104 105 114 115 116 117 132 133 135 136 143 144 145 152 153 154 160 161 170 171 189 190 195 196 207 208 216 217
SOL 22 23 24 25 26 27 28 29 30 31 32 34 35 36 45 46 48 49 50 54 55 56 57 65 66 68 69 75 76 77 84 85 90 91 92 93 98 99 100 115 116 119 120 132 133 143 144 145 160 161 189 190 195 196 207 208 209 216 217
SOL 22 23 24 25 26 27 28 29 30 31 32 34 35 36 45 46 48 49 50 56 57 65 66 68 69 75 76 77 78 90 91 92 93 98 99 100 104 105 114 115 116 117 132 133 135 136 144 145 152 153 160 161 170 171 189 190 195 196 207 208 216 217
SOL 22 23 24 25 26 27 28 29 30 31 32 34 35 36 45 46 48 49 50 65 66 68 69 75 76 77 78 80 81 84 85 91 92 93 95 96 98 99 100 104 105 114 115 116 117 119 120 132 133 144 145 161 162 189 190 195 196 207 208 216 217
SOL 22 23 24 25 26 27 28 29 30 31 32 34 35 36 45 46 48 49 54 55 65 66 68 69 70 76 77 80 81 84 85 87 88 92 93 98 99 100 104 105 114 115 116 117 135 136 152 153 160 161 162 170 171 195 196 203 204 207 208 209 216 217
SOL 22 23 24 25 26 27 28 29 30 31 32 34 35 36 45 46 48 49 54 55 68 69 70 75 76 77 78 80 81 84 85 87 88 91 92 93 95 96 98 99 100 115 116 117 135 136 152 153 161 162 170 171 175 176 195 196 203 204 207 208 216 217
SOL 22 23 24 25 26 27 28 29 30 31 32 34 35 36 45 46 48 49 56 57 65 66 68 69 70 75 76 77 80 81 84 85 90 91 92 93 98 99 100 115 116 119 120 132 133 143 144 145 160 161 162 175 176 189 190 195 196 207 208 209 216 217
SOL 22 23 24 25 26 27 28 29 30 31 32 34 35 36 45 46 49 50 56 57 68 69 70 75 76 77 78 80 81 87 88 90 91 92 93 95 96 98 99 100 114 115 116 117 119 120 152 153 161 162 170 171 189 190 195 196 203 204 207 208 209 216 217
SOL 22 23 24 25 26 27 28 29 30 31 32 34 35 38 39 40 44 45 46 55 56 65 66 68 69 70 75 76 77 84 85 87 88 92 93 99 100 114 115 116 135 136 143 144 153 154 160 161 170 171 175 176 189 190 203 204 207 208 209 216 217
SOL 22 23 24 25 26 27 28 29 30 31 32 34 35 38 39 40 45 46 54 55 56 68 69 75 76 77 78 87 88 90 91 92 93 99 100 104 105 115 116 117 119 120 132 133 143 144 152 153 154 160 161 170 171 175 176 189 190 203 204 207 208 216 217
SOL 22 23 24 25 26 27 28 29 30 31 32 34 35 38 39 40 45 46 56 57 68 69 70 77 78 80 81 87 88 90 91 92 93 99 100 104 105 114 115 116 117 119 120 132 133 143 144 153 154 160 161 162 170 171 189 190 203 204 207 208 209 210 216 217
SOL 22 23 24 25 26 27 28 29 30 31 32 34 35 38 39 44 45 46 48 49 54 55 56 68 69 75 76 87 88 91 92 93 98 99 100 104 105 115 116 119 120 132 133 152 153 154 160 161 170 171 175 176 189 190 195 196 203 204 207 208 216 217
SOL 22 23 24 25 26 27 28 29 30 31 32 34 35 38 39 44 45 46 48 49 56 57 68 69 70 80 81 87 88 91 92 93 98 99 100 104 105 114 115 116 119 120 132 133 153 154 160 161 162 170 171 189 190 195 196 203 204 207 208 209 210 216 217
SOL 22 23 24 25 26 27 28 29 30 31 32 34 35 38 39 44 45 46 51 52 56 57 69 70 75 76 77 78 80 81 84 85 87 88 92 93 95 96 99 100 114 115 116 143 144 153 154 161 162 175 176 189 190 203 204 207 208 209 216 217
SOL 22 23 24 25 26 27 28 29 30 31 32 34 35 38 39 44 45 46 54 55 56 57 68 69 76 77 78 80 81 84 85 87 88 91 92 93 99 100 104 105 115 116 117 135 136 143 144 152 153 160 161 162 170 171 203 204 207 208 216 217
SOL 22 23 24 25 26 27 28 29 30 31 32 34 35 38 39 44 45 46 55 56 65 66 68 69 75 76 77 78 80 81 84 85 87 88 90 91 92 93 95 96 99 100 115 116 143 144 161 162 170 171 175 176 189 190 203 204 207 208 216 217
SOL 22 23 24 25 26 27 28 29 30 31 32 34 35 38 39 45 46 48 49 51 52 55 56 69 70 75 76 77 84 85 87 88 91 92 93 98 99 100 104 105 114 115 116 117 153 154 160 161 175 176 195 196 203 204 207 208 209 210 216 217
SOL 22 23 24 25 26 27 28 29 30 31 32 34 35 38 39 45 46 48 49 55 56 57 68 69 70 76 77 84 85 90 91 92 93 98 99 100 104 105 114 115 116 119 120 132 133 135 136 144 145 153 154 160 161 189 190 195 196 207 208 216 217
SOL 22 23 24 25 26 27 28 29 30 31 32 34 35 38 39 45 46 49 50 51 69 70 75 76 77 80 81 84 85 87 88 91 92 93 95 96 98 99 100 104 105 115 116 119 120 152 153 161 162 170 171 189 190 195 196 203 204 207 208 209 210 216 217
SOL 22 23 24 25 26 27 28 29 30 31 32 34 35 39 40 44 45 46 48 49 50 56 57 68 69 75 76 80 81 87 88 90 91 92 93 98 99 100 104 105 115 116 132 133 153 154 160 161 162 189 190 195 196 203 204 207 208 209 216 217
SOL 22 23 24 25 26 27 28 29 30 31 32 34 35 39 40 45 46 48 49 51 52 56 57 65 66 69 70 76 77 84 85 91 92 93 98 99 100 114 115 116 132 133 135 136 144 145 152 153 160 161 170 171 189 190 195 196 207 208 216 217
SOL 22 23 24 25 26 27 28 29 30 31 32 34 35 39 40 45 46 49 50 56 57 68 69 75 76 77 80 81 87 88 91 92 93 95 96 98 99 100 104 105 114 115 116 119 120 152 153 161 162 170 171 189 190 195 196 203 204 207 208 209 210 216 217
SOL 22 23 24 25 26 27 28 29 30 31 32 34 35 39 40 45 46 54 55 56 57 68 69 70 75 76 77 78 80 81 91 92 93 95 96 99 100 104 105 115 116 117 132 133 135 136 143 144 145 153 154 161 162 170 171 175 176 207 208 209 216 217
SOL 22 23 24 25 26 27 28 29 30 31 32 34 35 39 40 45 46 54 55 56 57 68 69 75 76 77 78 87 88 90 91 92 93 99 100 104 105 114 115 116 117 119 120 132 133 143 144 152 153 154 160 161 170 171 175 176 189 190 203 204 207 208 216 217
SOL 22 23 24 25 26 27 28 29 30 31 32 34 35 44 45 46 49 50 51 54 55 56 65 66 69 70 75 76 77 78 84 85 87 88 91 92 93 98 99 100 104 105 115 116 117 152 153 154 160 161 189 190 195 196 203 204 207 208 216 217
SOL 22 23 24 25 26 27 28 29 30 31 32 34 35 44 45 46 49 50 51 54 55 65 66 69 70 75 76 77 80 81 84 85 92 93 98 99 100 104 105 114 115 116 117 135 136 144 145 152 153 154 160 161 162 170 171 195 196 207 208 209 216 217
SOL 22 23 24 25 26 27 28 29 30 31 32 34 35 44 45 46 49 50 54 55 65 66 68 69 70 75 76 77 78 80 81 91 92 93 98 99 100 104 105 114 115 116 117 135 136 144 145 152 153 154 160 161 162 170 171 195 196 207 208 209 210 216 217
SOL 22 23 24 25 26 27 28 29 30 31 32 34 35 45 46 48 49 50 56 57 65 66 68 69 70 75 76 77 78 84 85 91 92 93 98 99 100 104 105 115 116 117 119 120 132 133 135 136 144 145 153 154 160 161 189 190 195 196 207 208 209 216 217
SOL 22 23 24 25 26 27 28 29 30 31 32 35 36 38 39 40 44 45 46 48 49 54 55 56 69 70 76 77 78 80 81 92 93 95 96 98 99 100 115 116 117 135 136 143 144 145 152 153 161 162 195 196 207 208 209 210 216 217
SOL 22 23 24 25 26 27 28 29 30 31 32 35 36 38 39 40 44 45 46 51 52 55 56 65 66 68 69 70 75 76 77 92 93 99 100 114 115 116 117 119 120 135 136 143 144 145 160 161 170 171 175 176 189 190 207 208 209 216 217
SOL 22 23 24 25 26 27 28 29 30 31 32 35 36 38 39 40 45 46 48 49 55 56 65 66 68 69 70 77 78 84 85 92 93 98 99 100 104 105 115 116 117 132 133 143 144 145 152 153 160 161 170 171 195 196 207 208 209 210 216 217
SOL 22 23 24 25 26 27 28 29 30 31 32 35 36 38 39 40 45 46 49 50 54 55 56 69 70 75 76 77 80 81 90 91 92 93 98 99 100 104 105 115 116 132 133 135 136 144 145 152 153 154 160 161 162 195 196 207 208 216 217
SOL 22 23 24 25 26 27 28 29 30 31 32 35 36 38 39 40 45 46 54 55 56 65 66 69 70 76 77 78 80 81 84 85 87 88 90 91 92 93 99 100 115 116 132 133 135 136 143 144 152 153 160 161 162 203 204 207 208 216 217
SOL 22 23 24 25 26 27 28 29 30 31 32 35 36 38 39 44 45 46 48 49 50 68 69 75 76 77 80 81 84 85 90 91 92 93 95 96 98 99 100 104 105 115 116 144 145 152 153 154 161 162 170 171 189 190 195 196 207 208 209 216 217
SOL 22 23 24 25 26 27 28 29 30 31 32 35 36 38 39 44 45 46 49 50 51 56 57 68 69 70 75 76 84 85 87 88 91 92 93 98 99 100 104 105 114 115 116 132 133 135 136 160 161 189 190 195 196 203 204 207 208 216 217
SOL 22 23 24 25 26 27 28 29 30 31 32 35 36 38 39 45 46 48 49 55 56 69 70 75 76 77 84 85 87 88 91 92 93 98 99 100 104 105 114 115 116 119 120 135 136 153 154 160 161 170 171 175 176 189 190 195 196 203 204 207 208 209 216 217
SOL 22 23 24 25 26 27 28 29 30 31 32 35 36 38 39 45 46 51 52 54 55 65 66 68 69 70 75 76 80 81 87 88 92 93 95 96 99 100 115 116 117 119 120 135 136 143 144 152 153 154 161 162 175 176 203 204 207 208 209 216 217
SOL 22 23 24 25 26 27 28 29 30 31 32 35 36 39 40 44 45 46 48 49 50 56 57 69 70 75 76 77 80 81 91 92 93 95 96 98 99 100 104 105 114 115 116 119 120 144 145 161 162 170 171 189 190 195 196 207 208 216 217
SOL 22 23 24 25 26 27 28 29 30 31 32 35 36 39 40 44 45 46 48 49 54 55 56 57 69 70 76 77 78 80 81 92 93 95 96 98 99 100 114 115 116 117 135 136 143 144 145 152 153 161 162 195 196 207 208 209 210 216 217
SOL 22 23 24 25 26 27 28 29 30 31 32 35 36 39 40 45 46 48 49 54 55 56 69 70 75 76 77 80 81 91 92 93 98 99 100 104 105 114 115 116 119 120 135 136 144 145 152 153 160 161 162 170 171 175 176 195 196 207 208 209 210 216 217
SOL 22 23 24 25 26 27 28 29 30 31 32 35 36 39 40 45 46 48 49 55 56 57 65 66 68 69 70 77 78 84 85 92 93 98 99 100 104 105 114 115 116 117 132 133 143 144 145 152 153 160 161 170 171 195 196 207 208 209 210 216 217
SOL 22 23 24 25 26 27 28 29 30 31 32 35 36 39 40 45 46 49 50 54 55 56 57 69 70 75 76 77 80 81 90 91 92 93 98 99 100 104 105 114 115 116 132 133 135 136 144 145 152 153 154 160 161 162 195 196 207 208 216 217
SOL 22 23 24 25 26 27 28 29 30 31 32 35 36 39 40 45 46 54 55 56 57 65 66 69 70 76 77 78 80 81 84 85 87 88 90 91 92 93 99 100 114 115 116 132 133 135 136 143 144 152 153 160 161 162 203 204 207 208 216 217
SOL 22 23 24 25 26 27 28 29 30 31 32 35 36 44 45 46 48 49 50 54 55 56 57 69 70 75 76 77 80 81 91 92 93 95 96 98 99 100 104 105 114 115 116 117 135 136 143 144 145 152 153 161 162 195 196 207 208 209 210 216 217
SOL 22 23 24 25 26 27 28 29 30 31 32 35 36 44 45 46 51 52 54 55 56 57 65 66 68 69 70 76 77 80 81 87 88 90 91 92 93 95 96 99 100 114 115 116 117 119 120 135 136 153 154 161 162 203 204 207 208 216 217
SOL 22 23 24 25 26 27 28 29 30 31 32 35 36 45 46 48 49 50 56 57 69 70 75 76 77 84 85 87 88 90 91 92 93 98 99 100 104 105 114 115 116 117 119 120 132 133 135 136 143 144 152 153 160 161 170 171 189 190 195 196 203 204 207 208 216 217
SOL 22 23 24 25 26 27 28 29 30 31 32 38 39 40 44 45 46 48 49 50 51 52 54 55 65 66 68 69 75 76 77 80 81 90 91 92 93 95 96 98 99 100 115 116 135 136 144 145 161 162 195 196 207 208 216 217
SOL 22 23 24 25 26 27 28 29 30 31 32 38 39 40 44 45 46 48 49 50 56 57 69 70 75 76 80 81 87 88 90 91 92 93 98 99 100 104 105 114 115 116 119 120 132 133 152 153 154 160 161 162 189 190 195 196 203 204 207 208 209 216 217
SOL 22 23 24 25 26 27 28 29 30 31 32 38 39 40 44 45 46 48 49 55 56 65 66 69 70 75 76 77 78 80 81 92 93 98 99 100 104 105 114 115 116 117 119 120 143 144 145 160 161 162 170 171 175 176 189 190 195 196 207 208 209 216 217
SOL 22 23 24 25 26 27 28 29 30 31 32 38 39 40 44 45 46 49 50 51 52 54 55 56 57 65 66 68 69 75 76 87 88 91 92 93 98 99 100 114 115 116 119 120 132 133 160 161 189 190 195 196 203 204 207 208 216 217
SOL 22 23 24 25 26 27 28 29 30 31 32 38 39 40 45 46 50 51 52 54 55 65 66 68 69 75 76 77 78 80 81 87 88 90 91 92 93 99 100 115 116 117 119 120 132 133 135 136 143 144 152 153 160 161 162 203 204 207 208 216 217
SOL 22 23 24 25 26 27 28 29 30 31 32 38 39 40 45 46 54 55 56 57 69 70 75 76 77 80 81 84 85 87 88 92 93 95 96 99 100 104 105 114 115 116 117 119 120 132 133 135 136 143 144 153 154 161 162 170 171 175 176 203 204 207 208 216 217
SOL 22 23 24 25 26 27 28 29 30 31 32 38 39 44 45 46 48 49 50 51 52 54 55 65 66 68 69 75 76 80 81 87 88 91 92 93 98 99 100 115 116 119 120 132 133 135 136 152 153 160 161 162 195 196 203 204 207 208 216 217
SOL 22 23 24 25 26 27 28 29 30 31 32 38 39 44 45 46 49 50 51 52 56 57 68 69 70 75 76 87 88 90 91 92 93 98 99 100 104 105 114 115 116 117 119 120 132 133 135 136 152 153 154 160 161 189 190 195 196 203 204 207 208 209 216 217
SOL 22 23 24 25 26 27 28 29 30 31 32 38 39 44 45 46 51 52 54 55 65 66 68 69 75 76 77 78 80 81 87 88 90 91 92 93 95 96 99 100 115 116 117 119 120 135 136 143 144 152 153 154 161 162 175 176 203 204 207 208 209 216 217
SOL 22 23 24 25 26 27 28 29 30 31 32 39 40 44 45 46 48 49 51 52 55 56 57 68 69 75 76 77 84 85 87 88 91 92 93 98 99 100 104 105 115 116 117 132 133 135 136 160 161 175 176 189 190 195 196 203 204 207 208 209 210 216 217
SOL 22 23 24 25 26 27 28 29 30 31 32 44 45 46 49 50 51 52 54 55 56 57 65 66 68 69 70 75 76 77 78 80 81 87 88 92 93 95 96 98 99 100 114 115 116 119 120 135 136 153 154 161 162 195 196 203 204 207 208 216 217
SOL 22 23 24 25 26 27 28 29 30 31 33 34 35 36 38 39 40 44 45 46 54 55 68 69 76 77 78 87 88 91 92 93 95 96 99 100 104 105 115 116 117 119 120 143 144 152 153 160 161 170 171 189 190 203 204 207 208 209 216 217
SOL 22 23 24 25 26 27 28 29 30 31 33 34 35 36 38 39 40 44 45 46 68 69 75 76 77 80 81 87 88 92 93 95 96 99 100 104 105 115 116 117 119 120 143 144 152 153 160 161 162 170 171 175 176 189 190 203 204 207 208 209 210 216 217
SOL 22 23 24 25 26 27 28 29 30 31 33 34 35 36 38 39 44 45 46 50 51 55 56 57 65 66 69 70 75 76 77 84 85 92 93 95 96 99 100 114 115 116 132 133 143 144 145 160 161 170 171 207 208 216 217
SOL 22 23 24 25 26 27 28 29 30 31 33 34 35 36 38 39 44 45 46 54 55 56 65 66 69 70 75 76 77 78 80 81 87 88 91 92 93 99 100 114 115 116 135 136 143 144 161 162 175 176 203 204 207 208 209 210 216 217
SOL 22 23 24 25 26 27 28 29 30 31 33 34 35 36 38 39 44 45 46 55 56 65 66 68 69 76 77 78 80 81 84 85 87 88 92 93 95 96 99 100 104 105 115 116 117 160 161 162 170 171 189 190 203 204 207 208 216 217
SOL 22 23 24 25 26 27 28 29 30 31 33 34 35 36 38 39 45 46 48 49 50 51 69 70 75 76 77 78 80 81 92 93 95 96 98 99 100 115 116 117 119 120 143 144 145 153 154 160 161 162 170 171 189 190 195 196 207 208 216 217
SOL 22 23 24 25 26 27 28 29 30 31 33 34 35 36 38 39 45 46 56 57 68 69 70 77 78 84 85 87 88 90 91 92 93 95 96 99 100 104 105 115 116 117 132 133 135 136 143 144 152 153 160 161 170 171 189 190 203 204 207 208 209 216 217
SOL 22 23 24 25 26 27 28 29 30 31 33 34 35 36 39 40 44 45 46 48 49 50 51 52 69 70 75 76 80 81 90 91 92 93 98 99 100 104 105 115 116 117 144 145 152 153 154 161 162 189 190 195 196 207 208 216 217
SOL 22 23 24 25 26 27 28 29 30 31 33 34 35 36 39 40 44 45 46 48 49 55 56 68 69 77 78 80 81 87 88 92 93 98 99 100 115 116 117 119 120 143 144 152 153 161 162 170 171 189 190 195 196 203 204 207 208 209 210 216 217
SOL 22 23 24 25 26 27 28 29 30 31 33 34 35 36 39 40 44 45 46 51 52 55 56 57 65 66 69 70 76 77 92 93 95 96 99 100 115 116 117 119 120 132 133 143 144 145 153 154 160 161 170 171 207 208 209 210 216 217
SOL 22 23 24 25 26 27 28 29 30 31 33 34 35 36 39 40 45 46 48 49 54 55 56 68 69 70 76 77 87 88 91 92 93 95 96 98 99 100 104 105 114 115 116 132 133 153 154 160 161 189 190 195 196 203 204 207 208 216 217
SOL 22 23 24 25 26 27 28 29 30 31 33 34 35 36 39 40 45 46 49 50 54 55 68 69 75 76 77 84 85 90 91 92 93 95 96 98 99 100 104 105 114 115 116 119 120 132 133 144 145 160 161 189 190 195 196 207 208 216 217
SOL 22 23 24 25 26 27 28 29 30 31 33 34 35 36 44 45 46 48 49 50 51 56 57 69 70 75 76 77 80 81 92 93 95 96 98 99 100 114 115 116 117 119 120 144 145 152 153 160 161 162 170 171 189 190 195 196 207 208 209 216 217
SOL 22 23 24 25 26 27 28 29 30 31 33 34 35 36 44 45 46 48 49 50 56 57 69 70 75 76 77 78 87 88 90 91 92 93 95 96 98 99 100 114 115 116 117 119 120 135 136 160 161 170 171 189 190 195 196 203 204 207 208 216 217
SOL 22 23 24 25 26 27 28 29 30 31 33 34 35 36 44 45 46 48 49 56 57 68 69 70 75 76 90 91 92 93 95 96 98 99 100 104 105 114 115 116 117 135 136 143 144 145 152 153 154 160 161 170 171 175 176 189 190 195 196 207 208 209 210 216 217
SOL 22 23 24 25 26 27 28 29 30 31 33 34 35 36 44 45 46 48 49 56 57 68 69 76 77 80 81 87 88 91 92 93 98 99 100 104 105 114 115 116 117 119 120 132 133 143 144 152 153 154 161 162 170 171 189 190 195 196 203 204 207 208 216 217
SOL 22 23 24 25 26 27 28 29 30 31 33 34 35 36 44 45 46 51 52 55 56 57 69 70 75 76 77 78 80 81 90 91 92 93 95 96 99 100 114 115 116 119 120 144 145 152 153 154 160 161 162 170 171 175 176 189 190 207 208 209 216 217
SOL 22 23 24 25 26 27 28 29 30 31 33 34 35 36 44 45 46 54 55 56 57 68 69 75 76 77 80 81 84 85 91 92 93 95 96 99 100 104 105 114 115 116 117 119 120 135 136 144 145 152 153 154 160 161 162 175 176 207 208 209 216 217
SOL 22 23 24 25 26 27 28 29 30 31 33 34 35 36 45 46 48 49 50 56 57 65 66 68 69 70 75 76 77 80 81 84 85 92 93 98 99 100 104 105 115 116 117 119 120 132 133 144 145 161 162 189 190 195 196 207 208 209 216 217
SOL 22 23 24 25 26 27 28 29 30 31 33 34 35 36 45 46 48 49 54 55 56 57 69 70 80 81 87 88 90 91 92 93 95 96 98 99 100 104 105 114 115 116 117 119 120 135 136 143 144 160 161 162 170 171 195 196 203 204 207 208 209 216 217
SOL 22 23 24 25 26 27 28 29 30 31 33 34 35 36 45 46 48 49 54 55 56 65 66 68 69 80 81 84 85 90 91 92 93 95 96 98 99 100 114 115 116 119 120 132 133 135 136 143 144 145 153 154 160 161 162 195 196 207 208 209 216 217
SOL 22 23 24 25 26 27 28 29 30 31 33 34 35 36 45 46 48 49 54 55 56 68 69 70 77 78 80 81 84 85 91 92 93 95 96 98 99 100 114 115 116 117 119 120 132 133 135 136 144 145 153 154 160 161 162 195 196 207 208 209 216 217
SOL 22 23 24 25 26 27 28 29 30 31 33 34 35 36 45 46 48 49 54 55 56 68 69 75 76 77 78 80 81 84 85 87 88 91 92 93 98 99 100 114 115 116 117 135 136 152 153 161 162 170 171 175 176 195 196 203 204 207 208 209 210 216 217
SOL 22 23 24 25 26 27 28 29 30 31 33 34 35 36 45 46 48 49 55 56 57 68 69 75 76 77 87 88 91 92 93 95 96 98 99 100 104 105 115 116 117 119 120 132 133 143 144 153 154 160 161 170 171 175 176 195 196 203 204 207 208 209 210 216 217
SOL 22 23 24 25 26 27 28 29 30 31 33 34 35 36 45 46 49 50 55 56 57 65 66 68 69 75 76 80 81 84 85 87 88 92 93 95 96 98 99 100 104 105 114 115 116 117 160 161 162 170 171 189 190 195 196 203 204 207 208 216 217
SOL 22 23 24 25 26 27 28 29 30 31 33 34 35 36 45 46 50 51 52 65 66 69 70 75 76 77 78 80 81 84 85 87 88 91 92 93 95 96 99 100 104 105 114 115 116 132 133 152 153 154 160 161 162 189 190 203 204 207 208 209 216 217
SOL 22 23 24 25 26 27 28 29 30 31 33 34 35 38 39 40 44 45 46 48 49 51 52 69 70 76 77 84 85 87 88 91 92 93 95 96 98 99 100 104 105 115 116 117 152 153 154 160 161 195 196 203 204 207 208 209 216 217
SOL 22 23 24 25 26 27 28 29 30 31 33 34 35 38 39 40 44 45 46 50 51 56 57 69 70 75 76 77 78 84 85 91 92 93 95 96 99 100 104 105 114 115 116 117 132 133 143 144 145 160 161 170 171 207 208 216 217
SOL 22 23 24 25 26 27 28 29 30 31 33 34 35 38 39 44 45 46 50 51 52 55 56 57 65 66 69 70 75 76 77 84 85 92 93 95 96 99 100 114 115 116 117 132 133 143 144 145 160 161 170 171 207 208 216 217
SOL 22 23 24 25 26 27 28 29 30 31 33 34 35 38 39 44 45 46 51 52 56 57 65 66 69 70 75 76 77 78 80 81 92 93 99 100 104 105 114 115 116 132 133 143 144 145 152 153 154 161 162 175 176 189 190 207 208 209 216 217
SOL 22 23 24 25 26 27 28 29 30 31 33 34 35 38 39 44 45 46 55 56 57 65 66 68 69 70 76 77 78 80 81 87 88 92 93 95 96 99 100 104 105 114 115 116 117 153 154 160 161 162 189 190 203 204 207 208 209 210 216 217
SOL 22 23 24 25 26 27 28 29 30 31 33 34 35 38 39 44 45 46 55 56 57 65 66 68 69 70 77 78 84 85 87 88 91 92 93 95 96 99 100 115 116 132 133 135 136 143 144 153 154 160 161 170 171 189 190 203 204 207 208 216 217
SOL 22 23 24 25 26 27 28 29 30 31 33 34 35 38 39 45 46 48 49 54 55 56 57 68 69 70 76 77 87 88 90 91 92 93 95 96 98 99 100 104 105 115 116 132 133 152 153 154 160 161 189 190 195 196 203 204 207 208 216 217
SOL 22 23 24 25 26 27 28 29 30 31 33 34 35 38 39 45 46 48 49 55 56 57 68 69 75 76 77 78 84 85 87 88 92 93 95 96 98 99 100 114 115 116 117 132 133 143 144 160 161 170 171 175 176 195 196 203 204 207 208 216 217
SOL 22 23 24 25 26 27 28 29 30 31 33 34 35 38 39 45 46 49 50 55 56 57 68 69 70 75 76 77 80 81 87 88 90 91 92 93 98 99 100 104 105 114 115 116 132 133 153 154 161 162 189 190 195 196 203 204 207 208 216 217
SOL 22 23 24 25 26 27 28 29 30 31 33 34 35 38 39 45 46 51 52 55 56 57 69 70 75 76 77 78 80 81 84 85 87 88 92 93 99 100 114 115 116 132 133 143 144 152 153 154 161 162 175 176 189 190 203 204 207 208 209 210 216 217
SOL 22 23 24 25 26 27 28 29 30 31 33 34 35 39 40 44 45 46 48 49 50 51 52 55 56 65 66 69 70 75 76 80 81 91 92 93 98 99 100 115 116 144 145 152 153 154 161 162 189 190 195 196 207 208 216 217
SOL 22 23 24 25 26 27 28 29 30 31 33 34 35 39 40 44 45 46 50 51 54 55 56 65 66 69 70 75 76 77 78 91 92 93 95 96 99 100 114 115 116 132 133 143 144 145 152 153 154 160 161 189 190 207 208 209 210 216 217
SOL 22 23 24 25 26 27 28 29 30 31 33 34 35 44 45 46 48 49 50 55 56 57 65 66 68 69 75 76 77 78 87 88 91 92 93 95 96 98 99 100 104 105 114 115 116 117 152 153 154 160 161 195 196 203 204 207 208 209 216 217
SOL 22 23 24 25 26 27 28 29 30 31 33 34 35 44 45 46 48 49 51 52 55 56 65 66 69 70 76 77 80 81 92 93 95 96 98 99 100 104 105 114 115 116 132 133 143 144 145 152 153 154 160 161 162 189 190 195 196 207 208 209 216 217
SOL 22 23 24 25 26 27 28 29 30 31 33 34 35 44 45 46 48 49 54 55 56 68 69 70 76 77 80 81 84 85 87 88 91 92 93 98 99 100 104 105 114 115 116 117 135 136 143 144 152 153 161 162 170 171 195 196 203 204 207 208 209 216 217
SOL 22 23 24 25 26 27 28 29 30 31 33 34 35 44 45 46 48 49 55 56 57 65 66 68 69 70 77 78 80 81 84 85 90 91 92 93 98 99 100 104 105 114 115 116 117 119 120 144 145 161 162 189 190 195 196 207 208 209 210 216 217
SOL 22 23 24 25 26 27 28 29 30 31 33 34 35 44 45 46 48 49 55 56 57 68 69 75 76 77 78 80 81 87 88 92 93 95 96 98 99 100 104 105 114 115 116 119 120 153 154 160 161 162 170 171 175 176 189 190 195 196 203 204 207 208 216 217
SOL 22 23 24 25 26 27 28 29 30 31 33 34 35 44 45 46 49 50 51 52 54 55 56 65 66 69 70 75 76 77 92 93 95 96 98 99 100 104 105 114 115 116 132 133 143 144 145 152 153 154 160 161 189 190 195 196 207 208 209 216 217
SOL 22 23 24 25 26 27 28 29 30 31 33 34 35 44 45 46 49 50 56 57 68 69 70 75 76 77 78 80 81 87 88 92 93 95 96 98 99 100 104 105 114 115 116 119 120 152 153 154 160 161 162 170 171 189 190 195 196 203 204 207 208 209 210 216 217
SOL 22 23 24 25 26 27 28 29 30 31 33 34 35 45 46 48 49 51 52 54 55 56 57 65 66 69 70 80 81 84 85 91 92 93 98 99 100 114 115 116 117 132 133 135 136 143 144 145 152 153 154 161 162 170 171 195 196 207 208 209 216 217
SOL 22 23 24 25 26 27 28 29 30 31 33 34 35 45 46 48 49 51 52 54 55 69 70 75 76 77 78 84 85 87 88 91 92 93 95 96 98 99 100 114 115 116 132 133 143 144 152 153 154 160 161 175 176 189 190 195 196 203 204 207 208 209 210 216 217
SOL 22 23 24 25 26 27 28 29 30 31 33 34 35 45 46 48 49 54 55 65 66 68 69 70 75 76 77 78 84 85 90 91 92 93 95 96 98 99 100 104 105 114 115 116 117 119 120 132 133 144 145 160 161 175 176 189 190 195 196 207 208 216 217
SOL 22 23 24 25 26 27 28 29 30 31 33 34 35 45 46 49 50 51 52 55 56 57 65 66 69 70 75 76 77 84 85 92 93 95 96 98 99 100 104 105 114 115 116 135 136 143 144 145 153 154 160 161 170 171 189 190 195 196 207 208 216 217
SOL 22 23 24 25 26 27 28 29 30 31 33 34 35 45 46 49 50 51 56 57 65 66 69 70 75 76 77 78 80 81 84 85 87 88 91 92 93 98 99 100 104 105 115 116 117 132 133 153 154 161 162 189 190 195 196 203 204 207 208 209 210 216 217
SOL 22 23 24 25 26 27 28 29 30 31 33 34 38 39 40 44 45 46 48 49 55 56 68 69 70 76 77 78 80 81 84 85 87 88 92 93 98 99 100 114 115 116 117 143 144 161 162 170 171 189 190 195 196 203 204 207 208 209 210 216 217
SOL 22 23 24 25 26 27 28 29 30 31 33 34 38 39 40 44 45 46 50 51 56 57 69 70 75 76 77 78 90 91 92 93 95 96 99 100 104 105 114 115 116 117 119 120 132 133 143 144 145 152 153 154 160 161 170 171 207 208 209 216 217
SOL 22 23 24 25 26 27 28 29 30 31 33 34 38 39 40 44 45 46 55 56 57 65 66 68 69 70 76 77 78 84 85 90 91 92 93 95 96 99 100 115 116 119 120 132 133 135 136 143 144 145 152 153 160 161 189 190 207 208 216 217
SOL 22 23 24 25 26 27 28 29 30 31 33 34 38 39 40 45 46 48 49 51 52 55 56 69 70 76 77 80 81 90 91 92 93 98 99 100 104 105 115 116 117 119 120 132 133 144 145 152 153 161 162 170 171 189 190 195 196 207 208 216 217
SOL 22 23 24 25 26 27 28 29 30 31 33 34 38 39 40 45 46 48 49 56 57 68 69 75 76 77 84 85 90 91 92 93 95 96 98 99 100 104 105 115 116 119 120 132 133 135 136 144 145 152 153 160 161 175 176 189 190 195 196 207 208 216 217
SOL 22 23 24 25 26 27 28 29 30 31 33 34 38 39 44 45 46 48 49 50 68 69 70 75 76 77 84 85 87 88 90 91 92 93 95 96 98 99 100 104 105 115 116 135 136 152 153 154 160 161 170 171 189 190 195 196 203 204 207 208 209 210 216 217
SOL 22 23 24 25 26 27 28 29 30 31 33 34 38 39 45 46 49 50 51 55 56 57 69 70 75 76 77 80 81 84 85 87 88 90 91 92 93 98 99 100 104 105 114 115 116 132 133 153 154 161 162 189 190 195 196 203 204 207 208 216 217
SOL 22 23 24 25 26 27 28 29 30 31 33 34 38 39 45 46 50 51 56 57 69 70 75 76 77 78 84 85 87 88 90 91 92 93 95 96 99 100 104 105 114 115 116 117 119 120 132 133 143 144 152 153 160 161 170 171 203 204 207 208 209 210 216 217
SOL 22 23 24 25 26 27 28 29 30 31 33 34 39 40 44 45 46 51 52 65 66 69 70 75 76 77 78 80 81 84 85 87 88 92 93 95 96 99 100 104 105 114 115 116 132 133 143 144 153 154 160 161 162 175 176 189 190 203 204 207 208 216 217
SOL 22 23 24 25 26 27 28 29 30 31 33 34 39 40 45 46 48 49 51 52 54 55 56 69 70 76 77 84 85 87 88 91 92 93 95 96 98 99 100 104 105 114 115 116 117 132 133 153 154 160 161 189 190 195 196 203 204 207 208 216 217
SOL 22 23 24 25 26 27 28 29 30 31 33 34 39 40 45 46 48 49 51 52 55 56 57 69 70 76 77 80 81 90 91 92 93 98 99 100 104 105 114 115 116 117 119 120 132 133 144 145 152 153 161 162 170 171 189 190 195 196 207 208 216 217
SOL 22 23 24 25 26 27 28 29 30 31 33 34 44 45 46 48 49 51 52 55 56 57 65 66 69 70 75 76 77 84 85 87 88 92 93 95 96 98 99 100 104 105 114 115 116 143 144 152 153 160 161 175 176 195 196 203 204 207 208 209 216 217
SOL 22 23 24 25 26 27 28 29 30 31 33 34 44 45 46 48 49 51 52 55 56 65 66 69 70 76 77 78 80 81 91 92 93 95 96 98 99 100 104 105 114 115 116 132 133 143 144 145 152 153 154 160 161 162 189 190 195 196 207 208 209 210 216 217
SOL 22 23 24 25 26 27 28 29 30 31 33 34 44 45 46 49 50 51 52 54 55 56 65 66 69 70 75 76 77 78 91 92 93 95 96 98 99 100 104 105 114 115 116 132 133 143 144 145 152 153 154 160 161 189 190 195 196 207 208 209 210 216 217
SOL 22 23 24 25 26 27 28 29 30 31 33 34 44 45 46 49 50 51 56 57 69 70 75 76 77 78 80 81 84 85 87 88 92 93 95 96 98 99 100 104 105 114 115 116 119 120 152 153 154 160 161 162 170 171 189 190 195 196 203 204 207 208 209 210 216 217
SOL 22 23 24 25 26 27 28 29 30 31 33 34 44 45 46 51 52 55 56 57 65 66 69 70 76 77 78 80 81 84 85 87 88 91 92 93 95 96 99 100 104 105 114 115 116 119 120 152 153 154 160 161 162 170 171 189 190 203 204 207 208 209 216 217
SOL 22 23 24 25 26 27 28 29 30 31 33 34 45 46 48 49 50 55 56 57 68 69 70 75 76 80 81 87 88 90 91 92 93 95 96 98 99 100 104 105 114 115 116 117 119 120 143 144 152 153 160 161 162 170 171 189 190 195 196 203 204 207 208 209 210 216 217
SOL 22 23 24 25 26 27 28 29 30 31 33 34 45 46 51 52 54 55 56 57 65 66 69 70 75 76 77 78 80 81 84 85 90 91 92 93 95 96 99 100 104 105 115 116 132 133 135 136 144 145 153 154 160 161 162 170 171 175 176 207 208 209 216 217
SOL 22 23 24 25 26 27 28 29 30 31 34 35 36 38 39 40 44 45 46 48 49 51 52 69 70 76 77 80 81 91 92 93 98 99 100 104 105 114 115 116 117 119 120 144 145 153 154 161 162 170 171 189 190 195 196 207 208 209 216 217
SOL 22 23 24 25 26 27 28 29 30 31 34 35 36 38 39 40 44 45 46 49 50 56 57 68 69 75 76 80 81 87 88 91 92 93 98 99 100 104 105 114 115 116 132 133 152 153 154 161 162 189 190 195 196 203 204 207 208 209 216 217
SOL 22 23 24 25 26 27 28 29 30 31 34 35 36 38 39 40 44 45 46 68 69 75 76 77 78 80 81 87 88 91 92 93 95 96 99 100 104 105 115 116 117 119 120 143 144 152 153 154 160 161 162 170 171 175 176 189 190 203 204 207 208 209 210 216 217
SOL 22 23 24 25 26 27 28 29 30 31 34 35 36 38 39 44 45 46 48 49 51 52 55 56 65 66 69 70 76 77 84 85 87 88 91 92 93 95 96 98 99 100 115 116 153 154 160 161 195 196 203 204 207 208 216 217
SOL 22 23 24 25 26 27 28 29 30 31 34 35 36 38 39 44 45 46 48 49 51 52 69 70 76 77 80 81 91 92 93 95 96 98 99 100 104 105 115 116 117 119 120 144 145 152 153 154 160 161 162 170 171 189 190 195 196 207 208 209 216 217
SOL 22 23 24 25 26 27 28 29 30 31 34 35 36 38 39 44 45 46 49 50 51 54 55 56 69 70 75 76 77 78 92 93 95 96 98 99 100 115 116 117 119 120 143 144 145 152 153 160 161 170 171 189 190 195 196 207 208 209 216 217
SOL 22 23 24 25 26 27 28 29 30 31 34 35 36 38 39 44 45 46 49 50 54 55 68 69 75 76 77 78 87 88 92 93 95 96 98 99 100 115 116 117 119 120 143 144 152 153 154 160 161 170 171 189 190 195 196 203 204 207 208 209 210 216 217
SOL 22 23 24 25 26 27 28 29 30 31 34 35 36 38 39 44 45 46 51 52 55 56 65 66 69 70 75 76 77 80 81 92 93 95 96 99 100 115 116 117 119 120 143 144 145 152 153 160 161 162 170 171 175 176 189 190 207 208 209 216 217
SOL 22 23 24 25 26 27 28 29 30 31 34 35 36 38 39 44 45 46 55 56 65 66 68 69 75 76 77 78 80 81 87 88 90 91 92 93 99 100 114 115 116 119 120 143 144 153 154 161 162 170 171 175 176 189 190 203 204 207 208 209 210 216 217
SOL 22 23 24 25 26 27 28 29 30 31 34 35 36 38 39 44 45 46 56 57 68 69 70 75 76 77 78 80 81 84 85 91 92 93 95 96 99 100 104 105 114 115 116 117 119 120 143 144 145 160 161 162 175 176 189 190 207 208 209 210 216 217
SOL 22 23 24 25 26 27 28 29 30 31 34 35 36 38 39 45 46 48 49 51 52 54 55 65 66 69 70 80 81 84 85 91 92 93 95 96 98 99 100 115 116 135 136 144 145 153 154 160 161 162 170 171 195 196 207 208 209 210 216 217
SOL 22 23 24 25 26 27 28 29 30 31 34 35 36 38 39 45 46 51 52 55 56 65 66 69 70 75 76 80 81 84 85 87 88 92 93 99 100 114 115 116 117 119 120 143 144 153 154 161 162 170 171 175 176 189 190 203 204 207 208 209 210 216 217
SOL 22 23 24 25 26 27 28 29 30 31 34 35 36 39 40 44 45 46 54 55 56 65 66 68 69 70 76 77 78 80 81 84 85 87 88 92 93 99 100 104 105 114 115 116 117 135 136 153 154 161 162 170 171 203 204 207 208 216 217
SOL 22 23 24 25 26 27 28 29 30 31 34 35 36 39 40 44 45 46 54 55 56 65 66 68 69 75 76 77 80 81 84 85 87 88 92 93 99 100 114 115 116 135 136 143 144 152 153 154 161 162 170 171 175 176 203 204 207 208 209 210 216 217
SOL 22 23 24 25 26 27 28 29 30 31 34 35 36 39 40 45 46 49 50 55 56 68 69 70 75 76 77 84 85 91 92 93 95 96 98 99 100 104 105 114 115 116 119 120 132 133 135 136 144 145 153 154 160 161 189 190 195 196 207 208 216 217
SOL 22 23 24 25 26 27 28 29 30 31 34 35 36 39 40 45 46 50 51 56 57 69 70 75 76 77 78 84 85 87 88 91 92 93 95 96 99 100 104 105 115 116 117 119 120 132 133 143 144 153 154 160 161 170 171 203 204 207 208 209 216 217
SOL 22 23 24 25 26 27 28 29 30 31 34 35 36 44 45 46 48 49 50 51 56 57 69 70 75 76 77 78 80 81 91 92 93 95 96 98 99 100 114 115 116 117 119 120 144 145 152 153 154 160 161 162 170 171 189 190 195 196 207 208 209 216 217
SOL 22 23 24 25 26 27 28 29 30 31 34 35 36 44 45 46 48 49 51 52 54 55 56 65 66 69 70 76 77 78 80 81 84 85 92 93 98 99 100 114 115 116 135 136 144 145 152 153 154 161 162 170 171 195 196 207 208 209 216 217
SOL 22 23 24 25 26 27 28 29 30 31 34 35 36 44 45 46 48 49 56 57 65 66 68 69 75 76 77 78 90 91 92 93 95 96 98 99 100 104 105 114 115 116 117 135 136 144 145 152 153 154 160 161 170 171 175 176 189 190 195 196 207 208 209 216 217
SOL 22 23 24 25 26 27 28 29 30 31 34 35 36 44 45 46 50 51 52 55 56 57 65 66 69 70 75 76 77 84 85 90 91 92 93 95 96 99 100 114 115 116 117 135 136 144 145 152 153 154 160 161 170 171 189 190 207 208 209 210 216 217
SOL 22 23 24 25 26 27 28 29 30 31 34 35 36 44 45 46 51 52 54 55 56 57 69 70 76 77 84 85 87 88 90 91 92 93 95 96 99 100 104 105 114 115 116 119 120 143 144 152 153 154 160 161 170 171 189 190 203 204 207 208 209 210 216 217
SOL 22 23 24 25 26 27 28 29 30 31 34 35 36 45 46 48 49 50 51 56 57 69 70 75 76 77 80 81 84 85 87 88 90 91 92 93 98 99 100 104 105 115 116 117 132 133 143 144 153 154 161 162 189 190 195 196 203 204 207 208 209 210 216 217
SOL 22 23 24 25 26 27 28 29 30 31 34 35 36 45 46 48 49 51 52 54 55 56 57 69 70 75 76 77 78 92 93 95 96 98 99 100 104 105 114 115 116 117 119 120 144 145 152 153 160 161 170 171 175 176 189 190 195 196 207 208 209 210 216 217
SOL 22 23 24 25 26 27 28 29 30 31 34 35 36 45 46 48 49 54 55 56 57 65 66 68 69 75 76 87 88 90 91 92 93 95 96 98 99 100 114 115 116 119 120 143 144 152 153 154 160 161 170 171 175 176 189 190 195 196 203 204 207 208 209 210 216 217
SOL 22 23 24 25 26 27 28 29 30 31 34 35 36 45 46 49 50 54 55 56 65 66 68 69 70 75 76 80 81 84 85 87 88 92 93 95 96 98 99 100 104 105 115 116 117 135 136 152 153 154 160 161 162 170 171 195 196 203 204 207 208 216 217
SOL 22 23 24 25 26 27 28 29 30 31 34 35 36 45 46 49 50 56 57 65 66 68 69 75 76 77 78 80 81 87 88 90 91 92 93 98 99 100 104 105 114 115 116 117 119 120 132 133 152 153 154 161 162 170 171 189 190 195 196 203 204 207 208 216 217
SOL 22 23 24 25 26 27 28 29 30 31 34 35 36 45 46 50 51 52 55 56 57 65 66 69 70 75 76 80 81 84 85 87 88 90 91 92 93 95 96 99 100 114 115 116 117 119 120 153 154 160 161 162 170 171 189 190 203 204 207 208 216 217
SOL 22 23 24 25 26 27 28 29 30 31 34 35 38 39 40 44 45 46 48 49 54 55 65 66 68 69 70 77 78 80 81 92 93 98 99 100 104 105 115 116 117 132 133 135 136 143 144 145 153 154 161 162 170 171 195 196 207 208 216 217
SOL 22 23 24 25 26 27 28 29 30 31 34 35 38 39 40 44 45 46 48 49 55 56 68 69 75 76 80 81 87 88 91 92 93 98 99 100 104 105 115 116 119 120 132 133 152 153 154 161 162 170 171 175 176 189 190 195 196 203 204 207 208 216 217
SOL 22 23 24 25 26 27 28 29 30 31 34 35 38 39 40 44 45 46 48 49 56 57 68 69 84 85 87 88 90 91 92 93 95 96 98 99 100 104 105 115 116 132 133 135 136 152 153 154 160 161 170 171 189 190 195 196 203 204 207 208 209 210 216 217
SOL 22 23 24 25 26 27 28 29 30 31 34 35 38 39 40 44 45 46 51 52 56 57 69 70 75 76 77 78 80 81 84 85 87 88 92 93 95 96 99 100 114 115 116 143 144 153 154 160 161 162 175 176 189 190 203 204 207 208 209 216 217
SOL 22 23 24 25 26 27 28 29 30 31 34 35 38 39 40 44 45 46 55 56 57 65 66 68 69 70 76 77 78 84 85 92 93 95 96 99 100 104 105 114 115 116 117 119 120 135 136 144 145 153 154 160 161 189 190 207 208 209 210 216 217
SOL 22 23 24 25 26 27 28 29 30 31 34 35 38 39 40 44 45 46 55 56 65 66 68 69 75 76 77 78 80 81 84 85 87 88 90 91 92 93 95 96 99 100 115 116 143 144 160 161 162 170 171 175 176 189 190 203 204 207 208 216 217
SOL 22 23 24 25 26 27 28 29 30 31 34 35 38 39 40 45 46 48 49 54 55 56 65 66 68 69 70 77 78 80 81 92 93 98 99 100 104 105 115 116 117 132 133 135 136 143 144 145 152 153 161 162 170 171 195 196 207 208 209 216 217
SOL 22 23 24 25 26 27 28 29 30 31 34 35 38 39 40 45 46 49 50 51 69 70 75 76 77 80 81 84 85 87 88 91 92 93 95 96 98 99 100 104 105 115 116 119 120 152 153 160 161 162 170 171 189 190 195 196 203 204 207 208 209 210 216 217
SOL 22 23 24 25 26 27 28 29 30 31 34 35 38 39 44 45 46 48 49 54 55 56 68 69 77 78 80 81 84 85 87 88 92 93 95 96 98 99 100 115 116 117 135 136 143 144 153 154 160 161 162 170 171 195 196 203 204 207 208 209 210 216 217
SOL 22 23 24 25 26 27 28 29 30 31 34 35 38 39 44 45 46 48 49 55 56 57 68 69 75 76 77 80 81 87 88 90 91 92 93 98 99 100 104 105 114 115 116 132 133 152 153 161 162 175 176 189 190 195 196 203 204 207 208 209 210 216 217
SOL 22 23 24 25 26 27 28 29 30 31 34 35 38 39 45 46 48 49 50 51 52 55 56 57 65 66 69 70 75 76 80 81 91 92 93 95 96 98 99 100 114 115 116 144 145 153 154 160 161 162 189 190 195 196 207 208 209 216 217
