SOL 24 25 26 27 28 29 30 31 32 33 34 35 36 38 39 40 44 45 46 48 49 50 51 52 65 66 76 77 84 85 87 88 90 91 92 93 95 96 98 99 100 144 145 152 153 160 161 174 175 176 195 196 203 204 207 208 209 216 217 224 225 231 232
SOL 24 25 26 27 28 29 30 31 32 33 34 35 36 38 39 40 44 45 46 48 49 50 51 57 58 65 66 75 76 77 78 92 93 98 99 100 135 136 140 141 143 144 145 152 153 154 160 161 170 171 187 188 189 195 196 203 204 207 208 216 217 231 232 234 235
SOL 24 25 26 27 28 29 30 31 32 33 34 35 36 38 39 40 44 45 46 48 49 50 51 65 66 76 77 78 84 85 87 88 92 93 95 96 98 99 100 104 105 116 117 143 144 152 153 154 160 161 175 176 195 196 203 204 207 208 209 216 217 224 225
SOL 24 25 26 27 28 29 30 31 32 33 34 35 36 38 39 40 44 45 46 48 49 51 52 55 56 57 75 76 87 88 91 92 93 98 99 100 135 136 140 141 144 145 152 153 154 160 161 170 171 174 175 187 188 189 195 196 203 204 207 208 216 217 231 232 234 235
SOL 24 25 26 27 28 29 30 31 32 33 34 35 36 38 39 40 44 45 46 48 49 51 52 75 76 77 80 81 84 85 87 88 91 92 93 95 96 98 99 100 140 141 144 145 152 153 161 162 174 175 188 189 195 196 203 204 207 208 209 210 216 217 231 232 234 235
SOL 24 25 26 27 28 29 30 31 32 33 34 35 36 38 39 40 44 45 46 49 50 51 52 54 55 65 66 80 81 91 92 93 95 96 98 99 100 116 117 119 120 135 136 144 145 160 161 162 170 171 175 176 195 196 207 208 209 210 216 217 220 221 224 225
SOL 24 25 26 27 28 29 30 31 32 33 34 35 36 38 39 40 44 45 46 50 51 52 54 55 56 65 66 77 78 87 88 91 92 93 99 100 104 105 119 120 144 145 147 148 174 175 184 185 189 190 195 196 203 204 207 208 209 216 217 221 222 224 225 230 231 232
SOL 24 25 26 27 28 29 30 31 32 33 34 35 36 38 39 40 44 45 46 50 51 52 57 58 68 69 77 78 84 85 92 93 95 96 99 100 104 105 132 133 143 144 145 147 148 153 154 160 161 175 176 184 185 195 196 203 204 216 217 220 221 222 224 225 230 231 232
SOL 24 25 26 27 28 29 30 31 32 33 34 35 36 38 39 40 44 45 46 50 51 52 65 66 68 69 70 80 81 91 92 93 99 100 104 105 116 117 140 141 144 145 147 148 153 154 161 162 175 176 184 185 188 189 190 195 196 208 209 216 217 221 222 224 225 230 231 234 235
SOL 24 25 26 27 28 29 30 31 32 33 34 35 36 38 39 40 44 45 46 50 51 52 68 69 75 76 77 80 81 84 85 87 88 92 93 116 117 119 120 132 133 143 144 147 148 152 153 161 162 170 171 184 185 189 190 195 196 203 204 216 217 220 221 222 224 225 230 231
SOL 24 25 26 27 28 29 30 31 32 33 34 35 36 38 39 40 44 45 46 50 51 52 68 69 76 77 80 81 91 92 93 95 96 99 100 116 117 140 141 144 145 147 148 152 153 154 160 161 162 175 176 184 185 188 189 195 196 208 209 210 216 217 220 221 222 224 225 230 231 234 235
SOL 24 25 26 27 28 29 30 31 32 33 34 35 36 38 39 40 44 45 46 50 51 54 55 56 68 69 76 77 91 92 93 95 96 99 100 116 117 140 141 143 144 145 147 148 152 153 160 161 175 176 184 185 188 189 195 196 209 210 216 217 220 221 222 224 225 230 231 234 235
SOL 24 25 26 27 28 29 30 31 32 33 34 35 36 38 39 40 44 45 46 50 51 54 55 56 76 77 78 80 81 87 88 92 93 95 96 99 100 119 120 135 136 143 144 145 152 153 154 160 161 162 174 175 176 203 204 207 208 209 210 216 217 220 221 224 225 231 232
SOL 24 25 26 27 28 29 30 31 32 33 34 35 36 38 39 40 44 45 46 50 51 54 55 68 69 75 76 77 91 92 93 99 100 116 117 119 120 132 133 140 141 143 144 145 147 148 152 153 154 160 161 170 171 184 185 188 189 190 195 196 216 217 220 221 222 230 231 234 235
SOL 24 25 26 27 28 29 30 31 32 33 34 35 36 38 39 40 44 45 46 50 51 55 56 57 65 66 77 78 84 85 87 88 90 91 92 93 95 96 99 100 132 133 143 144 145 152 153 154 160 161 174 175 203 204 207 208 209 210 216 217 224 225 231 232
SOL 24 25 26 27 28 29 30 31 32 33 34 35 36 38 39 40 44 45 46 50 51 55 56 65 66 75 76 77 78 84 85 87 88 91 92 93 95 96 104 105 116 117 135 136 140 141 143 144 160 161 188 189 203 204 207 208 216 217 220 221 224 225 234 235
SOL 24 25 26 27 28 29 30 31 32 33 34 35 36 38 39 40 44 45 46 50 51 55 56 68 69 70 75 76 80 81 91 92 93 95 96 99 100 116 117 119 120 140 141 143 144 145 147 148 161 162 184 185 187 188 189 195 196 216 217 220 221 222 230 231 234 235
SOL 24 25 26 27 28 29 30 31 32 33 34 35 36 38 39 40 44 45 46 50 51 55 56 68 69 75 76 80 81 90 91 92 93 116 117 119 120 132 133 140 141 143 144 145 147 148 152 153 161 162 170 171 184 185 188 189 190 195 196 216 217 221 222 224 225 230 231 234 235
SOL 24 25 26 27 28 29 30 31 32 33 34 35 36 38 39 40 44 45 46 50 51 56 57 65 66 76 77 78 87 88 92 93 95 96 99 100 116 117 119 120 132 133 135 136 140 141 152 153 160 161 175 176 188 189 190 203 204 207 208 216 217 220 221 224 225 234 235
SOL 24 25 26 27 28 29 30 31 32 33 34 35 36 38 39 40 44 45 46 50 51 65 66 68 69 70 76 77 84 85 87 88 91 92 93 95 96 99 100 144 145 147 148 152 153 154 160 161 174 175 184 185 195 196 203 204 208 209 216 217 220 221 222 224 225 230 231 232
SOL 24 25 26 27 28 29 30 31 32 33 34 35 36 38 39 40 44 45 46 50 51 65 66 68 69 76 77 84 85 87 88 92 93 95 96 99 100 104 105 143 144 145 147 148 152 153 160 161 174 175 176 184 185 195 196 203 204 209 210 216 217 220 221 222 224 225 230 231 232
SOL 24 25 26 27 28 29 30 31 32 33 34 35 36 38 39 40 44 45 46 50 51 65 66 68 69 87 88 90 91 92 93 95 96 99 100 104 105 116 117 140 141 143 144 147 148 160 161 170 171 175 176 184 185 187 188 195 196 203 204 209 210 216 217 221 222 224 225 230 231 234 235
SOL 24 25 26 27 28 29 30 31 32 33 34 35 36 38 39 40 44 45 46 51 52 54 55 65 66 68 69 70 77 78 92 93 99 100 104 105 116 117 119 120 140 141 144 145 147 148 160 161 184 185 187 188 189 190 195 196 209 210 216 217 220 221 222 230 231 234 235
SOL 24 25 26 27 28 29 30 31 32 33 34 35 36 38 39 40 44 45 46 51 52 55 56 57 58 76 77 91 92 93 95 96 99 100 104 105 119 120 132 133 135 136 143 144 145 147 148 152 153 154 184 185 189 190 195 196 203 204 207 208 216 217 220 221 222 230 231 232
SOL 24 25 26 27 28 29 30 31 32 33 34 35 36 38 39 40 44 45 46 51 52 55 56 65 66 68 69 75 76 77 78 90 91 92 93 95 96 104 105 116 117 143 144 145 147 148 153 154 160 161 175 176 184 185 195 196 216 217 221 222 224 225 230 231
SOL 24 25 26 27 28 29 30 31 32 33 34 35 36 38 39 40 44 45 46 51 52 55 56 68 69 70 80 81 91 92 93 99 100 116 117 119 120 132 133 140 141 144 145 147 148 152 153 160 161 162 170 171 184 185 188 189 195 196 208 209 210 216 217 220 221 222 230 231 234 235
SOL 24 25 26 27 28 29 30 31 32 33 34 35 36 38 39 40 44 45 46 51 52 55 56 68 69 76 77 78 87 88 92 93 95 96 116 117 135 136 140 141 147 148 152 153 160 161 170 171 184 185 187 188 189 190 195 196 203 204 209 210 216 217 220 221 222 224 225 230 231 234 235
SOL 24 25 26 27 28 29 30 31 32 33 34 35 36 38 39 40 44 45 46 51 52 56 57 68 69 77 78 80 81 91 92 93 95 96 116 117 119 120 132 133 143 144 145 147 148 152 153 160 161 162 170 171 184 185 189 190 195 196 209 210 216 217 220 221 222 224 225 230 231
SOL 24 25 26 27 28 29 30 31 32 33 34 35 36 38 39 40 44 45 46 51 52 65 66 68 69 75 76 80 81 87 88 92 93 95 96 99 100 140 141 143 144 145 147 148 161 162 170 171 174 175 184 185 187 188 189 190 195 196 203 204 216 217 220 221 222 230 231 232 234 235
SOL 24 25 26 27 28 29 30 31 32 33 34 35 36 38 39 40 44 45 46 51 52 65 66 68 69 84 85 87 88 91 92 93 99 100 104 105 116 117 119 120 135 136 140 141 147 148 153 154 160 161 184 185 187 188 189 190 195 196 203 204 208 209 216 217 221 222 230 231 234 235
SOL 24 25 26 27 28 29 30 31 32 33 34 35 36 38 39 40 44 45 46 51 52 65 66 68 69 84 85 90 91 92 93 95 96 104 105 116 117 119 120 135 136 140 141 144 145 147 148 160 161 170 171 184 185 187 188 189 195 196 208 209 216 217 220 221 222 224 225 230 231 234 235
SOL 24 25 26 27 28 29 30 31 32 33 34 35 36 38 39 40 44 45 46 51 52 65 66 75 76 77 78 80 81 90 91 92 93 95 96 99 100 104 105 116 117 119 120 140 141 143 144 145 152 153 161 162 170 171 175 176 188 189 190 207 208 209 216 217 234 235
SOL 24 25 26 27 28 29 30 31 32 33 34 35 36 38 39 40 44 45 46 51 52 75 76 77 78 87 88 90 91 92 93 95 96 99 100 104 105 119 120 135 136 140 141 144 145 147 148 152 153 174 175 184 185 188 189 195 196 203 204 207 208 209 210 216 217 221 222 230 231 232 234 235
SOL 24 25 26 27 28 29 30 31 32 33 34 35 36 38 39 40 44 45 46 54 55 56 57 65 66 75 76 77 78 84 85 90 91 92 93 99 100 104 105 116 117 140 141 143 144 145 152 153 154 160 161 170 171 175 176 188 189 207 208 216 217 220 221 234 235
SOL 24 25 26 27 28 29 30 31 32 33 34 35 36 38 39 40 44 45 46 54 55 56 57 65 66 77 78 84 85 92 93 95 96 99 100 116 117 119 120 132 133 140 141 143 144 145 147 148 170 171 184 185 187 188 189 190 195 196 207 208 216 217 220 221 222 230 231 234 235
SOL 24 25 26 27 28 29 30 31 32 33 34 35 36 38 39 40 44 45 46 55 56 69 70 75 76 77 78 80 81 84 85 87 88 92 93 119 120 132 133 140 141 144 145 147 148 152 153 161 162 174 175 184 185 187 188 189 195 196 203 204 216 217 221 222 224 225 230 231 232 234 235
SOL 24 25 26 27 28 29 30 31 32 33 34 35 36 38 39 40 44 45 46 56 57 65 66 75 76 77 78 80 81 91 92 93 95 96 104 105 116 117 119 120 132 133 140 141 143 144 145 152 153 154 160 161 162 175 176 187 188 189 190 207 208 216 217 220 221 224 225 234 235
SOL 24 25 26 27 28 29 30 31 32 33 34 35 36 38 39 40 44 45 46 65 66 69 70 75 76 84 85 87 88 91 92 93 95 96 104 105 119 120 140 141 144 145 147 148 152 153 154 160 161 174 175 184 185 187 188 195 196 203 204 208 209 210 216 217 220 221 222 224 225 230 231 232 234 235
SOL 24 25 26 27 28 29 30 31 32 33 34 35 36 38 39 40 44 45 48 49 50 51 52 55 56 57 69 70 91 92 93 98 99 100 114 115 116 119 120 132 133 135 136 140 141 144 145 153 154 175 176 187 188 189 195 196 207 208 209 216 217 224 225 234 235
SOL 24 25 26 27 28 29 30 31 32 33 34 35 36 38 39 40 44 45 48 49 50 51 52 56 57 69 70 75 76 77 87 88 92 93 98 99 114 115 116 119 120 132 133 135 136 152 153 154 189 190 195 196 203 204 207 208 209 210 216 217 220 221 224 225
SOL 24 25 26 27 28 29 30 31 32 33 34 35 36 38 39 40 44 45 48 49 50 51 52 56 57 69 70 84 85 91 92 93 98 99 100 104 105 114 115 116 117 132 133 135 136 144 145 153 154 170 171 175 176 189 190 195 196 207 208 209 216 217 224 225
SOL 24 25 26 27 28 29 30 31 32 33 34 35 36 38 39 40 44 45 48 49 50 51 52 65 66 68 69 70 77 78 91 92 93 98 99 100 104 105 115 116 119 120 132 133 144 145 152 153 170 171 175 176 195 196 207 208 209 210 216 217 220 221 224 225
SOL 24 25 26 27 28 29 30 31 32 33 34 35 36 38 39 40 44 45 48 49 50 51 54 55 68 69 75 76 84 85 87 88 90 91 92 93 95 96 98 99 100 115 116 140 141 152 153 154 188 189 195 196 203 204 207 208 209 216 217 220 221 234 235
SOL 24 25 26 27 28 29 30 31 32 33 34 35 36 38 39 40 44 45 48 49 50 51 55 56 76 77 78 80 81 91 92 93 95 96 98 99 100 104 105 116 117 140 141 144 145 152 153 160 161 162 175 176 188 189 195 196 209 210 216 217 224 225 230 231 234 235
SOL 24 25 26 27 28 29 30 31 32 33 34 35 36 38 39 40 44 45 48 49 50 51 76 77 78 87 88 90 91 92 93 95 96 98 99 100 104 105 116 117 135 136 140 141 152 153 160 161 170 171 175 176 187 188 189 190 195 196 203 204 209 210 216 217 224 225 230 231 234 235
SOL 24 25 26 27 28 29 30 31 32 33 34 35 36 38 39 40 44 45 48 49 50 54 55 56 68 69 76 77 87 88 91 92 93 98 99 100 104 105 114 115 119 120 144 145 153 154 170 171 174 175 176 189 190 195 196 203 204 207 208 209 216 217 224 225 231 232
SOL 24 25 26 27 28 29 30 31 32 33 34 35 36 38 39 40 44 45 48 49 50 56 57 68 69 75 76 77 87 88 91 92 93 95 96 98 99 100 114 115 116 119 120 132 133 135 136 140 141 170 171 188 189 195 196 203 204 207 208 216 217 220 221 234 235
SOL 24 25 26 27 28 29 30 31 32 33 34 35 36 38 39 40 44 45 48 49 50 76 77 80 81 84 85 87 88 91 92 93 95 96 98 99 100 116 117 119 120 140 141 143 144 152 153 160 161 162 175 176 187 188 189 195 196 203 204 209 210 216 217 220 221 224 225 230 231 234 235
SOL 24 25 26 27 28 29 30 31 32 33 34 35 36 38 39 40 44 45 48 49 51 52 54 55 65 66 68 69 75 76 91 92 93 95 96 98 99 100 115 116 117 119 120 144 145 152 153 170 171 175 176 189 190 195 196 207 208 209 210 216 217 220 221
SOL 24 25 26 27 28 29 30 31 32 33 34 35 36 38 39 40 44 45 48 49 51 52 54 55 75 76 77 84 85 87 88 90 91 92 93 98 99 100 116 117 132 133 140 141 143 144 152 153 154 160 161 175 176 188 189 195 196 203 204 216 217 230 231 234 235
SOL 24 25 26 27 28 29 30 31 32 33 34 35 36 38 39 40 44 45 48 49 51 52 55 56 65 66 68 69 70 76 77 84 85 87 88 90 91 92 93 98 99 115 116 117 132 133 152 153 195 196 203 204 207 208 216 217 220 221 224 225
SOL 24 25 26 27 28 29 30 31 32 33 34 35 36 38 39 40 44 45 48 49 51 52 55 56 68 69 75 76 91 92 93 95 96 98 99 100 115 116 117 119 120 135 136 140 141 144 145 152 153 175 176 187 188 189 195 196 207 208 209 210 216 217 220 221 234 235
SOL 24 25 26 27 28 29 30 31 32 33 34 35 36 38 39 40 44 45 48 49 51 52 56 57 58 69 70 75 76 77 92 93 95 96 98 99 100 114 115 119 120 135 136 144 145 153 154 175 176 189 190 195 196 203 204 207 208 209 210 216 217 220 221 231 232
SOL 24 25 26 27 28 29 30 31 32 33 34 35 36 38 39 40 44 45 48 49 54 55 56 57 68 69 70 75 76 87 88 90 91 92 93 98 99 104 105 114 115 132 133 144 145 152 153 174 175 176 189 190 195 196 203 204 207 208 209 216 217 224 225 231 232
SOL 24 25 26 27 28 29 30 31 32 33 34 35 36 38 39 40 44 45 48 49 54 55 65 66 75 76 77 84 85 91 92 93 98 99 100 104 105 116 117 132 133 140 141 143 144 145 152 153 154 160 161 170 171 175 176 188 189 190 195 196 216 217 220 221 230 231 234 235
SOL 24 25 26 27 28 29 30 31 32 33 34 35 36 38 39 40 44 45 48 49 55 56 65 66 77 78 80 81 84 85 87 88 90 91 92 93 98 99 116 117 119 120 140 141 153 154 161 162 187 188 189 190 195 196 203 204 209 210 216 217 220 221 224 225 230 231 234 235
SOL 24 25 26 27 28 29 30 31 32 33 34 35 36 38 39 40 44 45 48 49 56 57 58 68 69 70 75 76 77 90 91 92 93 95 96 98 99 100 104 105 114 115 119 120 132 133 144 145 153 154 170 171 175 176 195 196 203 204 207 208 216 217 231 232
SOL 24 25 26 27 28 29 30 31 32 33 34 35 36 38 39 40 44 45 48 49 56 57 65 66 76 77 78 84 85 90 91 92 93 95 96 98 99 116 117 132 133 135 136 140 141 144 145 152 153 154 160 161 187 188 189 190 195 196 216 217 220 221 224 225 230 231 234 235
SOL 24 25 26 27 28 29 30 31 32 33 34 35 36 38 39 40 44 45 48 49 65 66 68 69 70 75 76 77 78 84 85 87 88 92 93 98 99 104 105 114 115 116 117 135 136 143 144 153 154 170 171 175 176 189 190 195 196 203 204 207 208 209 216 217 224 225
SOL 24 25 26 27 28 29 30 31 32 33 34 35 36 38 39 40 44 45 48 49 65 66 75 76 77 84 85 87 88 90 91 92 93 98 99 100 104 105 116 117 119 120 132 133 140 141 143 144 152 153 154 160 161 175 176 187 188 195 196 203 204 216 217 220 221 230 231 234 235
SOL 24 25 26 27 28 29 30 31 32 33 34 35 36 38 39 40 44 45 49 50 51 52 54 55 65 66 68 69 70 84 85 87 88 90 91 92 93 98 99 100 115 116 117 153 154 175 176 189 190 195 196 203 204 207 208 209 210 216 217 220 221 224 225
SOL 24 25 26 27 28 29 30 31 32 33 34 35 36 38 39 40 44 45 49 50 51 52 54 55 65 66 84 85 90 91 92 93 95 96 98 99 100 104 105 116 117 140 141 143 144 145 160 161 170 171 175 176 188 189 195 196 209 210 216 217 224 225 230 231 234 235
SOL 24 25 26 27 28 29 30 31 32 33 34 35 36 38 39 40 44 45 49 50 51 52 55 56 65 66 75 76 80 81 92 93 95 96 98 99 100 116 117 119 120 140 141 144 145 152 153 154 161 162 170 171 188 189 190 195 196 209 210 216 217 230 231 234 235
SOL 24 25 26 27 28 29 30 31 32 33 34 35 36 38 39 40 44 45 49 50 51 52 55 56 68 69 70 75 76 84 85 87 88 90 91 92 93 98 99 104 105 115 116 132 133 143 144 152 153 154 195 196 203 204 207 208 216 217 220 221 224 225
SOL 24 25 26 27 28 29 30 31 32 33 34 35 36 38 39 40 44 45 49 50 51 54 55 65 66 68 69 70 84 85 87 88 90 91 92 93 98 99 100 114 115 116 119 120 152 153 170 171 175 176 189 190 195 196 203 204 207 208 216 217 220 221 224 225
SOL 24 25 26 27 28 29 30 31 32 33 34 35 36 38 39 40 44 45 49 50 51 54 55 65 66 69 70 75 76 77 78 92 93 95 96 98 99 100 104 105 115 116 117 119 120 143 144 145 152 153 170 171 189 190 195 196 207 208 209 210 216 217
SOL 24 25 26 27 28 29 30 31 32 33 34 35 36 38 39 40 44 45 49 50 51 55 56 68 69 70 84 85 87 88 90 91 92 93 98 99 100 114 115 116 119 120 135 136 140 141 152 153 175 176 187 188 189 195 196 203 204 207 208 216 217 220 221 224 225 234 235
SOL 24 25 26 27 28 29 30 31 32 33 34 35 36 38 39 40 44 45 49 50 51 55 56 69 70 75 76 77 78 92 93 95 96 98 99 100 104 105 115 116 117 119 120 135 136 140 141 143 144 145 152 153 187 188 189 195 196 207 208 209 210 216 217 234 235
SOL 24 25 26 27 28 29 30 31 32 33 34 35 36 38 39 40 44 45 49 50 51 55 56 80 81 84 85 87 88 91 92 93 95 96 98 99 100 119 120 140 141 143 144 145 153 154 160 161 162 170 171 174 175 188 189 195 196 203 204 209 210 216 217 224 225 230 231 232 234 235
SOL 24 25 26 27 28 29 30 31 32 33 34 35 36 38 39 40 44 45 49 50 51 56 57 68 69 70 84 85 87 88 90 91 92 93 98 99 100 114 115 119 120 132 133 140 141 144 145 174 175 187 188 195 196 203 204 207 208 209 216 217 220 221 224 225 231 232 234 235
SOL 24 25 26 27 28 29 30 31 32 33 34 35 36 38 39 40 44 45 49 50 54 55 56 57 75 76 80 81 84 85 90 91 92 93 98 99 116 117 119 120 135 136 140 141 143 144 145 152 153 161 162 170 171 187 188 195 196 216 217 220 221 224 225 230 231 234 235
SOL 24 25 26 27 28 29 30 31 32 33 34 35 36 38 39 40 44 45 49 50 54 55 56 65 66 75 76 77 80 81 84 85 92 93 95 96 98 99 100 116 117 135 136 140 141 144 145 152 153 161 162 187 188 195 196 209 210 216 217 220 221 230 231 234 235
SOL 24 25 26 27 28 29 30 31 32 33 34 35 36 38 39 40 44 45 49 50 55 56 65 66 75 76 77 78 80 81 90 91 92 93 95 96 98 99 100 116 117 119 120 140 141 144 145 152 153 161 162 187 188 189 195 196 209 210 216 217 220 221 230 231 234 235
SOL 24 25 26 27 28 29 30 31 32 33 34 35 36 38 39 40 44 45 49 50 57 58 65 66 68 69 70 75 76 77 91 92 93 95 96 98 99 100 104 105 114 115 135 136 140 141 144 145 188 189 190 195 196 203 204 207 208 209 216 217 220 221 231 232 234 235
SOL 24 25 26 27 28 29 30 31 32 33 34 35 36 38 39 40 44 45 50 51 52 55 56 68 69 70 75 76 77 78 87 88 92 93 104 105 114 115 116 117 135 136 140 141 143 144 153 154 170 171 187 188 189 190 203 204 207 208 209 216 217 220 221 224 225 234 235
SOL 24 25 26 27 28 29 30 31 32 33 34 35 36 38 39 40 44 45 50 51 54 55 56 57 68 69 70 75 76 77 78 84 85 90 91 92 93 114 115 116 132 133 140 141 143 144 145 152 153 154 187 188 189 190 207 208 209 210 216 217 224 225 234 235
SOL 24 25 26 27 28 29 30 31 32 33 34 35 36 38 39 40 44 45 50 51 54 55 56 76 77 80 81 84 85 87 88 91 92 93 95 96 99 100 119 120 135 136 140 141 144 145 152 153 160 161 162 174 175 187 188 203 204 209 210 216 217 224 225 230 231 232 234 235
SOL 24 25 26 27 28 29 30 31 32 33 34 35 36 38 39 40 44 45 50 51 54 55 65 66 68 69 75 76 77 78 84 85 87 88 91 92 93 104 105 114 115 116 117 140 141 143 144 153 154 188 189 203 204 207 208 209 210 216 217 220 221 224 225 234 235
SOL 24 25 26 27 28 29 30 31 32 33 34 35 36 38 39 40 44 45 50 51 55 56 57 65 66 68 69 70 75 76 77 78 84 85 87 88 90 91 92 93 115 116 117 119 120 143 144 152 153 170 171 203 204 207 208 216 217 220 221 224 225
SOL 24 25 26 27 28 29 30 31 32 33 34 35 36 38 39 40 44 45 50 51 57 58 65 66 75 76 77 90 91 92 93 104 105 114 115 119 120 132 133 135 136 140 141 144 145 147 148 152 153 154 184 185 188 189 190 195 196 203 204 208 209 216 217 220 221 222 224 225 231 232 234 235
SOL 24 25 26 27 28 29 30 31 32 33 34 35 36 38 39 40 44 45 51 52 54 55 56 57 77 78 84 85 87 88 90 91 92 93 95 96 116 117 119 120 132 133 140 141 143 144 152 153 160 161 170 171 188 189 190 203 204 208 209 210 216 217 224 225 230 231 234 235
SOL 24 25 26 27 28 29 30 31 32 33 34 35 36 38 39 40 44 45 51 52 55 56 57 58 69 70 76 77 78 92 93 95 96 99 100 104 105 114 115 132 133 135 136 140 141 143 144 145 152 153 170 171 187 188 189 203 204 207 208 209 210 216 217 231 232 234 235
SOL 24 25 26 27 28 29 30 31 32 33 34 35 36 38 39 40 44 45 51 52 55 56 65 66 75 76 77 78 80 81 84 85 87 88 90 91 92 93 104 105 119 120 132 133 144 145 152 153 161 162 170 171 174 175 189 190 203 204 216 217 224 225 230 231 232
SOL 24 25 26 27 28 29 30 31 32 33 34 35 36 38 39 40 44 45 51 52 65 66 69 70 76 77 78 84 85 87 88 91 92 93 95 96 99 100 104 105 115 116 117 119 120 135 136 140 141 143 144 152 153 187 188 189 203 204 207 208 209 210 216 217 234 235
SOL 24 25 26 27 28 29 30 31 32 33 34 35 36 38 39 40 44 45 55 56 57 65 66 68 69 70 75 76 84 85 87 88 92 93 95 96 99 100 104 105 114 115 135 136 140 141 143 144 145 174 175 187 188 189 190 203 204 207 208 209 210 216 217 231 232 234 235
SOL 24 25 26 27 28 29 30 31 32 33 34 35 36 38 39 40 44 45 55 56 65 66 68 69 70 76 77 78 84 85 87 88 91 92 93 95 96 99 100 104 105 115 116 135 136 140 141 143 144 152 153 154 170 171 188 189 190 203 204 207 208 209 216 217 234 235
SOL 24 25 26 27 28 29 30 31 32 33 34 35 36 38 39 40 44 45 56 57 65 66 68 69 70 76 77 78 84 85 90 91 92 93 95 96 99 100 104 105 115 116 119 120 132 133 135 136 140 141 143 144 145 152 153 154 188 189 190 207 208 216 217 234 235
SOL 24 25 26 27 28 29 30 31 32 33 34 35 36 38 39 40 44 45 56 57 65 66 75 76 77 80 81 84 85 87 88 91 92 93 95 96 104 105 116 117 119 120 132 133 140 141 152 153 154 160 161 162 175 176 187 188 189 190 203 204 216 217 220 221 224 225 230 231 234 235
SOL 24 25 26 27 28 29 30 31 32 33 34 35 36 38 39 40 44 45 56 57 68 69 70 75 76 77 78 84 85 87 88 91 92 93 95 96 99 100 114 115 132 133 135 136 140 141 143 144 145 152 153 154 170 171 174 175 188 189 203 204 207 208 209 216 217 231 232 234 235
SOL 24 25 26 27 28 29 30 31 32 33 34 35 36 38 39 40 45 46 48 49 50 51 55 56 75 76 77 78 80 81 92 93 98 99 104 105 116 117 119 120 132 133 140 141 143 144 145 152 153 161 162 170 171 188 189 190 195 196 207 208 216 217 224 225 234 235
SOL 24 25 26 27 28 29 30 31 32 33 34 35 36 38 39 40 45 46 48 49 50 55 56 76 77 80 81 87 88 90 91 92 93 98 99 100 132 133 140 141 144 145 152 153 154 161 162 170 171 174 175 187 188 189 190 195 196 203 204 207 208 216 217 220 221 224 225 231 232 234 235
SOL 24 25 26 27 28 29 30 31 32 33 34 35 36 38 39 40 45 46 49 50 54 55 56 65 66 87 88 90 91 92 93 95 96 98 99 100 104 105 140 141 144 145 153 154 160 161 170 171 174 175 187 188 189 195 196 203 204 207 208 209 210 216 217 220 221 224 225 231 232 234 235
SOL 24 25 26 27 28 29 30 31 32 33 34 35 36 38 39 40 45 46 49 50 54 55 65 66 76 77 78 80 81 84 85 92 93 98 99 100 116 117 132 133 135 136 140 141 143 144 145 152 153 154 161 162 175 176 187 188 195 196 207 208 216 217 220 221 224 225 234 235
SOL 24 25 26 27 28 29 30 31 32 33 34 35 36 38 39 40 45 46 49 50 55 56 76 77 80 81 87 88 90 91 92 93 95 96 98 99 100 140 141 144 145 152 153 160 161 162 170 171 174 175 176 187 188 189 190 195 196 203 204 207 208 209 210 216 217 220 221 224 225 231 232 234 235
SOL 24 25 26 27 28 29 30 31 32 33 34 35 36 38 39 40 45 46 50 51 52 55 56 65 66 77 78 80 81 91 92 93 99 100 104 105 116 117 119 120 132 133 140 141 143 144 145 152 153 154 161 162 170 171 175 176 188 189 207 208 209 216 217 224 225 234 235
SOL 24 25 26 27 28 29 30 31 32 33 34 35 36 38 39 40 45 46 50 51 52 55 56 76 77 80 81 84 85 87 88 92 93 95 96 99 100 116 117 119 120 140 141 143 144 152 153 160 161 162 170 171 175 176 188 189 190 203 204 207 208 209 216 217 224 225 234 235
SOL 24 25 26 27 28 29 30 31 32 33 34 35 36 38 39 40 45 46 50 51 52 56 57 65 66 77 78 87 88 92 93 95 96 99 100 119 120 132 133 135 136 140 141 143 144 145 152 153 160 161 174 175 188 189 203 204 207 208 209 210 216 217 220 221 224 225 231 232 234 235
SOL 24 25 26 27 28 29 30 31 32 33 34 35 36 38 39 40 45 46 50 51 52 57 58 65 66 68 69 84 85 92 93 95 96 99 100 119 120 132 133 140 141 143 144 145 147 148 160 161 175 176 184 185 187 188 195 196 203 204 216 217 220 221 222 224 225 230 231 232 234 235
SOL 24 25 26 27 28 29 30 31 32 33 34 35 36 38 39 40 45 46 50 51 54 55 56 57 68 69 70 91 92 93 95 96 99 100 116 117 132 133 140 141 143 144 145 147 148 152 153 154 160 161 175 176 184 185 188 189 195 196 209 210 216 217 221 222 224 225 230 231 234 235
SOL 24 25 26 27 28 29 30 31 32 33 34 35 36 38 39 40 45 46 50 51 54 55 56 65 66 68 69 75 76 77 84 85 87 88 92 93 95 96 116 117 140 141 147 148 153 154 160 161 184 185 188 189 195 196 203 204 216 217 221 222 224 225 230 231 234 235
SOL 24 25 26 27 28 29 30 31 32 33 34 35 36 38 39 40 45 46 50 51 54 55 56 65 66 76 77 78 84 85 87 88 92 93 95 96 99 100 104 105 116 117 119 120 152 153 154 160 161 170 171 175 176 189 190 203 204 207 208 209 210 216 217 224 225
SOL 24 25 26 27 28 29 30 31 32 33 34 35 36 38 39 40 45 46 50 51 55 56 57 65 66 75 76 80 81 84 85 87 88 90 91 92 93 99 100 116 117 119 120 140 141 143 144 152 153 160 161 162 170 171 188 189 203 204 207 208 216 217 234 235
SOL 24 25 26 27 28 29 30 31 32 33 34 35 36 38 39 40 45 46 50 51 55 56 65 66 68 69 76 77 78 84 85 87 88 92 93 95 96 99 100 144 145 147 148 152 153 160 161 174 175 176 184 185 195 196 203 204 209 210 216 217 220 221 222 224 225 230 231 232
SOL 24 25 26 27 28 29 30 31 32 33 34 35 36 38 39 40 45 46 50 51 55 56 68 69 76 77 84 85 91 92 93 95 96 99 100 116 117 135 136 140 141 143 144 145 147 148 153 154 160 161 170 171 175 176 184 185 188 189 190 195 196 216 217 221 222 224 225 230 231 234 235
SOL 24 25 26 27 28 29 30 31 32 33 34 35 36 38 39 40 45 46 50 51 56 57 58 65 66 68 69 70 84 85 92 93 95 96 99 100 104 105 132 133 143 144 145 147 148 152 153 160 161 175 176 184 185 195 196 203 204 209 210 216 217 221 222 224 225 230 231 232
SOL 24 25 26 27 28 29 30 31 32 33 34 35 36 38 39 40 45 46 50 51 65 66 68 69 70 75 76 80 81 84 85 91 92 93 95 96 104 105 116 117 140 141 143 144 145 147 148 160 161 162 170 171 184 185 188 189 190 195 196 216 217 221 222 224 225 230 231 234 235
SOL 24 25 26 27 28 29 30 31 32 33 34 35 36 38 39 40 45 46 50 51 65 66 76 77 78 84 85 87 88 91 92 93 95 96 99 100 104 105 119 120 135 136 140 141 143 144 145 152 153 154 160 161 174 175 187 188 189 203 204 207 208 209 210 216 217 224 225 231 232 234 235
SOL 24 25 26 27 28 29 30 31 32 33 34 35 36 38 39 40 45 46 50 51 68 69 70 77 78 80 81 84 85 87 88 92 93 99 100 119 120 132 133 140 141 144 145 147 148 153 154 161 162 170 171 174 175 184 185 188 189 195 196 203 204 216 217 220 221 222 224 225 230 231 232 234 235
SOL 24 25 26 27 28 29 30 31 32 33 34 35 36 38 39 40 45 46 50 51 68 69 75 76 77 78 80 81 84 85 87 88 92 93 99 100 104 105 116 117 119 120 132 133 147 148 152 153 154 160 161 162 170 171 184 185 189 190 195 196 203 204 216 217 220 221 222 230 231
SOL 24 25 26 27 28 29 30 31 32 33 34 35 36 38 39 40 45 46 51 52 54 55 56 57 65 66 77 78 84 85 87 88 91 92 93 95 96 104 105 116 117 132 133 140 141 143 144 152 153 160 161 188 189 203 204 207 208 209 210 216 217 224 225 234 235
SOL 24 25 26 27 28 29 30 31 32 33 34 35 36 38 39 40 45 46 51 52 54 55 56 68 69 76 77 80 81 84 85 92 93 95 96 104 105 116 117 135 136 140 141 143 144 145 147 148 160 161 162 184 185 187 188 195 196 216 217 220 221 222 224 225 230 231 234 235
SOL 24 25 26 27 28 29 30 31 32 33 34 35 36 38 39 40 45 46 51 52 54 55 56 69 70 75 76 80 81 87 88 92 93 95 96 99 100 119 120 135 136 144 145 147 148 152 153 154 161 162 174 175 176 184 185 195 196 203 204 208 209 216 217 221 222 230 231 232
SOL 24 25 26 27 28 29 30 31 32 33 34 35 36 38 39 40 45 46 51 52 54 55 65 66 68 69 76 77 78 84 85 87 88 92 93 95 96 104 105 116 117 140 141 147 148 153 154 160 161 184 185 188 189 195 196 203 204 216 217 221 222 224 225 230 231 234 235
SOL 24 25 26 27 28 29 30 31 32 33 34 35 36 38 39 40 45 46 51 52 54 55 68 69 70 75 76 84 85 87 88 91 92 93 95 96 116 117 140 141 147 148 152 153 154 160 161 175 176 184 185 188 189 195 196 203 204 208 209 210 216 217 220 221 222 224 225 230 231 234 235
SOL 24 25 26 27 28 29 30 31 32 33 34 35 36 38 39 40 45 46 51 52 55 56 57 58 68 69 70 92 93 95 96 104 105 132 133 135 136 140 141 144 145 147 148 152 153 160 161 170 171 184 185 187 188 189 190 195 196 203 204 208 209 210 216 217 221 222 224 225 230 231 232 234 235
SOL 24 25 26 27 28 29 30 31 32 33 34 35 36 38 39 40 45 46 51 52 55 56 57 65 66 75 76 77 87 88 91 92 93 95 96 99 100 116 117 119 120 132 133 135 136 147 148 152 153 175 176 184 185 189 190 195 196 203 204 207 208 216 217 221 222 230 231
SOL 24 25 26 27 28 29 30 31 32 33 34 35 36 38 39 40 45 46 51 52 55 56 65 66 69 70 75 76 87 88 92 93 99 100 119 120 132 133 135 136 140 141 143 144 145 147 148 152 153 160 161 174 175 184 185 188 189 195 196 203 204 216 217 221 222 230 231 232 234 235
SOL 24 25 26 27 28 29 30 31 32 33 34 35 36 38 39 40 45 46 51 52 55 56 68 69 76 77 78 80 81 90 91 92 93 95 96 104 105 116 117 119 120 140 141 143 144 145 147 148 160 161 162 184 185 187 188 189 195 196 216 217 220 221 222 224 225 230 231 234 235
SOL 24 25 26 27 28 29 30 31 32 33 34 35 36 38 39 40 45 46 51 52 65 66 68 69 70 75 76 77 80 81 87 88 92 93 95 96 99 100 140 141 143 144 145 147 148 161 162 170 171 174 175 184 185 187 188 189 190 195 196 203 204 216 217 221 222 230 231 232 234 235
SOL 24 25 26 27 28 29 30 31 32 33 34 35 36 38 39 40 45 46 51 52 68 69 70 75 76 84 85 87 88 90 91 92 93 95 96 116 117 119 120 135 136 140 141 147 148 152 153 160 161 175 176 184 185 187 188 189 195 196 203 204 208 209 216 217 220 221 222 224 225 230 231 234 235
SOL 24 25 26 27 28 29 30 31 32 33 34 35 36 38 39 40 45 46 51 52 68 69 75 76 77 84 85 87 88 92 93 95 96 104 105 116 117 119 120 135 136 140 141 143 144 147 148 153 154 160 161 175 176 184 185 187 188 189 195 196 203 204 216 217 220 221 222 224 225 230 231 234 235
SOL 24 25 26 27 28 29 30 31 32 33 34 35 36 38 39 40 45 46 55 56 65 66 69 70 76 77 80 81 84 85 90 91 92 93 104 105 116 117 132 133 140 141 143 144 145 147 148 152 153 154 161 162 170 171 184 185 188 189 190 195 196 216 217 221 222 224 225 230 231 234 235
SOL 24 25 26 27 28 29 30 31 32 33 34 35 36 38 39 40 45 46 55 56 69 70 75 76 77 80 81 87 88 90 91 92 93 95 96 99 100 140 141 144 145 147 148 152 153 161 162 170 171 174 175 176 184 185 187 188 189 190 195 196 203 204 208 209 216 217 220 221 222 230 231 232 234 235
SOL 24 25 26 27 28 29 30 31 32 33 34 35 36 38 39 40 45 46 69 70 75 76 77 78 80 81 84 85 87 88 91 92 93 95 96 104 105 119 120 140 141 143 144 145 147 148 152 153 160 161 162 174 175 184 185 187 188 189 195 196 203 204 209 210 216 217 221 222 224 225 230 231 232 234 235
SOL 24 25 26 27 28 29 30 31 32 33 34 35 36 38 39 40 48 49 50 51 52 54 55 56 57 68 69 75 76 87 88 91 92 93 95 96 98 99 100 114 115 116 117 132 133 140 141 170 171 187 188 189 195 196 203 204 207 208 216 217 220 221 234 235
SOL 24 25 26 27 28 29 30 31 32 33 34 35 36 38 39 40 48 49 50 51 52 54 55 56 65 66 69 70 75 76 77 87 88 91 92 93 98 99 104 105 114 115 116 140 141 170 171 187 188 189 190 195 196 203 204 207 208 209 216 217 224 225 234 235
SOL 24 25 26 27 28 29 30 31 32 33 34 35 36 38 39 40 48 49 50 51 52 54 55 65 66 76 77 80 81 87 88 92 93 98 99 100 104 105 116 117 119 120 132 133 135 136 143 144 152 153 161 162 175 176 195 196 203 204 216 217 220 221 224 225 230 231
SOL 24 25 26 27 28 29 30 31 32 33 34 35 36 38 39 40 48 49 50 51 52 54 55 69 70 75 76 77 84 85 87 88 91 92 93 95 96 98 99 100 104 105 115 116 117 119 120 152 153 154 170 171 189 190 195 196 203 204 207 208 209 216 217
SOL 24 25 26 27 28 29 30 31 32 33 34 35 36 38 39 40 48 49 50 51 52 55 56 57 65 66 68 69 75 76 77 84 85 87 88 92 93 98 99 104 105 115 116 119 120 152 153 154 170 171 195 196 203 204 207 208 216 217 220 221 224 225
SOL 24 25 26 27 28 29 30 31 32 33 34 35 36 38 39 40 48 49 50 51 52 55 56 57 76 77 78 87 88 92 93 95 96 98 99 100 104 105 119 120 132 133 135 136 143 144 145 152 153 160 161 174 175 189 190 195 196 203 204 216 217 220 221 224 225 230 231 232
SOL 24 25 26 27 28 29 30 31 32 33 34 35 36 38 39 40 48 49 50 51 52 55 56 65 66 77 78 80 81 90 91 92 93 98 99 100 116 117 119 120 132 133 140 141 144 145 152 153 161 162 170 171 175 176 188 189 195 196 209 210 216 217 224 225 230 231 234 235
SOL 24 25 26 27 28 29 30 31 32 33 34 35 36 38 39 40 48 49 50 51 52 55 56 68 69 70 75 76 77 87 88 92 93 95 96 98 99 100 104 105 115 116 135 136 140 141 153 154 170 171 187 188 189 190 195 196 203 204 207 208 216 217 220 221 234 235
SOL 24 25 26 27 28 29 30 31 32 33 34 35 36 38 39 40 48 49 50 51 52 55 56 68 69 76 77 84 85 87 88 92 93 98 99 100 104 105 114 115 119 120 140 141 144 145 174 175 176 187 188 195 196 203 204 207 208 209 210 216 217 220 221 224 225 231 232 234 235
SOL 24 25 26 27 28 29 30 31 32 33 34 35 36 38 39 40 48 49 50 51 52 56 57 65 66 75 76 80 81 84 85 87 88 92 93 95 96 98 99 116 117 132 133 140 141 152 153 154 160 161 162 188 189 190 195 196 203 204 216 217 224 225 230 231 234 235
SOL 24 25 26 27 28 29 30 31 32 33 34 35 36 38 39 40 48 49 50 51 52 65 66 69 70 76 77 84 85 90 91 92 93 98 99 100 104 105 115 116 132 133 135 136 140 141 144 145 152 153 154 170 171 175 176 188 189 190 195 196 207 208 216 217 224 225 234 235
SOL 24 25 26 27 28 29 30 31 32 33 34 35 36 38 39 40 48 49 50 51 54 55 56 57 65 66 68 69 70 91 92 93 98 99 100 104 105 114 115 116 119 120 132 133 140 141 144 145 175 176 187 188 189 195 196 207 208 209 216 217 220 221 224 225 234 235
SOL 24 25 26 27 28 29 30 31 32 33 34 35 36 38 39 40 48 49 50 51 54 55 56 57 65 66 68 69 75 76 84 85 87 88 90 91 92 93 98 99 114 115 116 132 133 152 153 154 189 190 195 196 203 204 207 208 209 216 217 220 221 224 225
SOL 24 25 26 27 28 29 30 31 32 33 34 35 36 38 39 40 48 49 50 51 54 55 56 65 66 68 69 77 78 84 85 87 88 92 93 98 99 100 114 115 116 117 140 141 143 144 152 153 175 176 188 189 195 196 203 204 207 208 216 217 220 221 224 225 234 235
SOL 24 25 26 27 28 29 30 31 32 33 34 35 36 38 39 40 48 49 50 51 54 55 65 66 68 69 76 77 78 84 85 87 88 92 93 98 99 100 114 115 116 117 140 141 143 144 153 154 175 176 188 189 195 196 203 204 207 208 209 216 217 220 221 224 225 234 235
SOL 24 25 26 27 28 29 30 31 32 33 34 35 36 38 39 40 48 49 50 51 55 56 57 65 66 68 69 84 85 90 91 92 93 98 99 100 104 105 114 115 116 132 133 135 136 140 141 144 145 175 176 187 188 189 195 196 207 208 209 216 217 220 221 224 225 234 235
SOL 24 25 26 27 28 29 30 31 32 33 34 35 36 38 39 40 48 49 50 51 55 56 69 70 76 77 78 87 88 92 93 98 99 100 104 105 115 116 117 132 133 135 136 140 141 143 144 152 153 154 170 171 175 176 187 188 189 190 195 196 203 204 207 208 216 217 224 225 234 235
SOL 24 25 26 27 28 29 30 31 32 33 34 35 36 38 39 40 48 49 50 51 56 57 58 65 66 69 70 76 77 90 91 92 93 98 99 100 114 115 119 120 132 133 135 136 144 145 152 153 154 175 176 189 190 195 196 203 204 207 208 209 216 217 220 221 224 225 231 232
SOL 24 25 26 27 28 29 30 31 32 33 34 35 36 38 39 40 48 49 50 51 56 57 65 66 69 70 76 77 87 88 90 91 92 93 98 99 100 114 115 119 120 132 133 135 136 144 145 153 154 174 175 176 189 190 195 196 203 204 207 208 216 217 220 221 224 225 231 232
SOL 24 25 26 27 28 29 30 31 32 33 34 35 36 38 39 40 48 49 50 55 56 65 66 69 70 84 85 90 91 92 93 98 99 100 104 105 115 116 119 120 132 133 135 136 140 141 144 145 152 153 170 171 175 176 187 188 189 195 196 207 208 209 210 216 217 220 221 224 225 234 235
SOL 24 25 26 27 28 29 30 31 32 33 34 35 36 38 39 40 48 49 51 52 54 55 56 75 76 77 78 80 81 87 88 90 91 92 93 95 96 98 99 119 120 135 136 144 145 152 153 160 161 162 174 175 195 196 203 204 208 209 210 216 217 220 221 224 225 230 231 232
SOL 24 25 26 27 28 29 30 31 32 33 34 35 36 38 39 40 48 49 51 52 55 56 65 66 69 70 75 76 77 78 84 85 92 93 98 99 115 116 117 132 133 135 136 140 141 143 144 145 152 153 170 171 175 176 188 189 190 195 196 207 208 216 217 224 225 234 235
SOL 24 25 26 27 28 29 30 31 32 33 34 35 36 38 39 40 48 49 51 52 56 57 65 66 68 69 70 76 77 87 88 90 91 92 93 98 99 104 105 115 116 117 135 136 140 141 152 153 170 171 187 188 189 195 196 203 204 207 208 216 217 220 221 224 225 234 235
SOL 24 25 26 27 28 29 30 31 32 33 34 35 36 38 39 40 48 49 51 52 56 57 65 66 69 70 75 76 91 92 93 95 96 98 99 100 104 105 114 115 116 119 120 135 136 140 141 144 145 153 154 175 176 187 188 189 190 195 196 207 208 209 210 216 217 234 235
SOL 24 25 26 27 28 29 30 31 32 33 34 35 36 38 39 40 48 49 51 52 56 57 68 69 75 76 77 78 91 92 93 95 96 98 99 100 104 105 114 115 116 119 120 135 136 140 141 144 145 153 154 175 176 187 188 189 190 195 196 207 208 209 216 217 220 221 234 235
SOL 24 25 26 27 28 29 30 31 32 33 34 35 36 38 39 40 48 49 51 52 57 58 68 69 75 76 77 84 85 91 92 93 95 96 98 99 100 104 105 114 115 119 120 132 133 143 144 145 152 153 170 171 175 176 195 196 203 204 207 208 209 210 216 217 220 221 231 232
SOL 24 25 26 27 28 29 30 31 32 33 34 35 36 38 39 40 48 49 54 55 56 65 66 80 81 84 85 90 91 92 93 98 99 100 104 105 116 117 119 120 132 133 135 136 140 141 143 144 145 152 153 154 160 161 162 170 171 187 188 195 196 209 210 216 217 220 221 230 231 234 235
SOL 24 25 26 27 28 29 30 31 32 33 34 35 36 38 39 40 48 49 55 56 57 65 66 68 69 75 76 77 78 84 85 92 93 98 99 104 105 114 115 116 117 119 120 132 133 135 136 143 144 145 152 153 154 175 176 189 190 195 196 207 208 209 210 216 217 224 225
SOL 24 25 26 27 28 29 30 31 32 33 34 35 36 38 39 40 49 50 51 52 54 55 56 57 58 68 69 75 76 77 92 93 95 96 98 99 100 104 105 114 115 132 133 140 141 144 145 170 171 187 188 189 195 196 203 204 207 208 216 217 220 221 231 232 234 235
SOL 24 25 26 27 28 29 30 31 32 33 34 35 36 38 39 40 49 50 51 52 54 55 56 57 65 66 68 69 75 76 84 85 91 92 93 98 99 104 105 115 116 119 120 140 141 144 145 152 153 170 171 187 188 189 195 196 207 208 216 217 224 225 234 235
SOL 24 25 26 27 28 29 30 31 32 33 34 35 36 38 39 40 49 50 51 52 54 55 56 57 68 69 76 77 78 84 85 87 88 90 91 92 93 98 99 100 114 115 116 132 133 152 153 175 176 189 190 195 196 203 204 207 208 209 210 216 217 220 221 224 225
SOL 24 25 26 27 28 29 30 31 32 33 34 35 36 38 39 40 49 50 51 52 54 55 56 65 66 68 69 75 76 77 90 91 92 93 95 96 98 99 100 104 105 115 116 117 140 141 144 145 152 153 154 188 189 195 196 207 208 209 216 217 220 221 234 235
SOL 24 25 26 27 28 29 30 31 32 33 34 35 36 38 39 40 49 50 51 52 54 55 57 58 65 66 77 78 84 85 92 93 95 96 98 99 100 104 105 132 133 140 141 144 145 152 153 160 161 175 176 188 189 195 196 203 204 209 210 216 217 224 225 230 231 232 234 235
SOL 24 25 26 27 28 29 30 31 32 33 34 35 36 38 39 40 49 50 51 52 54 55 65 66 68 69 70 75 76 77 78 91 92 93 95 96 98 99 100 104 105 115 116 119 120 144 145 152 153 154 170 171 189 190 195 196 207 208 209 210 216 217 220 221
SOL 24 25 26 27 28 29 30 31 32 33 34 35 36 38 39 40 49 50 51 52 55 56 57 58 68 69 75 76 77 78 91 92 93 95 96 98 99 100 104 105 114 115 132 133 140 141 144 145 170 171 187 188 195 196 203 204 207 208 216 217 220 221 231 232 234 235
SOL 24 25 26 27 28 29 30 31 32 33 34 35 36 38 39 40 49 50 51 52 55 56 68 69 70 75 76 77 78 91 92 93 95 96 98 99 100 104 105 115 116 119 120 135 136 140 141 144 145 152 153 154 187 188 189 195 196 207 208 209 210 216 217 220 221 234 235
SOL 24 25 26 27 28 29 30 31 32 33 34 35 36 38 39 40 49 50 51 52 55 56 69 70 76 77 84 85 87 88 92 93 98 99 100 104 105 114 115 119 120 135 136 140 141 144 145 170 171 174 175 188 189 190 195 196 203 204 207 208 209 216 217 220 221 224 225 231 232 234 235
SOL 24 25 26 27 28 29 30 31 32 33 34 35 36 38 39 40 49 50 51 52 56 57 68 69 70 75 76 84 85 90 91 92 93 95 96 98 99 100 114 115 116 117 132 133 135 136 140 141 144 145 152 153 170 171 188 189 195 196 207 208 209 216 217 220 221 234 235
SOL 24 25 26 27 28 29 30 31 32 33 34 35 36 38 39 40 49 50 51 54 55 56 65 66 76 77 80 81 87 88 90 91 92 93 95 96 98 99 100 119 120 135 136 144 145 152 153 160 161 162 174 175 176 195 196 203 204 208 209 210 216 217 220 221 224 225 230 231 232
SOL 24 25 26 27 28 29 30 31 32 33 34 35 36 38 39 40 49 50 54 55 56 57 58 69 70 75 76 77 84 85 90 91 92 93 98 99 114 115 119 120 132 133 140 141 144 145 152 153 154 187 188 189 190 195 196 203 204 207 208 209 216 217 220 221 224 225 231 232 234 235
SOL 24 25 26 27 28 29 30 31 32 33 34 35 36 38 39 40 50 51 52 54 55 65 66 76 77 78 80 81 90 91 92 93 95 96 99 100 104 105 116 117 119 120 135 136 140 141 143 144 145 152 153 154 160 161 162 175 176 187 188 208 209 216 217 224 225 230 231 234 235
SOL 24 25 26 27 28 29 30 31 32 33 34 35 36 38 39 40 50 51 52 55 56 57 65 66 68 69 70 75 76 84 85 92 93 95 96 99 100 104 105 114 115 116 117 119 120 132 133 140 141 143 144 145 153 154 170 171 187 188 207 208 216 217 234 235
SOL 24 25 26 27 28 29 30 31 32 33 34 35 36 38 39 40 50 51 54 55 56 57 65 66 68 69 75 76 77 84 85 91 92 93 95 96 99 100 114 115 116 117 119 120 132 133 140 141 143 144 145 152 153 170 171 187 188 189 207 208 209 216 217 234 235
SOL 24 25 26 27 28 29 30 31 32 33 34 35 36 38 39 40 50 51 54 55 56 57 69 70 75 76 77 78 84 85 87 88 90 91 92 93 95 96 99 100 114 115 116 119 120 132 133 140 141 143 144 153 154 170 171 188 189 203 204 207 208 216 217 234 235
SOL 24 25 26 27 28 29 30 31 32 33 34 35 36 38 39 40 51 52 55 56 57 65 66 69 70 77 78 87 88 90 91 92 93 95 96 99 100 104 105 115 116 117 132 133 135 136 140 141 143 144 152 153 154 170 171 187 188 189 190 203 204 207 208 209 216 217 234 235
SOL 24 25 26 27 28 29 30 31 32 33 34 35 36 38 39 40 51 52 55 56 57 65 66 75 76 77 78 87 88 91 92 93 95 96 99 100 104 105 114 115 116 117 119 120 135 136 143 144 147 148 153 154 175 176 184 185 189 190 195 196 203 204 209 210 216 217 220 221 222
SOL 24 25 26 27 28 29 30 31 32 33 34 35 36 38 39 40 55 56 57 65 66 68 69 70 76 77 78 84 85 87 88 90 91 92 93 95 96 99 100 104 105 114 115 116 119 120 132 133 135 136 140 141 143 144 170 171 187 188 189 203 204 207 208 216 217 234 235
SOL 24 25 26 27 28 29 30 31 32 33 34 35 36 38 39 44 45 46 48 49 50 51 52 55 56 57 58 65 66 75 76 84 85 90 91 92 93 98 99 100 119 120 144 145 152 153 160 161 170 171 195 196 203 204 207 208 216 217 231 232
SOL 24 25 26 27 28 29 30 31 32 33 34 35 36 38 39 44 45 46 48 49 50 51 56 57 87 88 91 92 93 95 96 98 99 100 119 120 132 133 135 136 140 141 144 145 152 153 154 160 161 174 175 176 188 189 195 196 203 204 207 208 209 210 216 217 220 221 224 225 231 232 234 235
SOL 24 25 26 27 28 29 30 31 32 33 34 35 36 38 39 44 45 46 48 49 51 52 54 55 65 66 76 77 78 80 81 92 93 98 99 116 117 119 120 132 133 135 136 140 141 143 144 145 152 153 154 161 162 187 188 195 196 207 208 216 217 224 225 234 235
SOL 24 25 26 27 28 29 30 31 32 33 34 35 36 38 39 44 45 46 48 49 51 52 55 56 75 76 77 87 88 90 91 92 93 98 99 100 116 117 119 120 132 133 135 136 140 141 152 153 154 160 161 175 176 188 189 195 196 203 204 207 208 216 217 220 221 234 235
SOL 24 25 26 27 28 29 30 31 32 33 34 35 36 38 39 44 45 46 48 49 51 52 56 57 65 66 75 76 87 88 91 92 93 98 99 100 104 105 135 136 140 141 144 145 152 153 160 161 170 171 174 175 187 188 189 195 196 203 204 207 208 216 217 231 232 234 235
SOL 24 25 26 27 28 29 30 31 32 33 34 35 36 38 39 44 45 46 49 50 51 54 55 56 75 76 80 81 87 88 90 91 92 93 95 96 98 99 100 104 105 116 117 119 120 135 136 152 153 154 161 162 195 196 203 204 207 208 209 210 216 217 220 221
SOL 24 25 26 27 28 29 30 31 32 33 34 35 36 38 39 44 45 46 50 51 52 54 55 65 66 68 69 70 75 76 91 92 93 95 96 116 117 119 120 144 145 147 148 152 153 154 160 161 170 171 184 185 189 190 195 196 208 209 210 216 217 220 221 222 224 225 230 231
SOL 24 25 26 27 28 29 30 31 32 33 34 35 36 38 39 44 45 46 50 51 52 55 56 57 68 69 70 84 85 87 88 92 93 95 96 99 100 132 133 144 145 147 148 152 153 154 160 161 174 175 184 185 195 196 203 204 208 209 210 216 217 220 221 222 224 225 230 231 232
SOL 24 25 26 27 28 29 30 31 32 33 34 35 36 38 39 44 45 46 50 51 52 55 56 68 69 70 75 76 91 92 93 95 96 116 117 119 120 135 136 140 141 144 145 147 148 152 153 154 160 161 184 185 187 188 189 195 196 208 209 210 216 217 220 221 222 224 225 230 231 234 235
SOL 24 25 26 27 28 29 30 31 32 33 34 35 36 38 39 44 45 46 50 51 52 55 56 68 69 75 76 77 78 84 85 91 92 93 99 100 116 117 132 133 135 136 143 144 145 147 148 152 153 154 160 161 170 171 184 185 189 190 195 196 216 217 220 221 222 230 231
SOL 24 25 26 27 28 29 30 31 32 33 34 35 36 38 39 44 45 46 50 51 52 55 56 68 69 75 76 80 81 84 85 87 88 92 93 116 117 119 120 132 133 143 144 147 148 152 153 154 161 162 170 171 184 185 189 190 195 196 203 204 216 217 221 222 224 225 230 231
SOL 24 25 26 27 28 29 30 31 32 33 34 35 36 38 39 44 45 46 50 51 52 55 56 68 69 76 77 80 81 91 92 93 95 96 99 100 116 117 140 141 144 145 147 148 152 153 160 161 162 175 176 184 185 188 189 195 196 208 209 210 216 217 221 222 224 225 230 231 234 235
SOL 24 25 26 27 28 29 30 31 32 33 34 35 36 38 39 44 45 46 50 51 52 68 69 76 77 87 88 90 91 92 93 95 96 99 100 116 117 135 136 140 141 147 148 152 153 160 161 170 171 175 176 184 185 187 188 189 190 195 196 203 204 208 209 210 216 217 221 222 224 225 230 231 234 235
SOL 24 25 26 27 28 29 30 31 32 33 34 35 36 38 39 44 45 46 50 51 54 55 65 66 68 69 76 77 78 91 92 93 95 96 99 100 116 117 140 141 144 145 147 148 152 153 154 160 161 175 176 184 185 188 189 195 196 209 210 216 217 220 221 222 224 225 230 231 234 235
SOL 24 25 26 27 28 29 30 31 32 33 34 35 36 38 39 44 45 46 50 51 54 55 68 69 75 76 80 81 91 92 93 95 96 99 100 116 117 119 120 135 136 140 141 143 144 145 147 148 152 153 154 161 162 184 185 187 188 195 196 209 210 216 217 220 221 222 230 231 234 235
SOL 24 25 26 27 28 29 30 31 32 33 34 35 36 38 39 44 45 46 50 51 55 56 57 65 66 77 78 84 85 87 88 92 93 95 96 99 100 119 120 132 133 135 136 140 141 144 145 153 154 160 161 174 175 187 188 189 203 204 207 208 216 217 224 225 231 232 234 235
SOL 24 25 26 27 28 29 30 31 32 33 34 35 36 38 39 44 45 46 50 51 55 56 65 66 68 69 70 76 77 84 85 87 88 91 92 93 95 96 99 100 144 145 147 148 152 153 160 161 174 175 184 185 195 196 203 204 208 209 216 217 221 222 224 225 230 231 232
SOL 24 25 26 27 28 29 30 31 32 33 34 35 36 38 39 44 45 46 50 51 55 56 68 69 75 76 77 80 81 90 91 92 93 95 96 116 117 119 120 140 141 143 144 145 147 148 153 154 160 161 162 170 171 184 185 188 189 190 195 196 216 217 221 222 224 225 230 231 234 235
SOL 24 25 26 27 28 29 30 31 32 33 34 35 36 38 39 44 45 46 50 51 56 57 65 66 75 76 77 84 85 87 88 90 91 92 93 95 96 116 117 119 120 132 133 135 136 140 141 143 144 152 153 160 161 187 188 189 190 203 204 207 208 216 217 224 225 234 235
SOL 24 25 26 27 28 29 30 31 32 33 34 35 36 38 39 44 45 46 50 51 57 58 68 69 80 81 84 85 90 91 92 93 95 96 99 100 132 133 140 141 144 145 147 148 152 153 160 161 162 175 176 184 185 188 189 195 196 203 204 208 209 216 217 220 221 222 224 225 230 231 232 234 235
SOL 24 25 26 27 28 29 30 31 32 33 34 35 36 38 39 44 45 46 50 51 65 66 68 69 70 75 76 77 78 80 81 90 91 92 93 95 96 99 100 116 117 140 141 144 145 147 148 152 153 161 162 184 185 188 189 195 196 209 210 216 217 220 221 222 230 231 234 235
SOL 24 25 26 27 28 29 30 31 32 33 34 35 36 38 39 44 45 46 50 51 65 66 68 69 87 88 90 91 92 93 95 96 99 100 104 105 135 136 140 141 144 145 147 148 153 154 160 161 170 171 174 175 184 185 187 188 189 195 196 203 204 208 209 210 216 217 221 222 224 225 230 231 232 234 235
SOL 24 25 26 27 28 29 30 31 32 33 34 35 36 38 39 44 45 46 51 52 54 55 56 68 69 70 77 78 91 92 93 99 100 104 105 116 117 119 120 132 133 140 141 143 144 145 147 148 153 154 160 161 170 171 184 185 188 189 195 196 216 217 220 221 222 230 231 234 235
SOL 24 25 26 27 28 29 30 31 32 33 34 35 36 38 39 44 45 46 51 52 54 55 65 66 68 69 70 90 91 92 93 95 96 104 105 116 117 119 120 140 141 144 145 147 148 153 154 160 161 170 171 184 185 188 189 195 196 208 209 210 216 217 220 221 222 224 225 230 231 234 235
SOL 24 25 26 27 28 29 30 31 32 33 34 35 36 38 39 44 45 46 51 52 54 55 68 69 70 84 85 87 88 90 91 92 93 99 100 116 117 119 120 132 133 140 141 147 148 152 153 154 160 161 170 171 184 185 188 189 195 196 203 204 208 209 216 217 220 221 222 230 231 234 235
SOL 24 25 26 27 28 29 30 31 32 33 34 35 36 38 39 44 45 46 51 52 55 56 57 58 75 76 77 78 80 81 84 85 92 93 95 96 99 100 104 105 132 133 140 141 143 144 145 152 153 161 162 175 176 188 189 190 203 204 207 208 216 217 231 232 234 235
SOL 24 25 26 27 28 29 30 31 32 33 34 35 36 38 39 44 45 46 51 52 55 56 68 69 77 78 84 85 90 91 92 93 99 100 104 105 116 117 132 133 135 136 140 141 143 144 145 147 148 153 154 160 161 170 171 184 185 188 189 195 196 216 217 220 221 222 230 231 234 235
SOL 24 25 26 27 28 29 30 31 32 33 34 35 36 38 39 44 45 46 51 52 56 57 68 69 76 77 78 80 81 84 85 87 88 91 92 93 95 96 99 100 116 117 132 133 143 144 147 148 152 153 161 162 184 185 189 190 195 196 203 204 216 217 221 222 230 231
SOL 24 25 26 27 28 29 30 31 32 33 34 35 36 38 39 44 45 46 51 52 56 57 68 69 77 78 80 81 90 91 92 93 95 96 99 100 104 105 116 117 132 133 140 141 143 144 145 147 148 152 153 161 162 184 185 188 189 195 196 209 210 216 217 221 222 230 231 234 235
SOL 24 25 26 27 28 29 30 31 32 33 34 35 36 38 39 44 45 46 51 52 65 66 75 76 77 78 84 85 87 88 90 91 92 93 95 96 99 100 104 105 119 120 135 136 144 145 147 148 170 171 174 175 184 185 189 190 195 196 203 204 207 208 216 217 220 221 222 230 231 232
SOL 24 25 26 27 28 29 30 31 32 33 34 35 36 38 39 44 45 46 51 52 68 69 76 77 80 81 84 85 87 88 90 91 92 93 95 96 99 100 116 117 119 120 140 141 147 148 152 153 161 162 170 171 184 185 188 189 190 195 196 203 204 208 209 216 217 221 222 230 231 234 235
SOL 24 25 26 27 28 29 30 31 32 33 34 35 36 38 39 44 45 46 51 52 69 70 75 76 77 78 87 88 90 91 92 93 95 96 104 105 119 120 135 136 140 141 144 145 147 148 152 153 160 161 174 175 184 185 188 189 195 196 203 204 208 209 216 217 220 221 222 224 225 230 231 232 234 235
SOL 24 25 26 27 28 29 30 31 32 33 34 35 36 38 39 44 45 46 54 55 56 69 70 75 76 77 80 81 84 85 91 92 93 99 100 116 117 132 133 135 136 140 141 143 144 145 147 148 152 153 154 160 161 162 175 176 184 185 187 188 195 196 216 217 220 221 222 230 231 234 235
SOL 24 25 26 27 28 29 30 31 32 33 34 35 36 38 39 44 45 46 54 55 57 58 69 70 75 76 77 78 84 85 92 93 95 96 119 120 132 133 140 141 144 145 147 148 152 153 154 160 161 175 176 184 185 187 188 189 190 195 196 203 204 216 217 220 221 222 224 225 230 231 232 234 235
SOL 24 25 26 27 28 29 30 31 32 33 34 35 36 38 39 44 45 46 54 55 65 66 75 76 77 84 85 87 88 91 92 93 95 96 99 100 104 105 119 120 140 141 144 145 147 148 152 153 154 174 175 184 185 187 188 189 195 196 203 204 207 208 209 216 217 220 221 222 230 231 232 234 235
SOL 24 25 26 27 28 29 30 31 32 33 34 35 36 38 39 44 45 46 55 56 65 66 69 70 75 76 84 85 87 88 91 92 93 95 96 104 105 119 120 140 141 144 145 147 148 152 153 160 161 174 175 184 185 187 188 195 196 203 204 208 209 210 216 217 221 222 224 225 230 231 232 234 235
SOL 24 25 26 27 28 29 30 31 32 33 34 35 36 38 39 44 45 46 56 57 65 66 69 70 75 76 77 78 84 85 91 92 93 95 96 116 117 132 133 135 136 140 141 144 145 147 148 152 153 160 161 175 176 184 185 187 188 189 190 195 196 216 217 220 221 222 224 225 230 231 234 235
SOL 24 25 26 27 28 29 30 31 32 33 34 35 36 38 39 44 45 46 56 57 65 66 69 70 76 77 84 85 90 91 92 93 99 100 104 105 116 117 119 120 135 136 140 141 143 144 145 147 148 152 153 154 160 161 170 171 184 185 187 188 189 195 196 216 217 221 222 230 231 234 235
SOL 24 25 26 27 28 29 30 31 32 33 34 35 36 38 39 44 45 48 49 50 51 52 54 55 56 57 68 69 76 77 78 90 91 92 93 98 99 100 114 115 116 132 133 144 145 152 153 154 175 176 189 190 195 196 207 208 209 216 217 220 221 224 225
SOL 24 25 26 27 28 29 30 31 32 33 34 35 36 38 39 44 45 48 49 50 51 52 54 55 68 69 70 76 77 91 92 93 98 99 100 115 116 117 119 120 132 133 140 141 144 145 152 153 170 171 175 176 188 189 190 195 196 207 208 216 217 220 221 224 225 234 235
SOL 24 25 26 27 28 29 30 31 32 33 34 35 36 38 39 44 45 48 49 50 51 52 54 55 76 77 78 80 81 84 85 87 88 91 92 93 95 96 98 99 100 116 117 135 136 143 144 160 161 162 175 176 195 196 203 204 216 217 220 221 224 225 230 231
SOL 24 25 26 27 28 29 30 31 32 33 34 35 36 38 39 44 45 48 49 50 51 52 55 56 57 75 76 90 91 92 93 95 96 98 99 116 117 119 120 132 133 135 136 140 141 143 144 145 152 153 154 160 161 187 188 189 190 195 196 216 217 224 225 230 231 234 235
SOL 24 25 26 27 28 29 30 31 32 33 34 35 36 38 39 44 45 48 49 50 51 52 56 57 69 70 75 76 77 84 85 87 88 92 93 98 99 104 105 114 115 116 132 133 135 136 140 141 188 189 190 195 196 203 204 207 208 216 217 220 221 224 225 234 235
SOL 24 25 26 27 28 29 30 31 32 33 34 35 36 38 39 44 45 48 49 50 51 52 65 66 68 69 84 85 90 91 92 93 98 99 100 104 105 115 116 117 132 133 135 136 140 141 144 145 153 154 170 171 175 176 188 189 195 196 207 208 216 217 220 221 224 225 234 235
SOL 24 25 26 27 28 29 30 31 32 33 34 35 36 38 39 44 45 48 49 50 51 52 65 66 75 76 77 78 80 81 84 85 87 88 90 91 92 93 98 99 116 117 132 133 140 141 152 153 154 161 162 188 189 195 196 203 204 216 217 224 225 230 231 234 235
SOL 24 25 26 27 28 29 30 31 32 33 34 35 36 38 39 44 45 48 49 50 51 54 55 56 57 69 70 76 77 78 92 93 98 99 100 104 105 115 116 117 119 120 140 141 143 144 145 152 153 170 171 175 176 188 189 195 196 207 208 216 217 224 225 234 235
SOL 24 25 26 27 28 29 30 31 32 33 34 35 36 38 39 44 45 48 49 50 51 54 55 56 68 69 75 76 84 85 87 88 91 92 93 98 99 104 105 114 115 116 117 119 120 153 154 170 171 189 190 195 196 203 204 207 208 209 210 216 217 220 221 224 225
SOL 24 25 26 27 28 29 30 31 32 33 34 35 36 38 39 44 45 48 49 50 51 54 55 57 58 68 69 84 85 90 91 92 93 98 99 100 114 115 119 120 132 133 140 141 144 145 175 176 187 188 189 195 196 203 204 207 208 209 216 217 220 221 224 225 231 232 234 235
SOL 24 25 26 27 28 29 30 31 32 33 34 35 36 38 39 44 45 48 49 50 51 54 55 69 70 76 77 84 85 87 88 91 92 93 98 99 100 104 105 114 115 119 120 144 145 153 154 170 171 174 175 176 189 190 195 196 203 204 207 208 209 216 217 224 225 231 232
SOL 24 25 26 27 28 29 30 31 32 33 34 35 36 38 39 44 45 48 49 50 51 55 56 57 69 70 75 76 87 88 91 92 93 95 96 98 99 100 104 105 114 115 116 117 119 120 135 136 153 154 189 190 195 196 203 204 207 208 209 210 216 217 220 221
SOL 24 25 26 27 28 29 30 31 32 33 34 35 36 38 39 44 45 48 49 50 55 56 65 66 68 69 76 77 78 87 88 92 93 98 99 100 114 115 116 119 120 135 136 140 141 143 144 153 154 175 176 187 188 189 195 196 203 204 207 208 209 210 216 217 224 225 234 235
SOL 24 25 26 27 28 29 30 31 32 33 34 35 36 38 39 44 45 48 49 50 55 56 65 66 75 76 77 80 81 90 91 92 93 98 99 100 104 105 116 117 119 120 132 133 140 141 143 144 145 152 153 160 161 162 187 188 189 195 196 216 217 220 221 230 231 234 235
SOL 24 25 26 27 28 29 30 31 32 33 34 35 36 38 39 44 45 48 49 51 52 54 55 56 57 69 70 76 77 84 85 87 88 90 91 92 93 98 99 104 105 114 115 116 117 132 133 152 153 189 190 195 196 203 204 207 208 209 216 217 224 225
SOL 24 25 26 27 28 29 30 31 32 33 34 35 36 38 39 44 45 48 49 51 52 54 55 56 57 69 70 84 85 87 88 91 92 93 95 96 98 99 100 115 116 119 120 132 133 140 141 153 154 170 171 188 189 190 195 196 203 204 207 208 216 217 234 235
SOL 24 25 26 27 28 29 30 31 32 33 34 35 36 38 39 44 45 48 49 51 52 54 55 56 65 66 76 77 78 80 81 91 92 93 98 99 100 116 117 119 120 132 133 135 136 140 141 144 145 152 153 160 161 162 187 188 195 196 216 217 230 231 234 235
SOL 24 25 26 27 28 29 30 31 32 33 34 35 36 38 39 44 45 48 49 51 52 54 55 56 75 76 77 78 84 85 87 88 91 92 93 98 99 100 119 120 132 133 143 144 145 152 153 154 160 161 170 171 174 175 176 189 190 195 196 203 204 216 217 230 231 232
SOL 24 25 26 27 28 29 30 31 32 33 34 35 36 38 39 44 45 48 49 51 52 54 55 56 75 76 77 84 85 87 88 90 91 92 93 95 96 98 99 140 141 144 145 152 153 154 160 161 174 175 176 188 189 195 196 203 204 208 209 216 217 224 225 230 231 232 234 235
SOL 24 25 26 27 28 29 30 31 32 33 34 35 36 38 39 44 45 48 49 51 52 54 55 65 66 76 77 80 81 84 85 87 88 92 93 98 99 116 117 119 120 132 133 135 136 140 141 152 153 154 161 162 187 188 195 196 203 204 216 217 224 225 230 231 234 235
SOL 24 25 26 27 28 29 30 31 32 33 34 35 36 38 39 44 45 48 49 51 52 55 56 57 65 66 69 70 75 76 90 91 92 93 95 96 98 99 100 114 115 116 119 120 132 133 144 145 152 153 154 170 171 175 176 195 196 207 208 209 216 217
SOL 24 25 26 27 28 29 30 31 32 33 34 35 36 38 39 44 45 48 49 51 52 55 56 57 65 66 75 76 77 80 81 92 93 95 96 98 99 116 117 132 133 140 141 144 145 152 153 154 160 161 162 175 176 188 189 190 195 196 216 217 224 225 230 231 234 235
SOL 24 25 26 27 28 29 30 31 32 33 34 35 36 38 39 44 45 48 49 51 52 55 56 57 68 69 75 76 84 85 92 93 95 96 98 99 100 104 105 114 115 116 135 136 140 141 144 145 175 176 187 188 189 190 195 196 207 208 209 210 216 217 220 221 234 235
SOL 24 25 26 27 28 29 30 31 32 33 34 35 36 38 39 44 45 48 49 51 52 56 57 65 66 68 69 75 76 77 91 92 93 95 96 98 99 100 114 115 116 117 119 120 132 133 144 145 152 153 170 171 175 176 195 196 207 208 209 210 216 217 220 221
SOL 24 25 26 27 28 29 30 31 32 33 34 35 36 38 39 44 45 48 49 51 52 56 57 69 70 75 76 84 85 91 92 93 95 96 98 99 100 114 115 116 132 133 135 136 140 141 144 145 152 153 154 170 171 175 176 188 189 195 196 207 208 209 210 216 217 234 235
SOL 24 25 26 27 28 29 30 31 32 33 34 35 36 38 39 44 45 48 49 54 55 65 66 75 76 80 81 84 85 91 92 93 95 96 98 99 100 104 105 116 117 135 136 140 141 143 144 145 152 153 154 161 162 175 176 187 188 195 196 209 210 216 217 220 221 230 231 234 235
SOL 24 25 26 27 28 29 30 31 32 33 34 35 36 38 39 44 45 48 49 55 56 57 65 66 75 76 84 85 90 91 92 93 98 99 100 104 105 116 117 119 120 135 136 140 141 143 144 145 152 153 160 161 170 171 175 176 187 188 189 195 196 216 217 220 221 230 231 234 235
SOL 24 25 26 27 28 29 30 31 32 33 34 35 36 38 39 44 45 48 49 55 56 57 65 66 76 77 84 85 90 91 92 93 95 96 98 99 104 105 116 117 132 133 135 136 140 141 143 144 145 152 153 160 161 187 188 189 190 195 196 216 217 220 221 224 225 230 231 234 235
SOL 24 25 26 27 28 29 30 31 32 33 34 35 36 38 39 44 45 48 49 65 66 68 69 70 75 76 77 78 84 85 87 88 92 93 95 96 98 99 100 115 116 135 136 140 141 143 144 152 153 154 170 171 175 176 188 189 190 195 196 203 204 207 208 209 210 216 217 234 235
SOL 24 25 26 27 28 29 30 31 32 33 34 35 36 38 39 44 45 49 50 51 52 54 55 65 66 68 69 75 76 91 92 93 98 99 104 105 115 116 117 119 120 132 133 140 141 144 145 152 153 154 170 171 188 189 190 195 196 207 208 216 217 220 221 224 225 234 235
SOL 24 25 26 27 28 29 30 31 32 33 34 35 36 38 39 44 45 49 50 51 52 54 55 65 66 75 76 77 78 84 85 87 88 90 91 92 93 95 96 98 99 116 117 140 141 152 153 160 161 188 189 195 196 203 204 209 210 216 217 224 225 230 231 234 235
SOL 24 25 26 27 28 29 30 31 32 33 34 35 36 38 39 44 45 49 50 51 52 55 56 57 58 69 70 75 76 77 78 91 92 93 95 96 98 99 100 114 115 119 120 135 136 144 145 153 154 189 190 195 196 203 204 207 208 209 216 217 220 221 231 232
SOL 24 25 26 27 28 29 30 31 32 33 34 35 36 38 39 44 45 49 50 51 52 55 56 57 68 69 75 76 77 92 93 98 99 104 105 114 115 116 119 120 132 133 135 136 140 141 144 145 152 153 187 188 189 190 195 196 207 208 209 210 216 217 220 221 224 225 234 235
SOL 24 25 26 27 28 29 30 31 32 33 34 35 36 38 39 44 45 49 50 51 52 55 56 76 77 78 84 85 87 88 91 92 93 95 96 98 99 100 104 105 116 117 135 136 140 141 143 144 160 161 175 176 188 189 195 196 203 204 216 217 220 221 224 225 230 231 234 235
SOL 24 25 26 27 28 29 30 31 32 33 34 35 36 38 39 44 45 49 50 51 52 56 57 75 76 77 80 81 84 85 87 88 91 92 93 95 96 98 99 116 117 132 133 140 141 143 144 152 153 160 161 162 188 189 190 195 196 203 204 216 217 224 225 230 231 234 235
SOL 24 25 26 27 28 29 30 31 32 33 34 35 36 38 39 44 45 49 50 51 52 65 66 68 69 70 76 77 78 84 85 87 88 90 91 92 93 98 99 100 104 105 114 115 144 145 153 154 174 175 195 196 203 204 207 208 209 210 216 217 220 221 224 225 231 232
SOL 24 25 26 27 28 29 30 31 32 33 34 35 36 38 39 44 45 49 50 51 52 65 66 68 69 77 78 84 85 87 88 90 91 92 93 98 99 100 104 105 115 116 119 120 132 133 152 153 154 170 171 175 176 195 196 203 204 207 208 209 210 216 217 220 221 224 225
SOL 24 25 26 27 28 29 30 31 32 33 34 35 36 38 39 44 45 49 50 51 52 65 66 77 78 84 85 87 88 91 92 93 95 96 98 99 100 119 120 135 136 140 141 143 144 145 160 161 170 171 174 175 176 188 189 195 196 203 204 209 210 216 217 220 221 224 225 230 231 232 234 235
SOL 24 25 26 27 28 29 30 31 32 33 34 35 36 38 39 44 45 49 50 51 52 68 69 70 76 77 84 85 87 88 92 93 98 99 100 104 105 114 115 119 120 135 136 140 141 144 145 153 154 174 175 187 188 189 195 196 203 204 207 208 209 216 217 220 221 224 225 231 232 234 235
SOL 24 25 26 27 28 29 30 31 32 33 34 35 36 38 39 44 45 49 50 51 52 76 77 78 80 81 84 85 87 88 91 92 93 98 99 100 104 105 119 120 132 133 140 141 143 144 145 152 153 161 162 170 171 174 175 188 189 190 195 196 203 204 216 217 224 225 230 231 232 234 235
SOL 24 25 26 27 28 29 30 31 32 33 34 35 36 38 39 44 45 49 50 51 54 55 65 66 84 85 87 88 91 92 93 95 96 98 99 100 104 105 119 120 140 141 143 144 145 153 154 160 161 170 171 174 175 176 188 189 195 196 203 204 209 210 216 217 224 225 230 231 232 234 235
SOL 24 25 26 27 28 29 30 31 32 33 34 35 36 38 39 44 45 49 50 51 54 55 68 69 70 76 77 84 85 87 88 91 92 93 98 99 100 104 105 115 116 117 119 120 132 133 152 153 154 170 171 175 176 189 190 195 196 203 204 207 208 216 217 220 221 224 225
SOL 24 25 26 27 28 29 30 31 32 33 34 35 36 38 39 44 45 49 50 51 55 56 75 76 80 81 84 85 87 88 90 91 92 93 95 96 98 99 104 105 116 117 119 120 143 144 152 153 154 160 161 162 170 171 189 190 195 196 203 204 209 210 216 217 224 225 230 231
SOL 24 25 26 27 28 29 30 31 32 33 34 35 36 38 39 44 45 49 50 51 56 57 65 66 77 78 87 88 90 91 92 93 95 96 98 99 100 132 133 135 136 140 141 144 145 153 154 160 161 170 171 174 175 176 187 188 189 190 195 196 203 204 216 217 224 225 230 231 232 234 235
SOL 24 25 26 27 28 29 30 31 32 33 34 35 36 38 39 44 45 49 50 55 56 57 69 70 75 76 77 84 85 91 92 93 95 96 98 99 100 114 115 116 119 120 132 133 135 136 140 141 144 145 152 153 170 171 187 188 189 195 196 207 208 209 216 217 220 221 234 235
SOL 24 25 26 27 28 29 30 31 32 33 34 35 36 38 39 44 45 50 51 52 54 55 56 57 68 69 70 84 85 87 88 91 92 93 99 100 104 105 114 115 119 120 132 133 144 145 153 154 170 171 174 175 189 190 203 204 207 208 209 216 217 220 221 224 225 231 232
SOL 24 25 26 27 28 29 30 31 32 33 34 35 36 38 39 44 45 50 51 52 56 57 68 69 70 75 76 77 78 84 85 90 91 92 93 95 96 99 100 114 115 116 117 119 120 132 133 140 141 143 144 145 153 154 170 171 187 188 207 208 216 217 234 235
SOL 24 25 26 27 28 29 30 31 32 33 34 35 36 38 39 44 45 50 51 52 57 58 65 66 77 78 84 85 91 92 93 99 100 114 115 119 120 132 133 135 136 140 141 143 144 145 147 148 170 171 175 176 184 185 188 189 190 195 196 203 204 209 210 216 217 221 222 224 225 231 232 234 235
SOL 24 25 26 27 28 29 30 31 32 33 34 35 36 38 39 44 45 50 51 54 55 56 65 66 68 69 70 75 76 77 78 84 85 87 88 90 91 92 93 114 115 116 117 119 120 143 144 153 154 170 171 189 190 203 204 207 208 209 216 217 220 221 224 225
SOL 24 25 26 27 28 29 30 31 32 33 34 35 36 38 39 44 45 50 51 54 55 56 65 66 69 70 75 76 77 78 84 85 87 88 91 92 93 95 96 99 100 104 105 115 116 140 141 143 144 152 153 154 188 189 203 204 207 208 209 216 217 234 235
SOL 24 25 26 27 28 29 30 31 32 33 34 35 36 38 39 44 45 50 51 54 55 65 66 76 77 78 80 81 84 85 87 88 92 93 95 96 99 100 119 120 135 136 140 141 144 145 152 153 160 161 162 174 175 176 187 188 203 204 208 209 210 216 217 224 225 230 231 232 234 235
SOL 24 25 26 27 28 29 30 31 32 33 34 35 36 38 39 44 45 50 51 55 56 57 58 65 66 69 70 75 76 77 78 92 93 95 96 99 100 114 115 132 133 135 136 140 141 144 145 152 153 154 170 171 187 188 189 203 204 207 208 209 210 216 217 231 232 234 235
SOL 24 25 26 27 28 29 30 31 32 33 34 35 36 38 39 44 45 50 51 55 56 57 58 65 66 75 76 77 90 91 92 93 104 105 114 115 119 120 132 133 135 136 140 141 144 145 147 148 152 153 184 185 188 189 190 195 196 203 204 208 209 216 217 221 222 224 225 231 232 234 235
SOL 24 25 26 27 28 29 30 31 32 33 34 35 36 38 39 44 45 50 51 55 56 57 65 66 68 69 77 78 84 85 87 88 92 93 99 100 114 115 116 117 119 120 132 133 135 136 140 141 153 154 175 176 187 188 189 203 204 207 208 209 216 217 220 221 224 225 234 235
SOL 24 25 26 27 28 29 30 31 32 33 34 35 36 38 39 44 45 50 51 56 57 65 66 84 85 87 88 91 92 93 99 100 104 105 114 115 119 120 132 133 135 136 140 141 144 145 147 148 170 171 174 175 184 185 188 189 190 195 196 203 204 208 209 210 216 217 220 221 222 224 225 231 232 234 235
SOL 24 25 26 27 28 29 30 31 32 33 34 35 36 38 39 44 45 51 52 55 56 65 66 75 76 77 78 84 85 87 88 90 91 92 93 104 105 114 115 119 120 135 136 144 145 147 148 170 171 174 175 184 185 189 190 195 196 203 204 208 209 210 216 217 220 221 222 224 225 231 232
SOL 24 25 26 27 28 29 30 31 32 33 34 35 36 38 39 44 45 51 52 55 56 65 66 77 78 80 81 84 85 87 88 91 92 93 99 100 104 105 116 117 119 120 132 133 140 141 143 144 152 153 154 160 161 162 170 171 188 189 203 204 208 209 210 216 217 230 231 234 235
SOL 24 25 26 27 28 29 30 31 32 33 34 35 36 38 39 44 45 51 52 56 57 65 66 69 70 77 78 84 85 87 88 90 91 92 93 104 105 114 115 116 117 119 120 132 133 135 136 140 141 143 144 153 154 187 188 189 203 204 207 208 209 210 216 217 224 225 234 235
SOL 24 25 26 27 28 29 30 31 32 33 34 35 36 38 39 44 45 54 55 56 57 65 66 75 76 87 88 90 91 92 93 95 96 99 100 104 105 114 115 132 133 140 141 144 145 147 148 152 153 170 171 174 175 184 185 187 188 189 195 196 203 204 208 209 216 217 220 221 222 231 232 234 235
SOL 24 25 26 27 28 29 30 31 32 33 34 35 36 38 39 44 45 56 57 65 66 75 76 77 84 85 90 91 92 93 95 96 99 100 104 105 114 115 116 117 119 120 132 133 135 136 140 141 143 144 145 147 148 153 154 170 171 175 176 184 185 187 188 189 195 196 216 217 221 222 234 235
SOL 24 25 26 27 28 29 30 31 32 33 34 35 36 38 39 45 46 48 49 50 51 52 76 77 80 81 84 85 87 88 91 92 93 95 96 98 99 100 104 105 116 117 119 120 152 153 154 160 161 162 170 171 175 176 189 190 195 196 203 204 207 208 209 210 216 217 224 225
