SOL 25 26 27 28 29 30 31 32 33 34 35 36 38 39 40 44 45 46 48 49 50 51 55 56 65 66 75 76 77 78 80 81 92 93 95 96 98 99 100 104 105 116 117 119 120 143 144 145 152 153 161 162 170 171 189 190 195 196 207 208 209 210 216 217
SOL 25 26 27 28 29 30 31 32 33 34 35 36 38 39 40 44 45 46 48 49 51 52 56 57 75 76 80 81 84 85 87 88 90 91 92 93 95 96 98 99 104 105 116 117 132 133 152 153 154 160 161 162 175 176 189 190 195 196 203 204 207 208 216 217 224 225
SOL 25 26 27 28 29 30 31 32 33 34 35 36 38 39 40 44 45 48 49 50 51 52 54 55 56 57 68 69 70 77 78 91 92 93 98 99 100 114 115 116 119 120 132 133 144 145 153 154 170 171 175 176 189 190 195 196 207 208 209 210 216 217 220 221 224 225
SOL 25 26 27 28 29 30 31 32 33 34 35 36 38 39 40 44 45 48 49 50 51 52 55 56 57 68 69 77 78 84 85 90 91 92 93 98 99 100 114 115 116 132 133 135 136 144 145 153 154 170 171 175 176 189 190 195 196 207 208 209 210 216 217 220 221 224 225
SOL 25 26 27 28 29 30 31 32 33 34 35 36 38 39 40 44 45 48 49 50 51 52 56 57 65 66 69 70 77 78 91 92 93 98 99 100 104 105 114 115 116 119 120 132 133 135 136 144 145 170 171 175 176 189 190 195 196 207 208 209 210 216 217 220 221 224 225
SOL 25 26 27 28 29 30 31 32 33 34 35 36 38 39 40 44 45 48 49 51 52 55 56 65 66 68 69 70 75 76 84 85 90 91 92 93 95 96 98 99 100 115 116 117 135 136 144 145 152 153 170 171 175 176 189 190 195 196 207 208 209 216 217 220 221
SOL 25 26 27 28 29 30 31 32 33 34 35 36 38 39 40 44 45 50 51 52 54 55 56 57 65 66 69 70 75 76 77 78 84 85 87 88 90 91 92 93 95 96 99 100 114 115 116 117 143 144 153 154 189 190 203 204 207 208 209 216 217
SOL 25 26 27 28 29 30 31 32 33 34 35 36 38 39 40 44 45 50 51 52 55 56 57 65 66 77 78 84 85 87 88 91 92 93 99 100 104 105 114 115 116 119 120 132 133 135 136 147 148 170 171 175 176 184 185 189 190 195 196 203 204 208 209 210 216 217 221 222 224 225
SOL 25 26 27 28 29 30 31 32 33 34 35 36 38 39 40 48 49 50 51 52 54 55 56 65 66 68 69 70 75 76 77 84 85 87 88 91 92 93 95 96 98 99 100 115 116 117 119 120 153 154 170 171 189 190 195 196 203 204 207 208 216 217 220 221
SOL 25 26 27 28 29 30 31 32 33 34 35 36 38 39 44 45 48 49 51 52 54 55 56 57 65 66 68 69 70 76 77 84 85 87 88 90 91 92 93 98 99 114 115 116 117 132 133 152 153 154 189 190 195 196 203 204 207 208 209 216 217 220 221 224 225
SOL 25 26 27 28 29 30 31 32 33 34 35 36 38 39 44 45 48 49 51 52 54 55 56 57 65 66 68 69 76 77 78 84 85 87 88 91 92 93 95 96 98 99 100 104 105 115 116 132 133 152 153 189 190 195 196 203 204 207 208 216 217 220 221
SOL 25 26 27 28 29 30 31 32 33 34 35 36 38 39 44 45 48 49 51 52 54 55 56 65 66 68 69 76 77 78 84 85 87 88 90 91 92 93 98 99 104 105 115 116 119 120 132 133 152 153 170 171 189 190 195 196 203 204 207 208 216 217 220 221 224 225
SOL 25 26 27 28 29 30 31 32 33 34 35 36 38 39 44 45 48 49 51 52 55 56 57 65 66 69 70 76 77 78 87 88 90 91 92 93 95 96 98 99 100 104 105 115 116 119 120 132 133 135 136 152 153 189 190 195 196 203 204 207 208 216 217 220 221
SOL 25 26 27 28 29 30 31 32 33 34 35 36 38 39 44 45 49 50 51 52 54 55 56 57 68 69 70 75 76 77 84 85 87 88 90 91 92 93 98 99 104 105 114 115 116 132 133 143 144 152 153 189 190 195 196 203 204 207 208 209 216 217 220 221 224 225
SOL 25 26 27 28 29 30 31 32 33 34 35 36 39 40 44 45 48 49 50 51 52 55 56 65 66 69 70 75 76 77 87 88 91 92 93 95 96 98 99 100 114 115 116 117 119 120 132 133 135 136 152 153 154 189 190 195 196 203 204 207 208 209 216 217 220 221
SOL 25 26 27 28 29 30 31 32 33 34 35 36 39 40 44 45 48 49 51 52 55 56 57 65 66 68 69 70 75 76 84 85 90 91 92 93 95 96 98 99 100 114 115 116 117 135 136 144 145 152 153 170 171 175 176 189 190 195 196 207 208 209 216 217 220 221
SOL 25 26 27 28 29 30 31 32 33 34 35 36 39 40 48 49 50 51 52 54 55 56 57 65 66 68 69 70 75 76 77 84 85 87 88 91 92 93 95 96 98 99 100 114 115 116 117 119 120 153 154 170 171 189 190 195 196 203 204 207 208 216 217 220 221
SOL 25 26 27 28 29 30 31 32 33 34 35 38 39 40 44 45 46 49 50 51 54 55 56 65 66 75 76 77 78 84 85 87 88 92 93 95 96 98 99 104 105 116 117 119 120 143 144 152 153 154 160 161 170 171 189 190 195 196 203 204 207 208 209 210 216 217 224 225
SOL 25 26 27 28 29 30 31 32 33 34 35 38 39 40 44 45 48 49 50 51 52 55 56 57 65 66 69 70 75 76 77 78 84 85 87 88 91 92 93 98 99 104 105 114 115 116 132 133 135 136 189 190 195 196 203 204 207 208 216 217 220 221 224 225
SOL 25 26 27 28 29 30 31 32 33 34 35 38 39 40 44 45 48 49 51 52 54 55 56 57 65 66 68 69 76 77 78 84 85 87 88 91 92 93 98 99 104 105 114 115 116 132 133 152 153 154 189 190 195 196 203 204 207 208 209 210 216 217 220 221 224 225
SOL 25 26 27 28 29 30 31 32 33 34 35 38 39 40 44 45 48 49 51 52 55 56 57 65 66 69 70 76 77 78 87 88 90 91 92 93 98 99 104 105 114 115 116 119 120 132 133 135 136 152 153 154 189 190 195 196 203 204 207 208 209 210 216 217 220 221 224 225
SOL 25 26 27 28 29 30 31 32 33 34 35 39 40 44 45 46 48 49 50 51 52 54 55 56 57 65 66 75 76 77 80 81 90 91 92 93 95 96 98 99 116 117 119 120 132 133 135 136 144 145 160 161 162 170 171 195 196 207 208 209 216 217 220 221 224 225
SOL 25 26 27 28 29 30 31 32 33 34 35 39 40 44 45 48 49 50 51 52 54 55 65 66 68 69 75 76 77 78 84 85 87 88 90 91 92 93 95 96 98 99 100 104 105 114 115 116 132 133 152 153 154 189 190 195 196 203 204 207 208 209 216 217 220 221
SOL 25 26 27 28 29 30 31 32 33 34 38 39 40 44 45 46 48 49 50 51 55 56 65 66 75 76 77 78 80 81 84 85 87 88 92 93 95 96 98 99 104 105 116 117 119 120 143 144 152 153 154 160 161 162 170 171 189 190 195 196 203 204 207 208 209 216 217 224 225
SOL 25 26 27 28 29 30 31 32 33 34 38 39 40 44 45 48 49 50 51 52 54 55 56 57 65 66 68 69 75 76 77 78 84 85 87 88 91 92 93 98 99 104 105 114 115 116 132 133 152 153 154 189 190 195 196 203 204 207 208 209 216 217 220 221 224 225
SOL 25 26 27 28 29 30 31 32 33 34 38 39 40 44 45 48 49 50 51 52 55 56 57 65 66 69 70 75 76 77 78 87 88 90 91 92 93 98 99 104 105 114 115 116 119 120 132 133 135 136 152 153 154 189 190 195 196 203 204 207 208 209 216 217 220 221 224 225
SOL 25 26 27 28 29 30 31 32 33 34 38 39 40 44 45 48 49 51 52 54 55 56 57 65 66 68 69 77 78 84 85 87 88 91 92 93 95 96 98 99 100 104 105 115 116 119 120 132 133 152 153 154 170 171 189 190 195 196 203 204 207 208 209 210 216 217 220 221
SOL 25 26 27 28 29 30 31 32 33 35 36 38 39 40 44 45 48 49 50 51 52 55 56 57 65 66 69 70 75 76 77 87 88 90 91 92 93 95 96 98 99 100 114 115 116 117 132 133 152 153 154 170 171 195 196 203 204 207 208 209 210 216 217 220 221
SOL 25 26 27 28 29 30 31 32 33 35 36 38 39 40 44 45 50 51 52 54 55 56 57 65 66 76 77 78 84 85 87 88 90 91 92 93 99 100 104 105 114 115 116 119 120 132 133 147 148 152 153 175 176 184 185 189 190 195 196 203 204 208 209 210 216 217 221 222 224 225
SOL 25 26 27 28 29 30 31 32 33 35 36 38 39 44 45 46 48 49 50 51 55 56 57 76 77 80 81 84 85 87 88 90 91 92 93 95 96 98 99 100 104 105 116 117 119 120 132 133 152 153 154 160 161 162 175 176 189 190 195 196 203 204 207 208 216 217 220 221 224 225
SOL 25 26 27 28 29 30 31 32 33 38 39 40 44 45 48 49 50 51 52 54 55 56 57 65 66 69 70 75 76 77 78 84 85 87 88 90 91 92 93 95 96 98 99 100 104 105 115 116 119 120 132 133 152 153 189 190 195 196 203 204 207 208 216 217 220 221
SOL 25 26 27 28 29 30 31 32 34 35 36 38 39 40 44 45 48 49 50 51 52 54 55 56 65 66 68 69 75 76 77 84 85 87 88 91 92 93 98 99 115 116 117 119 120 132 133 152 153 154 170 171 189 190 195 196 203 204 207 208 216 217 220 221 224 225
SOL 25 26 27 28 29 30 31 32 34 35 36 38 39 40 44 45 48 49 50 51 52 55 56 57 65 66 69 70 75 76 77 87 88 91 92 93 95 96 98 99 100 115 116 117 119 120 132 133 135 136 152 153 154 189 190 195 196 203 204 207 208 216 217 220 221
SOL 25 26 27 28 29 30 31 32 34 35 36 38 39 40 44 45 48 49 50 51 54 55 56 68 69 70 75 76 77 84 85 87 88 90 91 92 93 95 96 98 99 100 104 105 115 116 117 119 120 152 153 170 171 189 190 195 196 203 204 207 208 209 216 217 220 221
SOL 25 26 27 28 29 30 31 32 34 35 36 38 39 40 44 45 48 49 51 52 54 55 56 68 69 75 76 84 85 87 88 90 91 92 93 95 96 98 99 100 104 105 115 116 119 120 143 144 152 153 154 170 171 175 176 189 190 195 196 203 204 207 208 209 210 216 217 220 221
SOL 25 26 27 28 29 30 31 32 34 35 36 38 39 40 44 45 49 50 51 52 55 56 57 65 66 68 69 75 76 77 78 90 91 92 93 95 96 98 99 100 104 105 114 115 116 119 120 132 133 144 145 152 153 154 170 171 195 196 207 208 209 210 216 217 220 221
SOL 25 26 27 28 29 30 31 32 34 35 36 38 39 40 48 49 50 51 52 54 55 56 57 65 66 68 69 70 75 76 77 78 84 85 87 88 90 91 92 93 98 99 104 105 114 115 116 132 133 152 153 189 190 195 196 203 204 207 208 209 216 217 220 221 224 225
SOL 25 26 27 28 29 30 31 32 34 35 36 38 39 40 48 49 51 52 54 55 56 57 65 66 68 69 70 77 78 84 85 87 88 90 91 92 93 95 96 98 99 100 104 105 115 116 119 120 132 133 152 153 170 171 189 190 195 196 203 204 207 208 209 210 216 217 220 221
SOL 25 26 27 28 29 30 31 32 34 35 36 38 39 44 45 48 49 50 51 52 54 55 56 57 65 66 68 69 70 75 76 77 84 85 87 88 92 93 95 96 98 99 100 104 105 115 116 132 133 152 153 154 189 190 195 196 203 204 207 208 216 217 220 221
SOL 25 26 27 28 29 30 31 32 34 35 36 39 40 44 45 48 49 50 51 52 54 55 56 57 65 66 68 69 75 76 77 84 85 87 88 91 92 93 98 99 114 115 116 117 119 120 132 133 152 153 154 170 171 189 190 195 196 203 204 207 208 216 217 220 221 224 225
SOL 25 26 27 28 29 30 31 32 34 35 36 39 40 44 45 48 49 50 51 54 55 56 57 68 69 70 75 76 77 84 85 87 88 90 91 92 93 95 96 98 99 100 104 105 114 115 116 117 119 120 152 153 170 171 189 190 195 196 203 204 207 208 209 216 217 220 221
SOL 25 26 27 28 29 30 31 32 34 35 36 39 40 44 45 48 49 51 52 54 55 56 57 68 69 75 76 84 85 87 88 90 91 92 93 95 96 98 99 100 104 105 114 115 116 119 120 143 144 152 153 154 170 171 175 176 189 190 195 196 203 204 207 208 209 210 216 217 220 221
