SOL 26 27 28 29 30 31 32 33 34 35 36 38 39 40 41 42 44 45 46 48 49 50 51 52 55 56 57 58 62 63 75 76 84 85 92 93 98 99 119 120 135 136 144 145 153 154 155 156 160 161 186 187 195 196 203 204 205 207 208 209 231 232 246 247 248
SOL 26 27 28 29 30 31 32 33 34 35 36 38 39 40 41 42 44 45 46 48 49 50 51 52 56 57 68 69 75 76 90 91 98 99 104 105 114 115 116 135 136 140 141 144 145 152 153 154 160 161 170 171 186 187 188 195 196 204 205 207 208 220 221 230 231 234 235 246 247 248
SOL 26 27 28 29 30 31 32 33 34 35 36 38 39 40 41 42 44 45 46 48 49 50 51 52 57 58 68 69 75 76 90 91 98 99 104 105 114 115 135 136 140 141 144 145 152 153 154 160 161 170 171 186 187 188 195 196 203 204 205 207 208 220 221 230 231 232 234 235 246 247 248
SOL 26 27 28 29 30 31 32 33 34 35 36 38 39 40 41 42 44 45 46 48 49 50 51 52 69 70 76 77 78 87 88 95 96 98 99 115 116 132 133 135 136 140 141 143 144 153 154 160 161 170 171 175 176 186 187 188 195 196 203 204 205 207 208 209 224 225 230 231 234 235 246 247 248
SOL 26 27 28 29 30 31 32 33 34 35 36 38 39 40 41 42 44 45 46 48 49 50 51 54 55 56 65 66 68 69 77 78 87 88 95 96 98 99 114 115 116 143 144 160 161 170 171 175 176 186 187 195 196 203 204 205 207 208 209 220 221 224 225 230 231 246 247 248
SOL 26 27 28 29 30 31 32 33 34 35 36 38 39 40 41 42 44 45 46 48 49 50 51 54 55 56 69 70 76 77 80 81 84 85 98 99 100 116 117 119 120 132 133 143 144 145 160 161 162 175 176 186 187 189 190 195 196 204 205 207 208 209 210 246 247 248 252 253
SOL 26 27 28 29 30 31 32 33 34 35 36 38 39 40 41 42 44 45 46 48 49 50 51 54 55 65 66 76 77 84 85 87 88 92 93 98 99 100 132 133 140 141 143 144 145 153 154 160 161 174 175 188 189 190 195 196 203 204 205 207 208 209 216 217 231 232 234 235 246 247
SOL 26 27 28 29 30 31 32 33 34 35 36 38 39 40 41 42 44 45 46 48 49 50 51 54 55 68 69 77 78 95 96 98 99 115 116 132 133 135 136 140 141 143 144 145 152 153 154 160 161 170 171 175 176 186 187 188 189 195 196 204 205 207 208 220 221 224 225 230 231 234 235 246 247 248
SOL 26 27 28 29 30 31 32 33 34 35 36 38 39 40 41 42 44 45 46 48 49 50 51 54 55 69 70 75 76 77 78 84 85 98 99 116 117 119 120 132 133 135 136 140 141 144 145 153 154 160 161 186 187 188 189 190 195 196 204 205 207 208 209 234 235 246 247 248 252 253
SOL 26 27 28 29 30 31 32 33 34 35 36 38 39 40 41 42 44 45 46 48 49 50 51 55 56 76 77 78 80 81 87 88 92 93 95 96 98 99 116 117 132 133 140 141 160 161 162 170 171 175 176 187 188 189 195 196 203 204 205 207 208 209 210 216 217 224 225 234 235 246 247
SOL 26 27 28 29 30 31 32 33 34 35 36 38 39 40 41 42 44 45 46 48 49 50 51 56 57 62 63 65 66 84 85 87 88 91 92 93 98 99 100 119 120 135 136 144 145 152 153 155 156 160 161 174 175 186 187 195 196 203 204 205 207 208 231 232 246 247 248
SOL 26 27 28 29 30 31 32 33 34 35 36 38 39 40 41 42 44 45 46 48 49 50 51 56 57 65 66 68 69 75 76 87 88 98 99 114 115 116 117 135 136 140 141 143 144 152 153 160 161 170 171 186 187 188 195 196 203 204 205 207 208 220 221 230 231 234 235 246 247 248
SOL 26 27 28 29 30 31 32 33 34 35 36 38 39 40 41 42 44 45 46 48 49 50 51 56 57 65 66 77 78 87 88 92 93 98 99 100 104 105 116 117 135 136 140 141 152 153 154 160 161 170 171 175 176 187 188 189 190 195 196 203 204 205 207 208 216 217 234 235 246 247
SOL 26 27 28 29 30 31 32 33 34 35 36 38 39 40 41 42 44 45 46 48 49 50 51 65 66 76 77 80 81 84 85 87 88 92 93 98 99 100 132 133 140 141 143 144 145 153 154 160 161 162 174 175 176 188 189 190 195 196 203 204 205 207 208 209 216 217 231 232 234 235 246 247
SOL 26 27 28 29 30 31 32 33 34 35 36 38 39 40 41 42 44 45 46 48 49 50 56 57 58 68 69 70 77 78 95 96 98 99 104 105 114 115 119 120 132 133 135 136 143 144 145 152 153 160 161 175 176 186 187 195 196 203 204 205 207 208 209 224 225 230 231 232 246 247 248
SOL 26 27 28 29 30 31 32 33 34 35 36 38 39 40 41 42 44 45 46 48 49 50 56 57 68 69 77 78 87 88 95 96 98 99 104 105 114 115 116 119 120 132 133 135 136 143 144 152 153 154 160 161 175 176 186 187 195 196 203 204 205 207 208 209 210 224 225 230 231 246 247 248
SOL 26 27 28 29 30 31 32 33 34 35 36 38 39 40 41 42 44 45 46 48 49 50 68 69 77 78 80 81 84 85 87 88 95 96 98 99 100 114 115 116 117 119 120 135 136 140 141 161 162 170 171 175 176 186 187 188 189 195 196 203 204 205 207 208 209 210 230 231 234 235 246 247 248
SOL 26 27 28 29 30 31 32 33 34 35 36 38 39 40 41 42 44 45 46 48 49 51 52 55 56 65 66 75 76 77 78 84 85 90 91 92 93 98 99 100 116 117 132 133 135 136 144 145 189 190 195 196 204 205 209 210 216 217 220 221 224 225 230 231 246 247 252 253
