N=300 |A|=142 L=216212407272976514400 (68 bits)
SOL 30 31 32 33 34 35 36 37 38 39 40 41 42 44 45 46 48 49 50 51 52 54 55 56 57 58 62 63 65 66 74 75 77 78 80 81 82 98 99 100 110 111 112 123 124 161 162 170 171 174 175 184 185 186 187 195 196 203 204 205 230 231 246 247 248 252 253 260 261 279 280 285 286 287 288 296 297 299 300
SOL 30 31 32 33 34 35 36 37 38 39 40 41 42 44 45 46 48 49 50 51 52 54 55 56 57 58 62 63 65 66 74 75 80 81 84 85 87 88 92 93 98 99 100 111 112 116 117 152 153 154 155 161 162 175 176 185 186 195 196 204 205 224 225 231 232 246 247 248 275 276 296 297 299 300
SOL 30 31 32 33 34 35 36 37 38 39 40 41 42 44 45 46 48 49 50 51 52 54 55 56 57 58 62 63 65 66 74 75 87 88 90 91 92 98 99 110 111 116 117 135 136 140 141 155 156 170 171 184 185 188 189 195 196 204 205 216 217 224 225 231 232 234 235 246 247 248 272 273 275 276 279 280 285 286 296 297
SOL 30 31 32 33 34 35 36 37 38 39 40 41 42 44 45 46 48 49 50 51 52 54 55 56 57 58 62 63 65 66 74 75 90 91 92 93 98 99 100 111 112 119 120 135 136 143 144 152 153 154 155 160 161 174 175 176 185 186 195 196 203 204 205 207 208 220 221 230 231 246 247 248 260 261 296 297 299 300
SOL 30 31 32 33 34 35 36 37 38 39 40 41 42 44 45 46 48 49 50 51 52 54 55 56 57 58 62 63 68 69 70 74 75 76 81 82 90 91 98 99 100 110 111 112 123 124 143 144 161 162 174 175 185 186 187 195 196 203 204 205 208 209 246 247 248 260 261 272 273 279 280 287 288 296 297 299 300
SOL 30 31 32 33 34 35 36 37 38 39 40 41 42 44 45 46 48 49 50 51 52 54 55 56 57 58 62 63 68 69 70 74 75 76 98 99 110 111 135 136 140 141 154 155 156 170 171 174 175 184 185 188 189 190 195 196 203 204 205 209 210 216 217 220 221 224 225 230 231 234 235 246 247 248 260 261 272 273 279 280 296 297 299 300
SOL 30 31 32 33 34 35 36 37 38 39 40 41 42 44 45 46 48 49 50 51 52 54 55 56 57 58 62 63 68 69 70 74 75 87 88 91 92 98 99 110 111 112 116 117 143 144 152 153 154 155 160 161 170 171 184 185 195 196 204 205 208 209 216 217 230 231 232 246 247 248 272 273 279 280 285 286 296 297
SOL 30 31 32 33 34 35 36 37 38 39 40 41 42 44 45 46 48 49 50 51 52 54 55 56 57 58 62 63 68 69 74 75 76 77 80 81 82 98 99 100 110 111 123 124 140 141 161 162 174 175 176 185 186 187 188 195 196 203 204 205 208 209 234 235 246 247 248 260 261 272 273 279 280 287 288 296 297 299 300
SOL 30 31 32 33 34 35 36 37 38 39 40 41 42 44 45 46 48 49 50 51 52 54 55 56 57 58 62 63 68 69 74 75 76 77 90 91 98 99 111 112 135 136 143 144 155 156 170 171 174 175 184 185 189 190 195 196 203 204 205 209 210 216 217 220 221 224 225 230 231 246 247 248 260 261 272 273 279 280 296 297 299 300
SOL 30 31 32 33 34 35 36 37 38 39 40 41 42 44 45 46 48 49 50 51 52 54 55 56 57 58 62 63 68 69 74 75 76 80 81 82 84 85 98 99 110 111 119 120 123 124 161 162 174 175 176 185 186 187 195 196 203 204 205 208 209 220 221 224 225 246 247 248 260 261 279 280 286 287 296 297 299 300
