SOL 32 33 34 35 36 38 39 40 41 42 44 45 46 50 51 52 54 55 56 57 58 62 63 65 66 68 69 70 76 77 78 84 85 87 88 91 92 93 95 96 98 99 114 115 116 132 133 140 141 143 144 145 147 148 152 153 154 155 160 161 174 175 184 185 188 189 190 195 196 204 205 207 208 220 221 222 224 225 234 235 245 246 247 252 253
SOL 32 33 34 35 36 38 39 40 41 42 44 45 46 50 51 52 54 55 56 57 58 62 63 65 66 68 69 70 77 78 84 85 87 88 90 91 92 93 95 96 98 99 104 105 116 117 119 120 132 133 140 141 143 144 145 147 148 155 156 160 161 174 175 176 184 185 187 188 189 195 196 204 205 221 222 224 225 230 231 234 235 245 246
SOL 32 33 34 35 36 38 39 40 41 42 44 45 46 50 51 52 54 55 56 57 58 62 63 65 66 68 69 76 77 80 81 87 88 91 92 93 95 96 98 99 114 115 116 117 132 133 135 136 140 141 144 145 147 148 153 154 155 156 160 161 162 170 171 174 175 176 184 185 187 188 195 196 204 205 207 208 221 222 224 225 234 235 245 246 252 253
SOL 32 33 34 35 36 38 39 40 41 42 44 45 46 50 51 52 54 55 56 57 58 62 63 65 66 68 69 76 77 84 85 87 88 90 91 92 93 95 96 98 99 114 115 116 117 119 120 132 133 140 141 144 145 147 148 153 154 155 156 160 161 170 171 174 175 184 185 188 189 195 196 204 205 207 208 221 222 224 225 234 235 245 246 252 253
SOL 32 33 34 35 36 38 39 40 41 42 44 45 46 50 51 52 54 55 56 57 58 62 63 65 66 68 69 77 78 80 81 84 85 87 88 92 93 95 96 98 99 100 115 116 119 120 132 133 135 136 140 141 143 144 145 147 148 153 154 155 161 162 174 175 176 184 185 187 188 195 196 204 205 207 208 220 221 222 234 235 245 246 252 253
SOL 32 33 34 35 36 38 39 40 41 42 44 45 46 50 51 52 54 55 56 57 58 62 63 65 66 68 69 77 78 80 81 84 85 87 88 92 93 95 96 114 115 116 117 119 120 132 133 135 136 140 141 143 144 147 148 153 154 155 156 160 161 162 175 176 184 185 187 188 195 196 204 205 207 208 221 222 224 225 231 232 234 235 246 247 252 253
SOL 32 33 34 35 36 38 39 40 41 42 44 45 46 50 51 52 54 55 56 57 58 62 63 65 66 68 69 77 78 84 85 87 88 91 92 93 95 96 98 99 104 105 115 116 119 120 132 133 140 141 147 148 152 153 155 156 160 161 170 171 175 176 184 185 188 189 190 195 196 204 205 207 208 209 210 221 222 224 225 231 232 234 235 245 246 252 253
SOL 32 33 34 35 36 38 39 40 41 42 44 45 46 50 51 52 54 55 56 57 58 62 63 68 69 77 78 80 81 84 85 87 88 90 91 92 93 95 96 98 99 116 117 119 120 132 133 135 136 140 141 143 144 145 147 148 152 153 154 155 156 160 161 162 174 175 184 185 187 188 195 196 204 205 209 210 221 222 224 225 230 231 234 235 245 246
SOL 32 33 34 35 36 38 39 40 41 42 44 45 46 50 51 52 54 55 56 57 58 65 66 68 69 70 77 78 80 81 84 85 87 88 90 91 92 95 96 98 99 100 114 115 116 119 120 132 133 135 136 140 141 143 144 145 147 148 153 154 161 162 174 175 176 184 185 187 188 195 196 204 205 207 208 220 221 222 234 235 245 246 247 252 253
SOL 32 33 34 35 36 38 39 40 41 42 44 45 46 50 51 52 54 55 56 57 62 63 65 66 68 69 70 77 78 80 81 84 85 91 92 93 95 96 99 100 114 115 116 119 120 132 133 135 136 140 141 143 144 145 147 148 152 153 154 155 161 162 174 175 176 184 185 187 188 195 196 203 204 205 207 208 209 220 221 222 234 235 246 247 252 253
SOL 32 33 34 35 36 38 39 40 41 42 44 45 46 50 51 52 54 55 56 57 62 63 65 66 68 69 77 78 80 81 84 85 91 92 93 95 96 98 99 100 114 115 116 119 120 132 133 135 136 140 141 143 144 145 147 148 152 153 154 155 161 162 174 175 176 184 185 187 188 195 196 203 204 205 207 208 209 220 221 222 234 235 245 246 247 252 253
SOL 32 33 34 35 36 38 39 40 41 42 44 45 46 50 51 52 54 55 57 58 62 63 68 69 70 76 77 80 81 87 88 90 91 92 93 95 96 98 99 104 105 114 115 116 132 133 135 136 140 141 143 144 147 148 152 153 155 156 160 161 162 170 171 175 176 184 185 187 188 195 196 204 205 207 208 209 220 221 222 224 225 231 232 234 235 245 246 252 253
SOL 32 33 34 35 36 38 39 40 41 42 44 45 46 50 51 52 54 55 57 58 62 63 68 69 77 78 80 81 84 85 87 88 91 92 93 95 96 104 105 114 115 116 117 119 120 132 133 135 136 140 141 143 144 145 147 148 152 153 154 155 160 161 162 174 175 176 184 185 187 188 195 196 204 205 207 208 209 210 220 221 222 224 225 234 235 246 247 252 253
SOL 32 33 34 35 36 38 39 40 41 42 44 45 46 50 51 52 55 56 57 58 62 63 65 66 68 69 70 75 76 77 78 80 81 84 85 87 88 90 91 92 93 98 99 104 105 115 116 117 119 120 143 144 147 148 153 154 155 160 161 162 170 171 184 185 189 190 195 196 204 205 207 208 209 210 221 222 231 232 245 246 247 252 253
SOL 32 33 34 35 36 38 39 40 41 42 44 45 46 50 51 52 55 56 57 58 62 63 65 66 68 69 70 76 77 78 80 81 84 85 87 88 91 92 93 95 96 98 99 100 104 105 116 117 132 133 140 141 143 144 145 147 148 152 153 155 156 161 162 174 175 184 185 188 189 190 195 196 204 205 221 222 230 231 234 235 245 246
SOL 32 33 34 35 36 38 39 40 41 42 44 45 46 50 51 52 55 56 57 58 62 63 65 66 68 69 70 76 77 78 80 81 84 85 87 88 91 92 93 98 99 100 104 105 115 116 119 120 140 141 144 145 147 148 152 153 155 156 160 161 162 170 171 174 175 184 185 188 189 195 196 204 205 207 208 220 221 222 234 235 245 246 252 253
SOL 32 33 34 35 36 38 39 40 41 42 44 45 46 50 51 52 55 56 57 58 62 63 65 66 68 69 70 76 77 80 81 84 85 87 88 91 92 93 98 99 100 104 105 114 115 116 119 120 140 141 144 145 147 148 152 153 155 156 160 161 162 170 171 174 175 184 185 188 189 195 196 204 205 207 208 220 221 222 234 235 245 246 247 252 253
SOL 32 33 34 35 36 38 39 40 41 42 44 45 46 50 51 52 55 56 57 58 62 63 65 66 68 69 70 76 77 84 85 87 88 90 91 92 93 95 96 98 99 115 116 117 119 120 132 133 135 136 140 141 147 148 152 153 155 156 160 161 175 176 184 185 187 188 189 190 195 196 204 205 207 208 220 221 222 224 225 231 232 234 235 245 246 252 253
SOL 32 33 34 35 36 38 39 40 41 42 44 45 46 50 51 52 55 56 57 58 62 63 65 66 68 69 70 77 78 80 81 84 85 87 88 91 92 93 95 96 98 99 114 115 116 132 133 140 141 143 144 145 147 148 152 153 154 155 160 161 162 174 175 176 184 185 188 189 195 196 204 205 207 208 209 221 222 224 225 234 235 245 246 247 252 253
SOL 32 33 34 35 36 38 39 40 41 42 44 45 46 50 51 52 55 56 57 58 62 63 65 66 68 69 76 77 78 80 81 87 88 90 91 92 93 95 96 98 99 104 105 114 115 116 132 133 140 141 144 145 147 148 154 155 156 160 161 162 170 171 174 175 176 184 185 187 188 189 195 196 204 205 207 208 221 222 224 225 234 235 245 246 252 253
SOL 32 33 34 35 36 38 39 40 41 42 44 45 46 50 51 52 55 56 57 58 62 63 65 66 68 69 76 77 78 87 88 90 91 92 93 95 96 98 99 104 105 114 115 116 132 133 135 136 140 141 147 148 152 153 154 155 156 160 161 170 171 175 176 184 185 187 188 189 195 196 204 205 207 208 209 210 220 221 222 224 225 231 232 234 235 245 246 252 253
SOL 32 33 34 35 36 38 39 40 41 42 44 45 46 50 51 52 55 56 57 58 62 63 65 66 68 69 77 78 80 81 84 85 87 88 91 92 93 95 96 99 100 114 115 116 119 120 132 133 140 141 143 144 145 147 148 152 153 154 155 161 162 170 171 174 175 176 184 185 188 189 190 195 196 204 205 207 208 209 221 222 234 235 246 247 252 253
SOL 32 33 34 35 36 38 39 40 41 42 44 45 46 50 51 52 55 56 57 58 62 63 65 66 68 69 77 78 80 81 84 85 87 88 92 93 95 96 98 99 104 105 115 116 117 119 120 132 133 143 144 145 147 148 152 153 154 155 160 161 162 170 171 174 175 176 184 185 189 190 195 196 204 205 207 208 209 210 221 222 224 225 245 246 252 253
SOL 32 33 34 35 36 38 39 40 41 42 44 45 46 50 51 52 55 56 57 58 62 63 65 66 68 69 77 78 84 85 87 88 91 92 93 95 96 98 99 104 105 116 117 119 120 132 133 135 136 140 141 143 144 145 147 148 152 153 154 155 156 160 161 174 175 176 184 185 187 188 189 195 196 204 205 209 210 221 222 224 225 230 231 234 235 245 246
SOL 32 33 34 35 36 38 39 40 41 42 44 45 46 50 51 52 55 56 57 58 65 66 68 69 70 77 78 80 81 84 85 87 88 90 91 92 95 96 98 99 104 105 114 115 116 117 119 120 132 133 143 144 145 147 148 152 153 154 160 161 162 170 171 174 175 176 184 185 189 190 195 196 204 205 207 208 209 210 221 222 224 225 245 246 247 252 253
SOL 32 33 34 35 36 38 39 40 41 42 44 45 46 50 51 52 55 56 57 62 63 65 66 68 69 70 76 77 78 84 85 90 91 92 93 95 96 98 99 104 105 115 116 119 120 132 133 135 136 140 141 144 145 147 148 152 153 154 155 156 160 161 174 175 184 185 187 188 189 190 195 196 203 204 205 207 208 220 221 222 224 225 234 235 245 246 252 253
SOL 32 33 34 35 36 38 39 40 41 42 44 45 46 50 51 52 55 56 57 62 63 65 66 68 69 70 76 77 84 85 90 91 92 93 95 96 98 99 104 105 114 115 116 119 120 132 133 135 136 140 141 144 145 147 148 152 153 154 155 156 160 161 174 175 184 185 187 188 189 190 195 196 203 204 205 207 208 220 221 222 224 225 234 235 245 246 247 252 253
SOL 32 33 34 35 36 38 39 40 41 42 44 45 46 50 51 52 55 56 57 62 63 68 69 70 77 78 80 81 84 85 90 91 92 93 95 96 98 99 104 105 114 115 116 117 119 120 132 133 140 141 143 144 145 147 148 153 154 155 160 161 162 170 171 174 175 176 184 185 188 189 190 195 196 203 204 205 207 208 220 221 222 224 225 234 235 245 246 247 252 253
SOL 32 33 34 35 36 38 39 40 41 42 44 45 46 50 51 52 56 57 58 62 63 65 66 68 69 70 76 77 78 80 81 84 85 87 88 91 92 93 95 96 98 99 114 115 116 132 133 140 141 143 144 145 147 148 152 153 154 155 160 161 162 174 175 176 184 185 188 189 190 195 196 204 205 207 208 220 221 222 224 225 234 235 245 246 247 252 253
SOL 32 33 34 35 36 38 39 40 41 42 44 45 46 50 51 52 56 57 58 62 63 65 66 68 69 70 76 77 78 80 81 84 85 87 88 92 93 95 96 98 99 100 104 105 114 115 116 117 132 133 140 141 144 145 147 148 152 153 154 155 161 162 174 175 176 184 185 188 189 190 195 196 204 205 207 208 221 222 234 235 245 246 247 252 253
SOL 32 33 34 35 36 38 39 40 41 42 44 45 46 50 51 52 56 57 58 62 63 65 66 68 69 70 77 78 80 81 84 85 87 88 90 91 92 93 95 96 99 100 104 105 114 115 116 117 119 120 132 133 143 144 145 147 148 153 154 155 161 162 170 171 174 175 176 184 185 189 190 195 196 204 205 207 208 220 221 222 246 247 252 253
SOL 32 33 34 35 36 38 39 40 41 42 44 45 46 50 51 52 56 57 58 62 63 65 66 68 69 76 77 80 81 84 85 87 88 90 91 92 93 95 96 98 99 114 115 116 117 119 120 132 133 140 141 144 145 147 148 153 154 155 156 160 161 162 170 171 174 175 176 184 185 188 189 195 196 204 205 207 208 221 222 224 225 234 235 245 246 252 253
SOL 32 33 34 35 36 38 39 40 41 42 44 45 46 50 51 52 56 57 58 62 63 65 66 68 69 77 78 80 81 84 85 87 88 90 91 92 93 95 96 98 99 100 104 105 114 115 116 117 119 120 132 133 143 144 145 147 148 153 154 155 161 162 170 171 174 175 176 184 185 189 190 195 196 204 205 207 208 220 221 222 245 246 247 252 253
SOL 32 33 34 35 36 38 39 40 41 42 44 45 46 50 51 52 57 58 62 63 65 66 68 69 70 77 78 80 81 84 85 87 88 90 91 92 93 95 96 98 99 104 105 116 117 119 120 132 133 140 141 143 144 145 147 148 153 154 155 156 160 161 162 170 171 174 175 184 185 188 189 190 195 196 204 205 220 221 222 224 225 230 231 234 235 245 246
SOL 32 33 34 35 36 38 39 40 41 42 44 45 46 50 51 54 55 56 57 58 62 63 65 66 68 69 70 77 78 80 81 84 85 87 88 92 93 95 96 99 100 114 115 116 119 120 132 133 135 136 140 141 143 144 145 147 148 153 154 155 156 161 162 174 175 176 184 185 187 188 195 196 204 205 207 208 220 221 222 234 235 246 247 252 253
SOL 32 33 34 35 36 38 39 40 41 42 44 45 46 50 51 54 55 56 57 58 62 63 65 66 68 69 77 78 80 81 84 85 87 88 92 93 95 96 98 99 100 114 115 116 119 120 132 133 135 136 140 141 143 144 145 147 148 153 154 155 156 161 162 174 175 176 184 185 187 188 195 196 204 205 207 208 220 221 222 234 235 245 246 247 252 253
SOL 32 33 34 35 36 38 39 40 41 42 44 45 46 50 51 54 55 56 57 58 62 63 65 66 68 69 77 78 84 85 87 88 90 91 92 93 95 96 98 99 104 105 116 117 119 120 132 133 140 141 143 144 145 147 148 152 153 154 155 160 161 170 171 174 175 184 185 188 189 190 195 196 204 205 208 209 210 221 222 224 225 230 231 234 235 245 246
SOL 32 33 34 35 36 38 39 40 41 42 44 45 46 50 51 54 55 56 57 58 62 63 68 69 70 76 77 78 80 81 87 88 90 91 92 93 95 96 98 99 100 114 115 116 117 132 133 135 136 140 141 143 144 145 147 148 152 153 154 155 161 162 170 171 174 175 176 184 185 187 188 195 196 204 205 207 208 209 210 221 222 234 235 245 246 252 253
SOL 32 33 34 35 36 38 39 40 41 42 44 45 46 50 51 54 55 56 57 58 62 63 68 69 70 77 78 80 81 84 85 87 88 91 92 93 95 96 99 100 104 105 114 115 116 119 120 132 133 135 136 140 141 143 144 145 147 148 152 153 154 155 161 162 174 175 176 184 185 187 188 195 196 204 205 207 208 209 221 222 234 235 246 247 252 253
SOL 32 33 34 35 36 38 39 40 41 42 44 45 46 50 51 54 55 56 57 58 62 63 68 69 77 78 80 81 84 85 87 88 91 92 93 95 96 98 99 100 104 105 114 115 116 119 120 132 133 135 136 140 141 143 144 145 147 148 152 153 154 155 161 162 174 175 176 184 185 187 188 195 196 204 205 207 208 209 221 222 234 235 245 246 247 252 253
SOL 32 33 34 35 36 38 39 40 41 42 44 45 46 50 51 54 55 56 57 62 63 65 66 68 69 76 77 78 80 81 90 91 92 93 95 96 98 99 100 104 105 114 115 116 117 132 133 135 136 140 141 143 144 145 147 148 152 153 154 155 161 162 170 171 174 175 176 184 185 187 188 195 196 203 204 205 207 208 209 220 221 222 234 235 245 246 252 253
SOL 32 33 34 35 36 38 39 40 41 42 44 45 46 50 51 54 55 57 58 62 63 65 66 68 69 76 77 78 80 81 87 88 91 92 93 95 96 98 99 104 105 114 115 116 117 132 133 135 136 140 141 143 144 145 147 148 153 154 155 160 161 162 170 171 174 175 176 184 185 187 188 195 196 204 205 207 208 220 221 222 224 225 234 235 245 246 252 253
SOL 32 33 34 35 36 38 39 40 41 42 44 45 46 50 51 54 55 57 58 62 63 65 66 68 69 76 77 78 84 85 87 88 90 91 92 93 95 96 98 99 104 105 114 115 116 117 119 120 132 133 140 141 143 144 145 147 148 153 154 155 160 161 170 171 174 175 184 185 188 189 195 196 204 205 207 208 220 221 222 224 225 234 235 245 246 252 253
SOL 32 33 34 35 36 38 39 40 41 42 44 45 46 50 51 54 55 57 58 62 63 65 66 68 69 77 78 80 81 84 85 87 88 90 91 92 93 95 96 98 99 114 115 116 117 119 120 132 133 135 136 140 141 144 145 147 148 153 154 155 160 161 162 174 175 176 184 185 187 188 195 196 204 205 207 208 221 222 224 225 234 235 245 246 247 252 253
SOL 32 33 34 35 36 38 39 40 41 42 44 45 46 50 51 55 56 57 58 62 63 65 66 68 69 77 78 80 81 84 85 87 88 92 93 95 96 98 99 104 105 114 115 116 117 119 120 132 133 143 144 145 147 148 152 153 154 155 156 160 161 162 170 171 174 175 176 184 185 189 190 195 196 204 205 207 208 209 210 221 222 224 225 245 246 247 252 253
SOL 32 33 34 35 36 38 39 40 41 42 44 45 46 50 51 56 57 58 62 63 65 66 68 69 77 78 80 81 84 85 87 88 90 91 92 93 95 96 98 99 104 105 116 117 119 120 132 133 140 141 143 144 145 147 148 152 153 154 155 160 161 162 170 171 174 175 176 184 185 188 189 190 195 196 204 205 208 209 210 221 222 224 225 230 231 234 235 245 246
SOL 32 33 34 35 36 38 39 40 41 42 44 45 46 50 51 57 58 62 63 65 66 68 69 76 77 78 80 81 84 85 87 88 90 91 92 93 95 96 98 99 104 105 114 115 116 117 119 120 132 133 140 141 143 144 145 147 148 153 154 155 160 161 162 170 171 174 175 176 184 185 188 189 195 196 204 205 207 208 220 221 222 224 225 234 235 245 246 252 253
SOL 32 33 34 35 36 38 39 40 41 42 44 45 46 51 52 54 55 56 57 58 62 63 65 66 68 69 70 75 76 80 81 87 88 90 91 92 93 95 96 98 99 114 115 116 117 132 133 135 136 140 141 144 145 147 148 152 153 155 156 161 162 170 171 174 175 176 184 185 187 188 195 196 204 205 207 208 209 220 221 222 234 235 245 246 252 253
SOL 32 33 34 35 36 38 39 40 41 42 44 45 46 51 52 55 56 57 58 62 63 65 66 68 69 75 76 77 78 80 81 84 85 87 88 91 92 93 95 96 98 99 104 105 114 115 116 119 120 140 141 144 145 147 148 154 155 156 161 162 174 175 176 184 185 187 188 189 190 195 196 204 205 207 208 209 210 220 221 222 234 235 245 246 252 253
SOL 32 33 34 35 36 38 39 40 41 42 44 45 46 51 52 55 56 57 58 62 63 65 66 68 69 76 77 78 80 81 84 85 87 88 90 91 92 93 95 96 98 99 104 105 114 115 116 119 120 132 133 140 141 147 148 152 153 154 155 156 161 162 170 171 184 185 188 189 195 196 204 205 207 208 209 220 221 222 231 232 234 235 245 246 252 253
SOL 32 33 34 35 36 38 39 40 41 42 44 45 46 51 52 55 56 57 62 63 65 66 68 69 70 75 76 77 78 80 81 84 85 91 92 93 95 96 98 99 100 104 105 114 115 116 119 120 132 133 140 141 147 148 152 153 155 156 160 161 162 170 171 184 185 188 189 195 196 203 204 205 207 208 209 220 221 222 224 225 231 232 234 235 245 246 252 253
SOL 32 33 34 35 36 38 39 40 41 42 44 45 50 51 52 54 55 56 57 58 62 63 65 66 68 69 70 75 76 80 81 87 88 90 91 92 93 95 96 98 99 104 105 114 115 116 132 133 135 136 140 141 143 144 147 148 152 153 154 155 161 162 170 171 184 185 187 188 195 196 204 205 209 210 220 221 222 230 231 232 234 235 245 246 252 253
SOL 32 33 34 35 36 38 39 40 41 42 44 45 50 51 52 54 55 56 57 58 62 63 65 66 68 69 70 77 78 84 85 87 88 90 91 92 93 95 96 98 99 104 105 115 116 117 132 133 140 141 143 144 145 147 148 152 153 155 156 160 161 174 175 176 184 185 188 189 195 196 204 205 209 210 220 221 222 224 225 230 231 234 235 245 246 252 253
SOL 32 33 34 35 36 38 39 40 41 42 44 45 50 51 52 54 55 56 57 58 62 63 65 66 68 69 70 84 85 87 88 91 92 93 95 96 98 99 104 105 114 115 116 117 119 120 132 133 140 141 143 144 145 147 148 153 154 155 156 160 161 170 171 174 175 176 184 185 188 189 190 195 196 204 205 220 221 222 224 225 230 231 234 235 245 246 247 252 253
SOL 32 33 34 35 36 38 39 40 41 42 44 45 50 51 52 54 55 56 57 58 62 63 65 66 68 69 77 78 80 81 84 85 87 88 91 92 93 98 99 100 104 105 114 115 116 119 120 132 133 135 136 140 141 147 148 153 154 155 156 160 161 162 175 176 184 185 187 188 195 196 204 205 208 209 210 220 221 222 230 231 232 234 235 245 246 252 253
SOL 32 33 34 35 36 38 39 40 41 42 44 45 50 51 52 54 55 56 57 58 62 63 65 66 68 69 77 78 84 85 87 88 91 92 93 95 96 98 99 104 105 115 116 117 119 120 132 133 140 141 143 144 147 148 152 153 155 156 160 161 170 171 175 176 184 185 188 189 190 195 196 204 205 209 210 220 221 222 224 225 230 231 232 234 235 245 246 252 253
SOL 32 33 34 35 36 38 39 40 41 42 44 45 50 51 52 54 55 56 57 58 62 63 68 69 77 78 80 81 84 85 87 88 90 91 92 93 95 96 98 99 100 104 105 115 116 117 119 120 132 133 135 136 140 141 144 145 147 148 152 153 154 155 161 162 174 175 184 185 187 188 195 196 204 205 209 210 220 221 222 230 231 234 235 245 246 252 253
SOL 32 33 34 35 36 38 39 40 41 42 44 45 50 51 52 54 55 56 57 62 63 65 66 68 69 70 76 77 78 80 81 90 91 92 93 95 96 98 99 100 104 105 114 115 116 132 133 135 136 140 141 144 145 147 148 152 153 155 156 161 162 170 171 174 175 176 184 185 187 188 195 196 203 204 205 208 209 220 221 222 230 231 234 235 245 246 252 253
SOL 32 33 34 35 36 38 39 40 41 42 44 45 50 51 52 55 56 57 58 62 63 65 66 68 69 70 77 78 80 81 84 85 87 88 90 91 92 93 95 96 98 99 114 115 116 117 132 133 140 141 144 145 147 148 152 153 154 155 156 160 161 162 174 175 184 185 188 189 195 196 204 205 209 210 220 221 222 224 225 230 231 234 235 245 246 247 252 253
SOL 32 33 34 35 36 38 39 40 41 42 44 45 50 51 52 55 56 57 58 62 63 65 66 68 69 70 77 78 84 85 87 88 92 93 95 96 98 99 104 105 114 115 116 119 120 132 133 135 136 140 141 144 145 147 148 152 153 154 155 156 160 161 174 175 176 184 185 187 188 189 195 196 204 205 209 210 220 221 222 224 225 230 231 234 235 245 246 247 252 253
SOL 32 33 34 35 36 38 39 40 41 42 44 45 50 51 52 55 56 57 58 62 63 65 66 68 69 75 76 77 78 80 81 84 85 87 88 91 92 93 95 96 98 99 104 105 114 115 116 119 120 132 133 140 141 147 148 152 153 154 155 156 161 162 170 171 184 185 188 189 195 196 204 205 208 209 220 221 222 230 231 232 234 235 245 246 252 253
SOL 32 33 34 35 36 38 39 40 41 42 44 45 50 51 52 55 56 57 58 62 63 65 66 68 69 76 77 78 80 81 84 85 87 88 90 91 92 93 95 96 98 99 104 105 114 115 116 117 140 141 143 144 145 147 148 153 154 155 156 160 161 162 174 175 184 185 188 189 190 195 196 204 205 209 210 221 222 224 225 230 231 234 235 245 246 252 253
SOL 32 33 34 35 36 38 39 40 41 42 44 45 50 51 52 55 56 57 58 62 63 65 66 68 69 76 77 80 81 84 85 87 88 90 91 92 93 95 96 98 99 100 114 115 116 117 119 120 132 133 140 141 144 145 147 148 152 153 155 156 161 162 170 171 174 175 176 184 185 188 189 195 196 204 205 208 209 221 222 230 231 234 235 245 246 252 253
SOL 32 33 34 35 36 38 39 40 41 42 44 45 50 51 52 55 56 57 58 62 63 65 66 68 69 77 78 80 81 84 85 87 88 90 91 92 93 95 96 99 100 114 115 116 117 119 120 132 133 140 141 144 145 147 148 152 153 154 155 156 161 162 170 171 174 175 184 185 188 189 190 195 196 204 205 209 210 220 221 222 230 231 234 235 246 247 252 253
SOL 32 33 34 35 36 38 39 40 41 42 44 45 50 51 52 55 56 57 58 62 63 65 66 68 69 77 78 80 81 84 85 87 88 92 93 95 96 98 99 114 115 116 117 119 120 132 133 140 141 143 144 147 148 152 153 155 156 160 161 162 170 171 175 176 184 185 188 189 190 195 196 204 205 208 209 210 220 221 222 224 225 230 231 232 234 235 245 246 247 252 253
SOL 32 33 34 35 36 38 39 40 41 42 44 45 50 51 52 55 56 57 58 62 63 68 69 77 78 80 81 84 85 87 88 90 91 92 93 95 96 98 99 104 105 114 115 116 119 120 132 133 140 141 143 144 145 147 148 152 153 155 156 160 161 162 170 171 174 175 184 185 188 189 190 195 196 204 205 209 210 220 221 222 224 225 230 231 234 235 245 246 247 252 253
SOL 32 33 34 35 36 38 39 40 41 42 44 45 50 51 52 56 57 58 62 63 65 66 68 69 70 76 77 78 80 81 84 85 87 88 90 91 92 93 95 96 98 99 100 104 105 114 115 116 117 119 120 140 141 143 144 145 147 148 155 156 161 162 174 175 184 185 187 188 189 190 195 196 204 205 209 210 221 222 230 231 234 235 245 246 252 253
SOL 32 33 34 35 36 38 39 40 41 42 44 45 50 51 54 55 56 57 58 62 63 65 66 68 69 70 77 78 80 81 84 85 87 88 92 93 95 96 98 99 115 116 117 119 120 132 133 135 136 140 141 144 145 147 148 152 153 154 155 160 161 162 174 175 176 184 185 187 188 195 196 204 205 208 209 210 220 221 222 224 225 230 231 234 235 245 246 252 253
SOL 32 33 34 35 36 38 39 40 41 42 44 45 50 51 54 55 56 57 58 62 63 65 66 68 69 76 77 78 84 85 87 88 90 91 92 93 95 96 98 99 104 105 114 115 116 119 120 132 133 140 141 143 144 147 148 152 153 155 156 160 161 170 171 175 176 184 185 188 189 195 196 204 205 209 210 220 221 222 224 225 230 231 232 234 235 245 246 252 253
SOL 32 33 34 35 36 38 39 40 41 42 44 45 50 51 54 55 56 57 58 62 63 68 69 70 77 78 80 81 84 85 87 88 90 91 92 93 95 96 99 100 104 105 114 115 116 117 119 120 132 133 135 136 140 141 144 145 147 148 152 153 154 155 156 161 162 174 175 184 185 187 188 195 196 204 205 209 210 220 221 222 230 231 234 235 246 247 252 253
SOL 32 33 34 35 36 38 39 40 41 42 44 45 50 51 54 55 56 57 58 62 63 68 69 70 77 78 80 81 84 85 87 88 92 93 95 96 98 99 104 105 114 115 116 117 119 120 132 133 135 136 140 141 143 144 147 148 152 153 155 156 160 161 162 175 176 184 185 187 188 195 196 204 205 208 209 210 220 221 222 224 225 230 231 232 234 235 245 246 247 252 253
SOL 32 33 34 35 36 38 39 40 41 42 44 45 50 51 54 55 56 57 58 62 63 68 69 77 78 80 81 84 85 87 88 90 91 92 93 95 96 98 99 100 104 105 114 115 116 117 119 120 132 133 135 136 140 141 144 145 147 148 152 153 154 155 156 161 162 174 175 184 185 187 188 195 196 204 205 209 210 220 221 222 230 231 234 235 245 246 247 252 253
SOL 32 33 34 35 36 38 39 40 41 42 44 45 51 52 55 56 57 58 62 63 65 66 68 69 70 75 76 77 78 84 85 87 88 90 91 92 93 98 99 104 105 114 115 116 119 120 132 133 135 136 140 141 144 145 147 148 152 153 154 155 156 160 161 174 175 176 184 185 187 188 189 190 195 196 204 205 208 209 220 221 222 230 231 234 235 245 246 252 253
SOL 32 33 34 35 36 38 39 40 41 42 45 46 50 51 52 54 55 56 57 58 62 63 65 66 68 69 70 80 81 84 85 87 88 90 91 92 93 95 96 104 105 114 115 116 119 120 132 133 135 136 140 141 144 145 147 148 153 154 155 156 160 161 162 174 175 176 184 185 187 188 195 196 204 205 207 208 220 221 222 224 225 234 235 246 247 252 253
SOL 32 33 34 35 36 38 39 40 41 42 45 46 50 51 52 54 55 56 57 58 62 63 65 66 68 69 77 78 80 81 84 85 87 88 91 92 93 98 99 100 104 105 114 115 116 119 120 132 133 135 136 140 141 144 145 147 148 153 154 155 156 160 161 162 174 175 184 185 187 188 195 196 204 205 207 208 209 220 221 222 234 235 245 246 252 253
SOL 32 33 34 35 36 38 39 40 41 42 45 46 50 51 52 54 55 56 57 58 62 63 65 66 68 69 77 78 84 85 87 88 90 91 92 93 95 96 98 99 104 105 116 117 119 120 132 133 140 141 143 144 147 148 152 153 154 155 156 160 161 170 171 175 176 184 185 188 189 190 195 196 204 205 209 210 220 221 222 224 225 230 231 232 234 235 245 246
SOL 32 33 34 35 36 38 39 40 41 42 45 46 50 51 52 55 56 57 58 62 63 65 66 68 69 70 76 77 78 80 81 84 85 87 88 92 93 95 96 98 99 100 104 105 114 115 116 117 132 133 140 141 144 145 147 148 152 153 154 155 161 162 174 175 176 184 185 188 189 190 195 196 204 205 207 208 220 221 222 234 235 245 246 247 252 253
SOL 32 33 34 35 36 38 39 40 41 42 45 46 50 51 52 55 56 57 58 62 63 65 66 68 69 76 77 80 81 84 85 87 88 90 91 92 93 95 96 98 99 114 115 116 117 119 120 132 133 140 141 144 145 147 148 153 154 155 156 160 161 162 170 171 174 175 176 184 185 188 189 195 196 204 205 207 208 220 221 222 224 225 234 235 245 246 252 253
SOL 32 33 34 35 36 38 39 40 41 42 45 46 50 51 54 55 56 57 58 62 63 65 66 68 69 80 81 84 85 87 88 90 91 92 93 95 96 98 99 104 105 114 115 116 117 119 120 132 133 135 136 140 141 143 144 145 147 148 153 154 155 160 161 162 174 175 176 184 185 187 188 195 196 204 205 207 208 220 221 222 224 225 234 235 245 246 247 252 253
SOL 32 33 34 35 36 38 39 40 41 42 45 46 50 51 55 56 57 58 62 63 65 66 68 69 77 78 80 81 84 85 87 88 90 91 92 93 95 96 98 99 104 105 116 117 119 120 132 133 140 141 143 144 145 147 148 152 153 154 155 160 161 162 170 171 174 175 176 184 185 188 189 190 195 196 204 205 208 209 210 220 221 222 224 225 230 231 234 235 245 246
SOL 32 33 34 35 36 38 39 40 41 42 45 46 50 51 55 56 57 62 63 65 66 68 69 70 76 77 78 80 81 84 85 90 91 92 93 95 96 98 99 104 105 114 115 116 117 119 120 132 133 140 141 143 144 147 148 152 153 154 155 160 161 162 170 171 175 176 184 185 188 189 195 196 203 204 205 207 208 209 210 221 222 224 225 231 232 234 235 245 246 252 253
SOL 32 33 34 35 36 38 39 40 41 44 45 46 50 51 52 54 55 56 57 58 62 63 65 66 68 69 70 77 78 80 81 84 85 87 88 91 92 93 95 96 99 100 114 115 116 119 120 132 133 135 136 140 141 143 144 145 147 148 153 154 155 161 162 174 175 176 184 185 187 188 195 196 204 205 207 208 220 221 222 234 235 246 247 252 253
SOL 32 33 34 35 36 38 39 40 41 44 45 46 50 51 52 54 55 56 57 58 62 63 65 66 68 69 77 78 80 81 84 85 87 88 91 92 93 95 96 98 99 100 114 115 116 119 120 132 133 135 136 140 141 143 144 145 147 148 153 154 155 161 162 174 175 176 184 185 187 188 195 196 204 205 207 208 220 221 222 234 235 245 246 247 252 253
SOL 32 33 34 35 36 38 39 40 41 44 45 46 50 51 52 54 55 56 57 58 62 63 68 69 70 76 77 80 81 87 88 90 91 92 93 95 96 98 99 104 105 114 115 116 132 133 135 136 140 141 143 144 145 147 148 152 153 154 155 156 160 161 162 170 171 174 175 176 184 185 187 188 195 196 204 205 207 208 209 221 222 224 225 234 235 245 246 252 253
SOL 32 33 34 35 36 38 39 40 41 44 45 46 50 51 52 54 55 56 57 58 62 63 68 69 70 77 78 84 85 87 88 90 91 92 93 95 96 98 99 104 105 114 115 116 117 119 120 132 133 140 141 143 144 145 147 148 152 153 154 155 160 161 170 171 174 175 184 185 188 189 190 195 196 204 205 207 208 209 221 222 224 225 234 235 245 246 247 252 253
SOL 32 33 34 35 36 38 39 40 41 44 45 46 50 51 52 55 56 57 58 62 63 65 66 68 69 70 76 77 80 81 84 85 87 88 90 91 92 93 95 96 98 99 114 115 116 117 119 120 140 141 144 145 147 148 154 155 156 160 161 162 174 175 176 184 185 187 188 189 190 195 196 204 205 207 208 209 210 220 221 222 224 225 234 235 245 246 252 253
SOL 32 33 34 35 36 38 39 40 41 44 45 46 50 51 52 55 56 57 58 62 63 65 66 68 69 70 77 78 80 81 84 85 87 88 92 93 95 96 104 105 114 115 116 117 119 120 132 133 140 141 144 145 147 148 152 153 154 155 160 161 162 170 171 174 175 176 184 185 188 189 190 195 196 204 205 207 208 209 210 221 222 224 225 234 235 246 247 252 253
SOL 32 33 34 35 36 38 39 40 41 44 45 46 50 51 52 55 56 57 58 62 63 65 66 68 69 77 78 80 81 84 85 87 88 91 92 93 95 96 98 99 104 105 114 115 116 117 119 120 132 133 143 144 145 147 148 152 153 154 155 160 161 162 170 171 174 175 176 184 185 189 190 195 196 204 205 207 208 209 210 221 222 224 225 245 246 247 252 253
SOL 32 33 34 35 36 38 39 40 41 44 45 46 50 51 52 56 57 58 62 63 68 69 70 77 78 80 81 84 85 87 88 90 91 92 93 95 96 98 99 104 105 114 115 116 117 119 120 132 133 140 141 143 144 145 147 148 152 153 154 155 160 161 162 170 171 174 175 176 184 185 188 189 190 195 196 204 205 207 208 209 221 222 224 225 234 235 245 246 247 252 253
SOL 32 33 34 35 36 38 39 40 41 44 45 46 50 51 54 55 56 57 58 62 63 65 66 68 69 76 77 78 80 81 87 88 90 91 92 93 95 96 98 99 100 104 105 114 115 116 117 132 133 135 136 140 141 143 144 145 147 148 153 154 155 161 162 170 171 174 175 176 184 185 187 188 195 196 204 205 207 208 220 221 222 234 235 245 246 252 253
SOL 32 33 34 35 36 38 39 40 41 44 45 46 50 51 55 56 57 58 62 63 65 66 68 69 70 76 77 78 80 81 84 85 87 88 90 91 92 93 95 96 98 99 104 105 114 115 116 117 119 120 140 141 143 144 147 148 154 155 160 161 162 175 176 184 185 187 188 189 190 195 196 204 205 207 208 209 221 222 224 225 231 232 234 235 245 246 252 253
