SOL 34 35 36 38 39 40 41 42 44 45 46 48 49 50 51 52 54 55 56 57 58 62 63 65 66 68 69 70 75 76 80 81 82 84 85 87 88 90 91 95 96 98 99 104 105 114 115 116 117 119 120 123 124 132 133 143 144 153 154 155 161 162 195 196 204 205 207 208 216 217 224 225 230 231 232 246 247 248 252 253 272 273 275 276 285 286 287
SOL 34 35 36 38 39 40 41 42 44 45 46 48 49 50 51 52 54 55 56 57 58 62 63 65 66 68 69 70 76 77 78 80 81 82 84 85 87 88 90 91 98 99 100 115 116 119 120 123 124 135 136 140 141 143 144 153 154 155 160 161 162 175 176 187 188 189 195 196 204 205 207 208 209 216 217 220 221 230 231 232 234 235 246 247 248 287 288
SOL 34 35 36 38 39 40 41 42 44 45 46 48 49 50 51 52 54 55 56 57 58 62 63 65 66 68 69 70 76 77 78 80 81 82 84 85 87 88 95 96 98 99 104 105 114 115 116 117 123 124 132 133 143 144 145 152 153 155 156 160 161 162 174 175 195 196 204 205 207 208 209 210 216 217 220 221 224 225 230 231 246 247 248 285 286 287 288
SOL 34 35 36 38 39 40 41 42 44 45 46 48 49 50 51 52 54 55 56 57 58 62 63 65 66 68 69 70 76 77 78 80 81 82 87 88 98 99 100 104 105 114 115 116 119 120 123 124 135 136 140 141 143 144 145 152 153 155 156 160 161 162 170 171 174 175 187 188 189 195 196 204 205 207 208 216 217 230 231 234 235 246 247 248 272 273 286 287 288
SOL 34 35 36 38 39 40 41 42 44 45 46 48 49 50 51 52 54 55 56 57 58 62 63 65 66 68 69 70 76 77 78 80 81 82 87 88 98 99 100 104 105 115 116 119 120 123 124 135 136 140 141 143 144 145 152 153 155 156 160 161 162 170 171 174 175 187 188 189 190 195 196 204 205 207 208 216 217 230 231 234 235 246 247 248 272 273 285 286 287 288
SOL 34 35 36 38 39 40 41 42 44 45 46 48 49 50 51 52 54 55 56 57 58 62 63 65 66 68 69 70 76 77 78 81 82 84 85 87 88 95 96 98 99 100 114 115 116 119 120 123 124 132 133 143 144 145 152 153 155 156 160 161 162 174 175 195 196 204 205 207 208 209 210 216 217 224 225 230 231 246 247 248 252 253 272 273 275 276 285 286 287 288
SOL 34 35 36 38 39 40 41 42 44 45 46 48 49 50 51 52 54 55 56 57 58 62 63 65 66 68 69 70 76 77 78 81 82 95 96 98 99 100 104 105 114 115 119 120 123 124 132 133 135 136 140 141 152 153 155 156 160 161 162 170 171 174 175 187 188 189 190 195 196 203 204 205 209 210 216 217 224 225 234 235 246 247 248 260 261 272 273 275 276 285 286 287 288
SOL 34 35 36 38 39 40 41 42 44 45 46 48 49 50 51 52 54 55 56 57 58 62 63 65 66 68 69 70 76 77 80 81 82 87 88 95 96 98 99 100 104 105 114 115 116 117 123 124 132 133 135 136 140 141 155 156 160 161 162 170 171 175 176 188 189 190 195 196 204 205 216 217 220 221 224 225 231 232 234 235 246 247 248 272 273 275 276 285 286 287 288
SOL 34 35 36 38 39 40 41 42 44 45 46 48 49 50 51 52 54 55 56 57 58 62 63 65 66 68 69 70 76 77 81 82 87 88 95 96 98 99 100 114 115 116 117 123 124 132 133 135 136 140 141 143 144 145 152 153 155 156 161 162 174 175 176 187 188 189 195 196 204 205 207 208 209 216 217 224 225 230 231 234 235 246 247 248 252 253 272 273 275 276 285 286 287
SOL 34 35 36 38 39 40 41 42 44 45 46 48 49 50 51 52 54 55 56 57 58 62 63 65 66 68 69 70 77 78 80 81 82 84 85 90 91 95 96 98 99 100 114 115 123 124 132 133 135 136 140 141 143 144 154 155 156 160 161 162 170 171 174 175 187 188 189 190 195 196 203 204 205 216 217 224 225 234 235 246 247 248 260 261 272 273 275 276 287 288
SOL 34 35 36 38 39 40 41 42 44 45 46 48 49 50 51 52 54 55 56 57 58 62 63 65 66 68 69 70 77 78 80 81 82 87 88 90 91 95 96 98 99 114 115 116 117 123 124 132 133 135 136 140 141 144 145 153 154 160 161 162 170 171 174 175 187 188 195 196 204 205 207 208 209 210 220 221 224 225 230 231 234 235 246 247 279 280 285 286 287 288
SOL 34 35 36 38 39 40 41 42 44 45 46 48 49 50 51 52 54 55 56 57 58 62 63 65 66 68 69 70 77 78 81 82 87 88 90 91 95 96 98 99 100 104 105 114 115 116 117 123 124 132 133 135 136 140 141 144 145 152 153 154 160 161 162 174 175 187 188 195 196 204 205 208 209 210 224 225 234 235 246 247 272 273 275 276 279 280 286 287 288
SOL 34 35 36 38 39 40 41 42 44 45 46 48 49 50 51 52 54 55 56 57 58 62 63 65 66 68 69 70 77 78 81 82 87 88 90 91 95 96 98 99 100 104 105 114 115 116 119 120 123 124 132 133 140 141 144 145 154 155 156 161 162 170 171 174 175 187 188 195 196 204 205 209 210 216 217 224 225 234 235 246 247 248 272 273 275 276 285 286 287
SOL 34 35 36 38 39 40 41 42 44 45 46 48 49 50 51 52 54 55 56 57 58 62 63 65 66 68 69 70 77 78 81 82 87 88 95 96 98 99 104 105 114 115 116 117 123 124 132 133 135 136 140 141 143 144 145 155 156 160 161 162 170 171 174 175 188 189 195 196 204 205 207 208 209 216 217 220 221 224 225 230 231 234 235 246 247 248 272 273 285 286 287 288
SOL 34 35 36 38 39 40 41 42 44 45 46 48 49 50 51 52 54 55 56 57 58 62 63 65 66 68 69 70 80 81 82 84 85 87 88 95 96 98 99 100 104 105 114 115 116 117 123 124 132 133 135 136 140 141 144 145 154 155 160 161 162 170 171 174 175 176 187 188 189 190 195 196 204 205 207 208 216 217 230 231 234 235 246 247 248 272 273 286 287
SOL 34 35 36 38 39 40 41 42 44 45 46 48 49 50 51 52 54 55 56 57 58 62 63 65 66 68 69 75 76 77 78 80 81 82 84 85 87 88 95 96 98 99 114 115 116 119 120 123 124 132 133 140 141 143 144 155 156 160 161 162 187 188 195 196 204 205 207 208 216 217 220 221 224 225 230 231 232 234 235 246 247 248 252 253 275 276 285 286 287 288
SOL 34 35 36 38 39 40 41 42 44 45 46 48 49 50 51 52 54 55 56 57 58 62 63 65 66 68 69 76 77 78 80 81 82 84 85 87 88 95 96 98 99 100 104 105 114 115 116 119 120 123 124 132 133 144 145 153 154 155 160 161 162 174 175 176 195 196 204 205 207 208 216 217 224 225 230 231 246 247 248 252 253 272 273 275 276 285 286 287 288
SOL 34 35 36 38 39 40 41 42 44 45 46 48 49 50 51 52 54 55 56 57 58 62 63 65 66 68 69 76 77 78 80 81 82 87 88 90 91 98 99 100 104 105 116 117 119 120 123 124 135 136 140 141 144 145 152 153 154 155 160 161 162 170 171 174 175 187 188 189 190 195 196 204 205 207 208 216 217 234 235 246 247 248 252 253 272 273 285 286 287 288
SOL 34 35 36 38 39 40 41 42 44 45 46 48 49 50 51 52 54 55 56 57 58 62 63 65 66 68 69 76 77 78 80 81 87 88 90 91 95 96 98 99 100 104 105 114 115 116 117 132 133 135 136 140 141 144 145 152 153 160 161 162 174 175 176 186 187 188 189 195 196 204 205 207 208 209 210 216 217 230 231 234 235 246 247 248 272 273 279 280 285 286
SOL 34 35 36 38 39 40 41 42 44 45 46 48 49 50 51 52 54 55 56 57 58 62 63 65 66 68 69 76 77 78 81 82 84 85 87 88 90 91 98 99 100 104 105 116 117 119 120 123 124 135 136 140 141 143 144 145 154 155 160 161 162 174 175 176 188 189 195 196 204 205 207 208 209 210 216 217 220 221 234 235 246 247 248 252 253 272 273 287 288
SOL 34 35 36 38 39 40 41 42 44 45 46 48 49 50 51 52 54 55 56 57 58 62 63 65 66 68 69 76 77 80 81 82 90 91 95 96 98 99 100 104 105 114 115 123 124 132 133 135 136 140 141 152 153 155 156 160 161 162 174 175 187 188 189 195 196 203 204 205 207 208 209 210 216 217 224 225 230 231 234 235 246 247 248 252 253 260 261 272 273 275 276 285 286 287 288
SOL 34 35 36 38 39 40 41 42 44 45 46 48 49 50 51 52 54 55 56 57 58 62 63 65 66 68 69 76 77 84 85 87 88 90 91 95 96 98 99 100 104 105 114 115 116 117 119 120 132 133 135 136 140 141 143 144 145 152 153 160 161 174 175 176 186 187 188 195 196 204 205 207 208 209 210 216 217 220 221 230 231 234 235 246 247 248 279 280 285 286
SOL 34 35 36 38 39 40 41 42 44 45 46 48 49 50 51 52 54 55 56 57 58 62 63 65 66 68 69 77 78 80 81 82 84 85 87 88 90 91 95 96 98 99 100 104 105 114 115 116 117 119 120 123 124 132 133 153 154 155 156 161 162 170 171 175 176 195 196 204 205 209 210 216 217 220 221 224 225 231 232 246 247 248 275 276 285 286 287
SOL 34 35 36 38 39 40 41 42 44 45 46 48 49 50 51 52 54 55 56 57 58 62 63 65 66 68 69 77 78 81 82 84 85 87 88 95 96 98 99 114 115 116 119 120 123 124 132 133 135 136 140 141 143 144 145 152 153 155 156 160 161 162 174 175 176 187 188 189 195 196 204 205 207 208 209 216 217 220 221 224 225 230 231 234 235 246 247 248 286 287 288
SOL 34 35 36 38 39 40 41 42 44 45 46 48 49 50 51 52 54 55 56 57 58 62 63 65 66 68 69 77 78 81 82 84 85 87 88 95 96 98 99 115 116 119 120 123 124 132 133 135 136 140 141 143 144 145 152 153 155 156 160 161 162 174 175 176 187 188 189 190 195 196 204 205 207 208 209 216 217 220 221 224 225 230 231 234 235 246 247 248 285 286 287 288
SOL 34 35 36 38 39 40 41 42 44 45 46 48 49 50 51 52 54 55 56 57 58 62 63 65 66 68 69 77 78 81 82 84 85 87 88 98 99 104 105 114 115 116 117 119 120 123 124 132 133 135 136 140 141 143 144 145 155 156 160 161 162 174 175 188 189 190 195 196 204 205 207 208 209 210 216 217 220 221 224 225 230 231 234 235 246 247 248 272 273 285 286 287
SOL 34 35 36 38 39 40 41 42 44 45 46 48 49 50 51 52 54 55 56 57 58 62 63 65 66 68 69 77 78 81 82 87 88 90 91 98 99 100 104 105 114 115 116 117 123 124 132 133 135 136 140 141 144 145 153 154 155 161 162 174 175 187 188 189 190 195 196 204 205 207 208 209 210 216 217 224 225 230 231 234 235 246 247 248 252 253 272 273 275 276 285 286 287 288
SOL 34 35 36 38 39 40 41 42 44 45 46 48 49 50 51 52 54 55 56 57 58 62 63 65 66 68 69 80 81 82 87 88 95 96 98 99 100 104 105 114 115 116 117 119 120 123 124 132 133 135 136 140 141 144 145 152 153 154 155 156 160 161 162 170 171 174 175 187 188 189 190 195 196 204 205 209 210 216 217 224 225 234 235 246 247 248 272 273 275 276 287 288
SOL 34 35 36 38 39 40 41 42 44 45 46 48 49 50 51 52 54 55 56 57 58 62 63 65 66 69 70 75 76 80 81 82 84 85 87 88 95 96 98 99 104 105 114 115 116 117 119 120 123 124 132 133 135 136 140 141 143 144 152 153 155 156 161 162 187 188 189 195 196 204 205 207 208 209 216 217 230 231 232 234 235 246 247 248 285 286 287 288
SOL 34 35 36 38 39 40 41 42 44 45 46 48 49 50 51 52 54 55 56 57 58 62 63 65 66 69 70 76 77 78 80 81 82 84 85 87 88 90 91 95 96 98 99 114 115 116 119 120 123 124 132 133 135 136 140 141 152 153 160 161 162 175 176 187 188 195 196 204 205 207 208 209 210 224 225 230 231 232 234 235 246 247 279 280 285 286 287 288
SOL 34 35 36 38 39 40 41 42 44 45 46 48 49 50 51 52 54 55 56 57 58 62 63 65 66 69 70 76 77 78 80 81 82 87 88 90 91 95 96 98 99 100 114 115 116 117 119 120 123 124 132 133 135 136 140 141 152 153 154 155 161 162 175 176 188 189 190 195 196 204 205 207 208 216 217 220 221 230 231 232 234 235 246 247 248 286 287 288
SOL 34 35 36 38 39 40 41 42 44 45 46 48 49 50 51 52 54 55 56 57 58 62 63 65 66 69 70 76 77 78 81 82 84 85 87 88 90 91 95 96 98 99 114 115 116 117 123 124 132 133 135 136 140 141 144 145 154 155 160 161 162 174 175 176 188 189 195 196 204 205 207 208 216 217 220 221 224 225 230 231 234 235 246 247 248 285 286 287 288
SOL 34 35 36 38 39 40 41 42 44 45 46 48 49 50 51 52 54 55 56 57 58 62 63 65 66 69 70 76 77 81 82 87 88 90 91 95 96 98 99 100 104 105 114 115 116 119 120 123 124 132 133 135 136 140 141 143 144 145 153 154 155 156 161 162 174 175 176 188 189 195 196 204 205 216 217 220 221 224 225 234 235 246 247 248 275 276 285 286 287
SOL 34 35 36 38 39 40 41 42 44 45 46 48 49 50 51 52 54 55 56 57 58 62 63 65 66 77 78 81 82 84 85 87 88 91 92 95 96 98 99 100 104 105 116 117 119 120 123 124 132 133 135 136 140 141 143 144 145 152 153 154 155 156 161 162 174 175 176 187 188 189 190 195 196 204 205 207 208 209 210 216 217 234 235 246 247 248 285 286 287 288
SOL 34 35 36 38 39 40 41 42 44 45 46 48 49 50 51 52 54 55 56 57 58 62 63 68 69 70 76 77 78 80 81 87 88 90 91 95 96 98 99 100 104 105 114 115 116 119 120 132 133 135 136 143 144 145 152 153 161 162 170 171 174 175 186 187 189 190 195 196 204 205 207 208 209 210 216 217 224 225 230 231 246 247 248 252 253 272 273 275 276 279 280 285 286
SOL 34 35 36 38 39 40 41 42 44 45 46 48 49 50 51 52 54 55 56 57 58 62 63 68 69 70 76 77 80 81 82 84 85 87 88 90 91 95 96 98 99 100 114 115 116 117 119 120 123 124 132 133 140 141 143 144 154 155 161 162 175 176 187 188 195 196 204 205 207 208 216 217 220 221 224 225 230 231 232 234 235 246 247 248 252 253 275 276 285 286 287
SOL 34 35 36 38 39 40 41 42 44 45 46 48 49 50 51 52 54 55 56 57 58 62 63 68 69 70 76 77 80 81 82 87 88 95 96 98 99 100 104 105 114 115 116 123 124 132 133 135 136 140 141 143 144 145 153 154 155 161 162 170 171 174 175 176 187 188 189 190 195 196 204 205 207 208 216 217 220 221 224 225 230 231 234 235 246 247 248 252 253 275 276 285 286 287
SOL 34 35 36 38 39 40 41 42 44 45 46 48 49 50 51 52 54 55 56 57 58 62 63 68 69 70 77 78 81 82 87 88 95 96 98 99 100 104 105 114 115 116 117 123 124 132 133 135 136 140 141 143 144 153 154 155 156 160 161 162 170 171 175 176 187 188 189 190 195 196 204 205 207 208 216 217 220 221 224 225 230 231 232 234 235 246 247 248 252 253 275 276 286 287 288
SOL 34 35 36 38 39 40 41 42 44 45 46 48 49 50 51 52 54 55 56 57 58 62 63 68 69 70 80 81 82 87 88 90 91 95 96 98 99 104 105 114 115 116 117 119 120 123 124 132 133 135 136 140 141 143 144 153 154 155 160 161 162 170 171 175 176 187 188 189 195 196 204 205 207 208 209 210 216 217 224 225 230 231 232 234 235 246 247 248 272 273 285 286 287 288
SOL 34 35 36 38 39 40 41 42 44 45 46 48 49 50 51 52 54 55 56 57 58 62 63 68 69 75 76 80 81 82 84 85 87 88 90 91 95 96 98 99 114 115 116 117 119 120 123 124 132 133 135 136 140 141 143 144 152 153 154 155 160 161 162 187 188 189 195 196 204 205 208 209 210 216 217 220 221 224 225 231 232 234 235 246 247 248 275 276 285 286 287 288
SOL 34 35 36 38 39 40 41 42 44 45 46 48 49 50 51 52 54 55 56 57 58 62 63 68 69 76 77 78 80 81 82 87 88 95 96 98 99 100 114 115 116 119 120 123 124 132 133 135 136 140 141 143 144 145 152 153 155 156 161 162 170 171 174 175 187 188 189 190 195 196 204 205 207 208 209 216 217 224 225 230 231 234 235 246 247 248 252 253 272 273 275 276 285 286 287
SOL 34 35 36 38 39 40 41 42 44 45 46 48 49 50 51 52 54 55 56 57 58 62 63 68 69 76 77 78 81 82 87 88 90 91 95 96 98 99 100 114 115 116 117 119 120 123 124 132 133 135 136 140 141 153 154 155 160 161 162 170 171 175 176 187 188 189 190 195 196 204 205 207 208 216 217 224 225 230 231 232 234 235 246 247 248 252 253 272 273 275 276 285 286 287 288
SOL 34 35 36 38 39 40 41 42 44 45 46 48 49 50 51 52 54 55 56 57 58 62 63 68 69 76 77 81 82 84 85 87 88 90 91 95 96 98 99 100 114 115 116 117 119 120 123 124 132 133 135 136 140 141 143 144 145 153 154 160 161 162 174 175 176 187 188 195 196 204 205 207 208 220 221 224 225 230 231 234 235 246 247 252 253 275 276 279 280 285 286 287 288
SOL 34 35 36 38 39 40 41 42 44 45 46 48 49 50 51 52 54 55 56 57 58 62 63 68 69 77 78 80 81 82 84 85 87 88 95 96 98 99 100 104 105 114 115 116 123 124 132 133 135 136 140 141 144 145 154 155 160 161 162 170 171 174 175 176 187 188 189 190 195 196 204 205 207 208 216 217 224 225 230 231 234 235 246 247 248 252 253 272 273 275 276 286 287 288
SOL 34 35 36 38 39 40 41 42 44 45 46 48 49 50 51 52 54 55 56 57 58 62 63 68 69 77 78 80 81 82 87 88 90 91 95 96 98 99 100 104 105 114 115 116 123 124 132 133 135 136 140 141 143 144 145 152 153 155 156 160 161 162 170 171 174 175 176 187 188 189 190 195 196 204 205 209 210 216 217 220 221 224 225 234 235 246 247 248 275 276 287 288
SOL 34 35 36 38 39 40 41 42 44 45 46 48 49 50 51 52 54 55 56 57 58 62 63 68 69 77 78 81 82 84 85 87 88 90 91 95 96 98 99 100 104 105 114 115 116 117 119 120 123 124 132 133 135 136 140 141 143 144 145 152 153 160 161 162 174 175 176 187 188 195 196 204 205 208 209 210 220 221 224 225 234 235 246 247 275 276 279 280 287 288
SOL 34 35 36 38 39 40 41 42 44 45 46 48 49 50 51 52 54 55 56 57 58 62 63 68 69 80 81 82 87 88 90 91 95 96 98 99 100 104 105 114 115 116 117 119 120 123 124 132 133 135 136 140 141 143 144 145 152 153 154 155 160 161 162 170 171 174 175 176 187 188 189 190 195 196 204 205 207 208 209 210 216 217 230 231 234 235 246 247 248 272 273 286 287
SOL 34 35 36 38 39 40 41 42 44 45 46 48 49 50 51 52 54 55 56 57 58 62 63 69 70 75 76 77 78 80 81 82 87 88 90 91 95 96 98 99 100 114 115 116 117 123 124 132 133 135 136 140 141 143 144 152 153 155 156 161 162 170 171 187 188 189 190 195 196 204 205 207 208 209 216 217 230 231 232 234 235 246 247 248 252 253 275 276 285 286 287 288
SOL 34 35 36 38 39 40 41 42 44 45 46 48 49 50 51 52 54 55 56 57 58 62 63 69 70 76 77 80 81 82 84 85 90 91 95 96 98 99 100 104 105 114 115 119 120 123 124 132 133 135 136 140 141 152 153 155 156 160 161 162 174 175 176 187 188 189 190 195 196 203 204 205 207 208 216 217 224 225 230 231 234 235 246 247 248 252 253 260 261 275 276 286 287 288
SOL 34 35 36 38 39 40 41 42 44 45 46 48 49 50 51 52 54 55 56 57 58 62 63 69 70 77 78 81 82 84 85 87 88 95 96 98 99 104 105 114 115 116 117 119 120 123 124 132 133 135 136 140 141 143 144 145 154 155 156 160 161 162 170 171 174 175 176 188 189 195 196 204 205 207 208 209 216 217 220 221 