SOL 40 41 42 43 44 45 46 48 49 50 51 52 54 55 56 57 58 60 61 62 63 64 65 66 68 69 70 74 75 76 77 78 80 81 82 84 85 86 87 88 90 91 92 93 95 96 98 99 100 110 111 122 123 154 155 160 161 162 170 171 175 176 183 184 189 190 195 196 203 204 205 208 209 210 215 216 220 221 230 231 246 247 259 260 272 273 286 287 288 296 297 300 301 304 305 319 320
SOL 40 41 42 43 44 45 46 48 49 50 51 52 54 55 56 57 58 60 61 62 63 64 65 66 68 69 70 74 75 76 77 78 80 81 82 84 85 86 87 88 90 91 92 98 99 100 104 105 111 112 122 123 124 140 141 152 153 161 162 170 171 175 176 182 183 184 188 189 195 196 203 204 205 209 210 215 216 230 231 234 235 246 247 259 260 279 280 287 288 296 297 300 301 305 306 319 320
SOL 40 41 42 43 44 45 46 48 49 50 51 52 54 55 56 57 58 60 61 62 63 64 65 66 68 69 70 74 75 76 77 78 80 81 82 84 85 86 87 88 90 91 92 98 99 110 111 119 120 122 123 140 141 143 144 160 161 162 170 171 175 176 183 184 186 187 188 189 195 196 203 204 205 215 216 217 224 225 230 231 234 235 246 247 248 259 260 279 280 287 288 296 297 300 301 305 306 319 320
SOL 40 41 42 43 44 45 46 48 49 50 51 52 54 55 56 57 58 60 61 62 63 64 65 66 68 69 70 74 75 76 77 78 80 81 82 84 85 86 87 88 90 91 98 99 100 104 105 110 111 122 123 124 140 141 152 153 161 162 170 171 175 176 182 183 188 189 195 196 203 204 205 207 208 209 215 216 230 231 234 235 246 247 252 253 259 260 279 280 287 288 296 297 299 300 301 305 306 319 320
SOL 40 41 42 43 44 45 46 48 49 50 51 52 54 55 56 57 58 60 61 62 63 64 65 66 68 69 70 74 75 76 77 78 80 81 82 84 85 86 87 88 90 91 98 99 100 110 111 122 123 124 132 133 140 141 153 154 155 161 162 175 176 182 183 187 188 189 195 196 203 204 205 207 208 215 216 217 230 231 234 235 246 247 248 252 253 259 260 272 273 287 288 296 297 299 300 301 304 305 319 320
SOL 40 41 42 43 44 45 46 48 49 50 51 52 54 55 56 57 58 60 61 62 63 64 65 66 68 69 70 74 75 76 77 78 80 81 82 84 85 86 87 88 90 91 98 99 100 110 111 122 123 124 140 141 152 153 160 161 162 170 171 174 175 182 183 187 188 189 195 196 203 204 205 208 209 215 216 220 221 231 232 234 235 246 247 259 260 261 272 273 279 280 286 287 296 297 299 300 301 305 306 319 320
SOL 40 41 42 43 44 45 46 48 49 50 51 52 54 55 56 57 58 60 61 62 63 64 65 66 68 69 70 74 75 76 77 78 80 81 82 84 85 86 87 88 90 91 98 99 100 111 112 122 123 124 132 133 140 141 160 161 162 170 171 174 175 182 183 188 189 195 196 203 204 205 208 209 215 216 220 221 231 232 234 235 246 247 259 260 261 272 273 279 280 285 286 287 296 297 299 300 301 304 305 319 320
SOL 40 41 42 43 44 45 46 48 49 50 51 52 54 55 56 57 58 60 61 62 63 64 65 66 68 69 70 74 75 76 77 78 80 81 82 84 85 86 87 88 91 92 93 95 96 98 99 100 110 111 112 122 123 154 155 156 161 162 170 171 175 176 182 183 184 189 190 195 196 203 204 205 208 209 210 215 216 220 221 230 231 246 247 259 260 272 273 286 287 296 297 300 301 304 305 319 320
SOL 40 41 42 43 44 45 46 48 49 50 51 52 54 55 56 57 58 60 61 62 63 64 65 66 68 69 70 74 75 76 77 78 80 81 82 84 85 86 87 88 91 92 93 95 96 98 99 110 111 122 123 143 144 153 154 155 156 161 162 170 171 174 175 183 184 189 190 195 196 203 204 205 208 209 210 215 216 224 225 230 231 232 246 247 259 260 261 287 288 296 297 300 301 304 305 306 319 320
SOL 40 41 42 43 44 45 46 48 49 50 51 52 54 55 56 57 58 60 61 62 63 64 65 66 68 69 70 74 75 76 77 78 80 81 82 84 85 86 87 88 92 93 98 99 100 111 112 122 123 132 133 140 141 152 153 155 156 161 162 170 171 175 176 183 184 187 188 189 190 195 196 203 204 205 208 209 215 216 220 221 230 231 234 235 246 247 259 260 286 287 288 296 297 300 301 304 305 319 320
SOL 40 41 42 43 44 45 46 48 49 50 51 52 54 55 56 57 58 60 61 62 63 64 65 66 68 69 70 74 75 76 77 78 80 81 82 84 85 86 87 88 95 96 98 99 104 105 110 111 112 122 123 124 143 144 153 154 155 161 162 170 171 174 175 182 183 189 190 195 196 203 204 205 209 210 215 216 217 224 225 231 232 246 247 248 259 260 261 287 288 296 297 299 300 301 304 305 306 319 320
SOL 40 41 42 43 44 45 46 48 49 50 51 52 54 55 56 57 58 60 61 62 63 64 65 66 68 69 70 74 75 76 77 78 80 81 82 84 85 86 87 88 95 96 98 99 104 105 110 111 122 123 153 154 161 162 170 171 175 176 182 183 186 187 189 190 195 196 203 204 205 207 208 209 210 215 216 217 220 221 224 225 230 231 246 247 248 252 253 259 260 279 280 287 288 296 297 299 300 301 304 305 319 320
SOL 40 41 42 43 44 45 46 48 49 50 51 52 54 55 56 57 58 60 61 62 63 64 65 66 68 69 70 74 75 76 77 78 80 81 82 84 85 86 87 88 98 99 100 104 105 110 111 112 122 123 124 140 141 143 144 152 153 154 161 162 170 171 175 176 182 183 188 189 195 196 203 204 205 207 208 209 210 215 216 234 235 246 247 252 253 259 260 279 280 287 288 296 297 300 301 305 306 319 320
SOL 40 41 42 43 44 45 46 48 49 50 51 52 54 55 56 57 58 60 61 62 63 64 65 66 68 69 70 74 75 76 77 78 80 81 82 84 85 86 87 88 98 99 100 110 111 122 123 132 133 140 141 143 144 152 153 161 162 174 175 182 183 186 187 188 189 195 196 203 204 205 207 208 209 210 215 216 217 231 232 234 235 246 247 248 252 253 259 260 261 272 273 279 280 287 288 296 297 300 301 304 305 319 320
SOL 40 41 42 43 44 45 46 48 49 50 51 52 54 55 56 57 58 60 61 62 63 64 65 66 68 69 70 74 75 76 77 78 80 81 82 84 85 86 87 88 98 99 111 112 122 123 132 133 152 153 160 161 162 170 171 174 175 182 183 186 187 189 190 195 196 203 204 205 207 208 209 210 215 216 217 220 221 224 225 230 231 232 246 247 248 252 253 259 260 261 272 273 279 280 287 288 296 297 299 300 301 304 305 306 319 320
SOL 40 41 42 43 44 45 46 48 49 50 51 52 54 55 56 57 58 60 61 62 63 64 65 66 68 69 70 74 75 76 77 78 80 81 82 84 85 86 87 90 91 92 95 96 98 99 100 110 111 122 123 124 155 156 160 161 162 170 171 175 176 182 183 184 189 190 195 196 203 204 205 208 209 210 215 216 217 220 221 230 231 246 247 248 259 260 272 273 286 287 288 296 297 300 301 304 305 319 320
SOL 40 41 42 43 44 45 46 48 49 50 51 52 54 55 56 57 58 60 61 62 63 64 65 66 68 69 70 74 75 76 77 78 80 81 82 84 85 86 87 90 91 92 98 99 100 111 112 119 120 122 123 124 140 141 143 144 154 155 161 162 170 171 174 175 183 184 187 188 189 195 196 203 204 205 215 216 217 230 231 232 234 235 246 247 248 259 260 261 287 288 296 297 300 301 305 306 319 320
SOL 40 41 42 43 44 45 46 48 49 50 51 52 54 55 56 57 58 60 61 62 63 64 65 66 68 69 70 74 75 76 77 78 80 81 82 84 85 86 87 90 91 92 98 99 100 111 112 122 123 124 132 133 140 141 152 153 154 155 161 162 175 176 182 183 184 187 188 189 195 196 203 204 205 209 210 215 216 217 230 231 234 235 246 247 248 259 260 272 273 287 288 296 297 300 301 304 305 319 320
SOL 40 41 42 43 44 45 46 48 49 50 51 52 54 55 56 57 58 60 61 62 63 64 65 66 68 69 70 74 75 76 77 78 80 81 82 84 85 86 87 90 91 92 98 99 111 112 114 115 122 123 124 132 133 140 141 155 156 160 161 162 175 176 183 184 187 188 189 190 195 196 203 204 205 209 210 215 216 217 224 225 234 235 246 247 248 259 260 286 287 288 296 297 299 300 301 305 306 319 320
SOL 40 41 42 43 44 45 46 48 49 50 51 52 54 55 56 57 58 60 61 62 63 64 65 66 68 69 70 74 75 76 77 78 80 81 82 84 85 86 87 90 91 98 99 100 104 105 110 111 112 114 115 122 123 152 153 154 161 162 174 175 182 183 186 187 189 190 195 196 203 204 205 215 216 217 224 225 231 232 246 247 248 259 260 261 272 273 275 276 279 280 286 287 296 297 300 301 304 305 319 320
SOL 40 41 42 43 44 45 46 48 49 50 51 52 54 55 56 57 58 60 61 62 63 64 65 66 68 69 70 74 75 76 77 78 80 81 82 84 85 86 87 90 91 98 99 100 110 111 122 123 124 132 133 140 141 143 144 152 153 155 156 161 162 170 171 175 176 182 183 188 189 190 195 196 203 204 205 208 209 215 216 217 234 235 246 247 248 259 260 287 288 296 297 299 300 301 304 305 306 319 320
SOL 40 41 42 43 44 45 46 48 49 50 51 52 54 55 56 57 58 60 61 62 63 64 65 66 68 69 70 74 75 76 77 78 80 81 82 84 85 86 87 90 91 98 99 100 110 111 122 123 124 132 133 140 141 152 153 154 155 161 162 175 176 182 183 187 188 189 195 196 203 204 205 207 208 209 215 216 217 230 231 234 235 246 247 248 252 253 259 260 272 273 287 288 296 297 299 300 301 304 305 319 320
SOL 40 41 42 43 44 45 46 48 49 50 51 52 54 55 56 57 58 60 61 62 63 64 65 66 68 69 70 74 75 76 77 78 80 81 82 84 85 86 87 91 92 93 98 99 100 111 112 114 115 122 123 140 141 154 155 156 161 162 174 175 176 183 184 187 188 189 195 196 203 204 205 215 216 224 225 231 232 234 235 246 247 252 253 259 260 261 275 276 285 286 287 296 297 299 300 301 304 305 306 319 320
SOL 40 41 42 43 44 45 46 48 49 50 51 52 54 55 56 57 58 60 61 62 63 64 65 66 68 69 70 74 75 76 77 78 80 81 82 84 85 86 87 91 92 93 98 99 110 111 112 114 115 122 123 140 141 152 153 154 155 156 161 162 170 171 175 176 183 184 188 189 190 195 196 203 204 205 209 210 215 216 224 225 234 235 246 247 259 260 285 286 287 296 297 299 300 301 304 305 306 319 320
SOL 40 41 42 43 44 45 46 48 49 50 51 52 54 55 56 57 58 60 61 62 63 64 65 66 68 69 70 74 75 76 77 78 80 81 82 84 85 86 87 91 92 93 98 99 111 112 119 120 122 123 140 141 143 144 154 155 156 160 161 162 170 171 174 175 182 183 184 187 188 189 195 196 203 204 205 215 216 224 225 230 231 232 234 235 246 247 259 260 261 287 288 296 297 300 301 305 306 319 320
SOL 40 41 42 43 44 45 46 48 49 50 51 52 54 55 56 57 58 60 61 62 63 64 65 66 68 69 70 74 75 76 77 78 80 81 82 84 85 86 87 91 92 98 99 100 104 105 111 112 122 123 124 132 133 143 144 153 154 155 160 161 162 170 171 174 175 176 183 184 189 190 195 196 203 204 205 215 216 217 230 231 232 246 247 248 259 260 261 286 287 296 297 300 301 304 305 306 319 320
SOL 40 41 42 43 44 45 46 48 49 50 51 52 54 55 56 57 58 60 61 62 63 64 65 66 68 69 70 74 75 76 77 78 80 81 82 84 85 86 87 91 92 98 99 100 110 111 114 115 122 123 132 133 143 144 161 162 174 175 182 183 184 186 187 189 190 195 196 203 204 205 209 210 215 216 217 224 225 231 232 246 247 248 252 253 259 260 261 275 276 279 280 286 287 296 297 299 300 301 305 306 319 320
SOL 40 41 42 43 44 45 46 48 49 50 51 52 54 55 56 57 58 60 61 62 63 64 65 66 68 69 70 74 75 76 77 78 80 81 82 84 85 86 87 91 92 98 99 111 112 122 123 124 132 133 140 141 152 153 154 160 161 162 174 175 176 182 183 184 187 188 189 195 196 203 204 205 209 210 215 216 224 225 230 231 232 234 235 246 247 259 260 261 272 273 279 280 287 288 296 297 300 301 304 305 319 320
SOL 40 41 42 43 44 45 46 48 49 50 51 52 54 55 56 57 58 60 61 62 63 64 65 66 68 69 70 74 75 76 77 78 80 81 82 84 85 86 87 92 93 95 96 98 99 100 104 105 110 111 112 122 123 132 133 153 154 155 156 161 162 170 171 175 176 183 184 189 190 195 196 203 204 205 208 209 210 215 216 230 231 246 247 259 260 285 286 287 296 297 300 301 305 306 319 320
SOL 40 41 42 43 44 45 46 48 49 50 51 52 54 55 56 57 58 60 61 62 63 64 65 66 68 69 70 74 75 76 77 78 80 81 82 84 85 86 87 92 93 98 99 100 110 111 112 114 115 122 123 152 153 154 155 156 160 161 162 170 171 175 176 182 183 184 189 190 195 196 203 204 205 207 208 209 210 215 216 230 231 246 247 252 253 259 260 285 286 287 296 297 299 300 301 304 305 306 319 320
SOL 40 41 42 43 44 45 46 48 49 50 51 52 54 55 56 57 58 60 61 62 63 64 65 66 68 69 70 74 75 76 77 78 80 81 82 84 85 86 87 92 93 98 99 111 112 114 115 122 123 132 133 140 141 143 144 154 155 156 161 162 174 175 183 184 187 188 189 190 195 196 203 204 205 208 209 210 215 216 224 225 231 232 234 235 246 247 259 260 261 286 287 296 297 299 300 301 305 306 319 320
SOL 40 41 42 43 44 45 46 48 49 50 51 52 54 55 56 57 58 60 61 62 63 64 65 66 68 69 70 74 75 76 77 78 80 81 82 84 85 86 87 95 96 98 99 100 104 105 110 111 112 122 123 124 143 144 154 155 156 160 161 162 170 171 175 176 182 183 189 190 195 196 203 204 205 208 209 215 216 217 220 221 246 247 248 259 260 272 273 286 287 288 296 297 299 300 301 304 305 319 320
SOL 40 41 42 43 44 45 46 48 49 50 51 52 54 55 56 57 58 60 61 62 63 64 65 66 68 69 70 74 75 76 77 78 80 81 82 84 85 86 87 95 96 98 99 100 104 105 111 112 122 123 153 154 161 162 170 171 174 175 182 183 186 187 189 190 195 196 203 204 205 208 209 215 216 217 220 221 224 225 231 232 246 247 248 252 253 259 260 261 275 276 279 280 287 288 296 297 299 300 301 304 305 319 320
SOL 40 41 42 43 44 45 46 48 49 50 51 52 54 55 56 57 58 60 61 62 63 64 65 66 68 69 70 74 75 76 77 78 80 81 82 84 85 86 87 95 96 98 99 100 111 112 122 123 124 140 141 152 153 154 155 156 160 161 162 175 176 182 183 184 187 188 189 195 196 203 204 205 207 208 215 216 217 224 225 234 235 246 247 248 259 260 272 273 275 276 285 286 287 296 297 299 300 301 304 305 319 320
SOL 40 41 42 43 44 45 46 48 49 50 51 52 54 55 56 57 58 60 61 62 63 64 65 66 68 69 70 74 75 76 77 78 80 81 82 84 85 86 87 98 99 104 105 110 111 112 122 123 124 132 133 140 141 143 144 153 154 155 160 161 162 174 175 182 183 187 188 189 195 196 203 204 205 215 216 217 224 225 231 232 234 235 246 247 248 259 260 261 272 273 287 288 296 297 299 300 301 304 305 319 320
SOL 40 41 42 43 44 45 46 48 49 50 51 52 54 55 56 57 58 60 61 62 63 64 65 66 68 69 70 74 75 76 77 78 80 81 82 84 85 86 87 98 99 104 105 110 111 112 122 123 124 140 141 152 153 154 155 156 161 162 170 171 175 176 182 183 188 189 195 196 203 204 205 207 208 209 210 215 216 217 224 225 230 231 234 235 246 247 248 252 253 259 260 286 287 296 297 299 300 301 305 306 319 320
SOL 40 41 42 43 44 45 46 48 49 50 51 52 54 55 56 57 58 60 61 62 63 64 65 66 68 69 70 74 75 76 77 78 80 81 82 84 85 86 87 98 99 104 105 110 111 122 123 124 132 133 140 141 143 144 160 161 162 170 171 174 175 176 182 183 188 189 190 195 196 203 204 205 215 216 220 221 224 225 231 232 234 235 246 247 259 260 261 272 273 279 280 286 287 288 296 297 299 300 301 304 305 319 320
SOL 40 41 42 43 44 45 46 48 49 50 51 52 54 55 56 57 58 60 61 62 63 64 65 66 68 69 70 74 75 76 77 78 80 81 82 84 85 86 90 91 92 93 95 96 98 99 100 111 112 116 117 122 123 140 141 153 154 155 161 162 170 171 175 176 183 184 188 189 190 195 196 204 205 209 210 215 216 230 231 234 235 246 247 259 260 261 286 287 296 297 300 301 304 305 306 319 320
SOL 40 41 42 43 44 45 46 48 49 50 51 52 54 55 56 57 58 60 61 62 63 64 65 66 68 69 70 74 75 76 77 78 80 81 82 84 85 86 90 91 92 93 95 96 98 99 110 111 122 123 140 141 143 144 145 155 156 161 162 174 175 176 182 183 184 187 188 189 195 196 204 205 209 210 215 216 224 225 230 231 232 234 235 246 247 259 260 261 287 288 296 297 300 301 304 305 306 319 320
SOL 40 41 42 43 44 45 46 48 49 50 51 52 54 55 56 57 58 60 61 62 63 64 65 66 68 69 70 74 75 76 77 78 80 81 82 84 85 86 90 91 92 93 95 96 98 99 111 112 116 117 122 123 144 145 153 154 155 156 161 162 170 171 175 176 183 184 189 190 195 196 203 204 205 208 209 215 216 224 225 230 231 232 246 247 259 260 286 287 288 296 297 300 301 304 305 306 319 320
