SOL 42 43 44 45 46 47 48 49 50 51 52 54 55 56 57 58 60 61 62 63 64 65 66 68 69 70 74 75 76 77 78 80 81 82 84 85 86 87 88 90 91 92 93 95 96 98 99 100 111 112 114 115 122 123 153 154 155 156 161 162 170 171 174 175 182 183 184 189 190 195 196 203 204 215 216 224 225 231 232 234 235 252 253 259 260 261 275 276 287 288 296 297 299 300 301 305 306 319 320 329 330
SOL 42 43 44 45 46 47 48 49 50 51 52 54 55 56 57 58 60 61 62 63 64 65 66 68 69 70 74 75 76 77 78 80 81 82 84 85 86 87 88 90 91 92 93 98 99 110 111 112 114 115 122 123 152 153 154 155 156 160 161 162 174 175 176 183 184 189 190 195 196 203 204 207 208 215 216 220 221 224 225 231 232 234 235 259 260 261 272 273 286 287 288 296 297 299 300 301 305 306 319 320 322 323 329 330
SOL 42 43 44 45 46 47 48 49 50 51 52 54 55 56 57 58 60 61 62 63 64 65 66 68 69 70 74 75 76 77 78 80 81 82 84 85 86 87 88 90 91 92 95 96 98 99 100 110 111 112 122 123 124 143 144 155 156 161 162 170 171 174 175 183 184 189 190 195 196 203 204 208 209 215 216 217 220 221 230 231 232 234 235 247 248 259 260 261 272 273 286 287 296 297 300 301 304 305 319 320 329 330
SOL 42 43 44 45 46 47 48 49 50 51 52 54 55 56 57 58 60 61 62 63 64 65 66 68 69 70 74 75 76 77 78 80 81 82 84 85 86 87 88 90 91 92 95 96 98 99 100 111 112 114 115 119 120 122 123 124 160 161 162 174 175 176 182 183 189 190 195 196 203 204 208 209 215 216 231 232 234 235 252 253 259 260 261 279 280 285 286 287 288 296 297 299 300 301 304 305 306 319 320 322 323 329 330
SOL 42 43 44 45 46 47 48 49 50 51 52 54 55 56 57 58 60 61 62 63 64 65 66 68 69 70 74 75 76 77 78 80 81 82 84 85 86 87 88 90 91 92 95 96 98 99 100 111 112 114 115 122 123 124 152 153 161 162 170 171 174 175 176 182 183 184 189 190 195 196 203 204 207 208 209 215 216 230 231 232 234 235 252 253 259 260 261 279 280 286 287 296 297 299 300 301 305 306 319 320 329 330
SOL 42 43 44 45 46 47 48 49 50 51 52 54 55 56 57 58 60 61 62 63 64 65 66 68 69 70 74 75 76 77 78 80 81 82 84 85 86 87 88 90 91 92 98 99 100 104 105 111 112 119 120 122 123 132 133 160 161 162 175 176 183 184 186 187 189 190 195 196 203 204 207 208 215 216 217 220 221 230 231 234 235 247 248 259 260 272 273 279 280 285 286 287 296 297 300 301 305 306 319 320 322 323 329 330
SOL 42 43 44 45 46 47 48 49 50 51 52 54 55 56 57 58 60 61 62 63 64 65 66 68 69 70 74 75 76 77 78 80 81 82 84 85 86 87 88 90 91 92 98 99 104 105 110 111 112 114 115 122 123 132 133 160 161 162 174 175 182 183 184 186 187 189 190 195 196 203 204 208 209 210 215 216 217 224 225 231 232 234 235 247 248 259 260 261 279 280 287 288 296 297 299 300 301 305 306 319 320 329 330
SOL 42 43 44 45 46 47 48 49 50 51 52 54 55 56 57 58 60 61 62 63 64 65 66 68 69 70 74 75 76 77 78 80 81 82 84 85 86 87 88 90 91 95 96 98 99 100 110 111 112 122 123 132 133 153 154 160 161 162 170 171 175 176 182 183 186 187 189 190 195 196 203 204 208 209 215 216 217 220 221 234 235 247 248 259 260 272 273 279 280 285 286 287 288 296 297 299 300 301 305 306 319 320 329 330
SOL 42 43 44 45 46 47 48 49 50 51 52 54 55 56 57 58 60 61 62 63 64 65 66 68 69 70 74 75 76 77 78 80 81 82 84 85 86 87 88 90 91 95 96 98 99 100 111 112 122 123 152 153 161 162 170 171 174 175 176 182 183 186 187 189 190 195 196 203 204 207 208 215 216 217 220 221 230 231 232 234 235 247 248 252 253 259 260 261 272 273 279 280 285 286 287 296 297 299 300 301 304 305 306 319 320 329 330
SOL 42 43 44 45 46 47 48 49 50 51 52 54 55 56 57 58 60 61 62 63 64 65 66 68 69 70 74 75 76 77 78 80 81 82 84 85 86 87 88 90 91 98 99 100 104 105 110 111 112 114 115 122 123 132 133 143 144 161 162 175 176 182 183 186 187 189 190 195 196 203 204 209 210 215 216 217 224 225 230 231 234 235 247 248 259 260 275 276 279 280 286 287 296 297 299 300 301 305 306 319 320 329 330
SOL 42 43 44 45 46 47 48 49 50 51 52 54 55 56 57 58 60 61 62 63 64 65 66 68 69 70 74 75 76 77 78 80 81 82 84 85 86 87 88 90 91 98 99 100 104 105 110 111 114 115 122 123 152 153 161 162 170 171 174 175 182 183 186 187 189 190 195 196 203 204 209 210 215 216 217 220 221 224 225 231 232 234 235 247 248 259 260 261 275 276 279 280 285 286 287 296 297 300 301 304 305 319 320 329 330
SOL 42 43 44 45 46 47 48 49 50 51 52 54 55 56 57 58 60 61 62 63 64 65 66 68 69 70 74 75 76 77 78 80 81 82 84 85 86 87 88 90 91 98 99 100 104 105 110 111 122 123 132 133 152 153 161 162 170 171 175 176 182 183 184 186 187 189 190 195 196 203 204 207 208 209 210 215 216 217 220 221 224 225 234 235 247 248 259 260 275 276 279 280 286 287 296 297 299 300 301 304 305 319 320 329 330
SOL 42 43 44 45 46 47 48 49 50 51 52 54 55 56 57 58 60 61 62 63 64 65 66 68 69 70 74 75 76 77 78 80 81 82 84 85 86 87 88 90 91 98 99 100 110 111 122 123 124 132 133 143 144 152 153 154 155 156 160 161 162 170 171 175 176 182 183 184 189 190 195 196 203 204 207 208 209 215 216 217 224 225 234 235 247 248 259 260 275 276 287 288 296 297 299 300 301 304 305 306 319 320 329 330
SOL 42 43 44 45 46 47 48 49 50 51 52 54 55 56 57 58 60 61 62 63 64 65 66 68 69 70 74 75 76 77 78 80 81 82 84 85 86 87 88 91 92 93 95 96 98 99 100 104 105 111 112 119 120 122 123 132 133 155 156 160 161 162 175 176 182 183 184 189 190 195 196 203 204 207 208 209 215 216 230 231 234 235 259 260 286 287 288 296 297 300 301 304 305 306 319 320 322 323 329 330
SOL 42 43 44 45 46 47 48 49 50 51 52 54 55 56 57 58 60 61 62 63 64 65 66 68 69 70 74 75 76 77 78 80 81 82 84 85 86 87 88 91 92 93 98 99 100 110 111 112 114 115 122 123 132 133 152 153 154 155 156 160 161 162 174 175 182 183 189 190 195 196 203 204 209 210 215 216 220 221 231 232 234 235 252 253 259 260 261 285 286 287 296 297 299 300 301 304 305 319 320 322 323 329 330
SOL 42 43 44 45 46 47 48 49 50 51 52 54 55 56 57 58 60 61 62 63 64 65 66 68 69 70 74 75 76 77 78 80 81 82 84 85 86 87 88 91 92 93 98 99 100 110 111 112 122 123 143 144 152 153 155 156 160 161 162 170 171 174 175 183 184 189 190 195 196 203 204 208 209 210 215 216 224 225 230 231 232 234 235 252 253 259 260 261 275 276 285 286 287 288 296 297 300 301 304 305 306 319 320 329 330
SOL 42 43 44 45 46 47 48 49 50 51 52 54 55 56 57 58 60 61 62 63 64 65 66 68 69 70 74 75 76 77 78 80 81 82 84 85 86 87 88 91 92 95 96 98 99 100 104 105 111 112 119 120 122 123 124 132 133 160 161 162 174 175 176 183 184 189 190 195 196 203 204 207 208 209 215 216 230 231 232 234 235 259 260 261 279 280 286 287 288 296 297 300 301 304 305 306 319 320 322 323 329 330
SOL 42 43 44 45 46 47 48 49 50 51 52 54 55 56 57 58 60 61 62 63 64 65 66 68 69 70 74 75 76 77 78 80 81 82 84 85 86 87 88 91 92 95 96 98 99 100 110 111 112 119 120 122 123 124 143 144 154 155 161 162 174 175 182 183 189 190 195 196 203 204 208 209 210 215 216 217 230 231 232 234 235 247 248 252 253 259 260 261 285 286 287 296 297 300 301 305 306 319 320 322 323 329 330
SOL 42 43 44 45 46 47 48 49 50 51 52 54 55 56 57 58 60 61 62 63 64 65 66 68 69 70 74 75 76 77 78 80 81 82 84 85 86 87 88 91 92 95 96 98 99 104 105 111 112 114 115 122 123 124 152 153 160 161 162 170 171 174 175 176 183 184 189 190 195 196 203 204 207 208 209 215 216 224 225 231 232 234 235 252 253 259 260 261 279 280 286 287 296 297 300 301 305 306 319 320 329 330
SOL 42 43 44 45 46 47 48 49 50 51 52 54 55 56 57 58 60 61 62 63 64 65 66 68 69 70 74 75 76 77 78 80 81 82 84 85 86 87 88 91 92 98 99 100 104 105 110 111 112 122 123 124 152 153 154 155 160 161 162 175 176 182 183 184 189 190 195 196 203 204 208 209 215 216 217 220 221 224 225 230 231 234 235 247 248 259 260 275 276 286 287 288 296 297 299 300 301 304 305 319 320 322 323 329 330
SOL 42 43 44 45 46 47 48 49 50 51 52 54 55 56 57 58 60 61 62 63 64 65 66 68 69 70 74 75 76 77 78 80 81 82 84 85 86 87 88 91 92 98 99 100 104 105 110 111 122 123 124 152 153 154 155 161 162 174 175 176 182 183 184 189 190 195 196 203 204 208 209 210 215 216 217 220 221 224 225 230 231 232 234 235 247 248 259 260 261 275 276 286 287 296 297 299 300 301 304 305 319 320 322 323 329 330
SOL 42 43 44 45 46 47 48 49 50 51 52 54 55 56 57 58 60 61 62 63 64 65 66 68 69 70 74 75 76 77 78 80 81 82 84 85 86 87 88 91 92 98 99 100 104 105 111 112 119 120 122 123 132 133 161 162 174 175 176 183 184 186 187 189 190 195 196 203 204 207 208 215 216 217 220 221 230 231 232 234 235 247 248 259 260 261 272 273 279 280 285 286 287 288 296 297 300 301 305 306 319 320 322 323 329 330
SOL 42 43 44 45 46 47 48 49 50 51 52 54 55 56 57 58 60 61 62 63 64 65 66 68 69 70 74 75 76 77 78 80 81 82 84 85 86 87 88 91 92 98 99 110 111 112 114 115 122 123 143 144 152 153 161 162 170 171 174 175 176 183 184 186 187 189 190 195 196 203 204 208 209 210 215 216 217 220 221 224 225 231 232 234 235 247 248 259 260 261 279 280 285 286 287 296 297 299 300 301 304 305 319 320 329 330
SOL 42 43 44 45 46 47 48 49 50 51 52 54 55 56 57 58 60 61 62 63 64 65 66 68 69 70 74 75 76 77 78 80 81 82 84 85 86 87 88 91 92 98 99 110 111 119 120 122 123 124 132 133 143 144 152 153 154 160 161 162 170 171 175 176 183 184 189 190 195 196 203 204 207 208 209 215 216 220 221 224 225 230 231 234 235 259 260 272 273 279 280 287 288 296 297 300 301 305 306 319 320 322 323 329 330
SOL 42 43 44 45 46 47 48 49 50 51 52 54 55 56 57 58 60 61 62 63 64 65 66 68 69 70 74 75 76 77 78 80 81 82 84 85 86 87 88 92 93 95 96 98 99 100 111 112 114 115 122 123 132 133 154 155 160 161 162 170 171 174 175 182 183 184 189 190 195 196 203 204 208 209 210 215 216 220 221 231 232 234 235 259 260 261 272 273 285 286 287 288 296 297 299 300 301 304 305 319 320 329 330
SOL 42 43 44 45 46 47 48 49 50 51 52 54 55 56 57 58 60 61 62 63 64 65 66 68 69 70 74 75 76 77 78 80 81 82 84 85 86 87 88 92 93 95 96 98 99 100 111 112 119 120 122 123 132 133 143 144 154 155 156 161 162 175 176 182 183 184 189 190 195 196 203 204 208 209 210 215 216 224 225 230 231 234 235 259 260 275 276 287 288 296 297 299 300 301 304 305 306 319 320 322 323 329 330
SOL 42 43 44 45 46 47 48 49 50 51 52 54 55 56 57 58 60 61 62 63 64 65 66 68 69 70 74 75 76 77 78 80 81 82 84 85 86 87 88 92 93 98 99 100 110 111 112 114 115 119 120 122 123 153 154 155 160 161 162 170 171 174 175 176 182 183 184 189 190 195 196 203 204 207 208 215 216 220 221 231 232 234 235 259 260 261 272 273 285 286 287 296 297 299 300 301 305 306 319 320 322 323 329 330
SOL 42 43 44 45 46 47 48 49 50 51 52 54 55 56 57 58 60 61 62 63 64 65 66 68 69 70 74 75 76 77 78 80 81 82 84 85 86 87 88 92 93 98 99 104 105 110 111 114 115 122 123 132 133 152 153 154 155 160 161 162 174 175 182 183 189 190 195 196 203 204 208 209 210 215 216 220 221 224 225 231 232 234 235 252 253 259 260 261 285 286 287 288 296 297 299 300 301 304 305 319 320 322 323 329 330
SOL 42 43 44 45 46 47 48 49 50 51 52 54 55 56 57 58 60 61 62 63 64 65 66 68 69 70 74 75 76 77 78 80 81 82 84 85 86 87 88 95 96 98 99 100 110 111 112 114 115 122 123 124 143 144 152 153 161 162 170 171 174 175 182 183 189 190 195 196 203 204 207 208 209 210 215 216 224 225 230 231 232 234 235 252 253 259 260 261 275 276 279 280 286 287 288 296 297 300 301 305 306 319 320 329 330
SOL 42 43 44 45 46 47 48 49 50 51 52 54 55 56 57 58 60 61 62 63 64 65 66 68 69 70 74 75 76 77 78 80 81 82 84 85 86 87 88 95 96 98 99 100 110 111 112 114 115 122 123 124 153 154 161 162 174 175 176 182 183 189 190 195 196 203 204 207 208 209 215 216 220 221 224 225 230 231 232 234 235 259 260 261 272 273 275 276 279 280 285 286 287 288 296 297 299 300 301 304 305 306 319 320 322 323 329 330
